COMMENT : The search result by Hill-Climbing for Blaum_Roth Wed Jan 24 15:31:59 2018

tech : Blaum_Roth
algorithm : Hill-Climbing
k : 5
m : 2
w : 6
failed_disk_id : 0
conventional_symbol_number    optimized_symbol_number    reduced_symbol_number    time
30,                            22,                       8,                       0
30,                            22,                       8,                       0
30,                            22,                       8,                       0
30,                            22,                       8,                       0
30,                            22,                       8,                       0
30,                            22,                       8,                       0
30,                            22,                       8,                       0
30,                            22,                       8,                       0
30,                            22,                       8,                       0
30,                            22,                       8,                       0
30,                            22,                       8,                       0
30,                            22,                       8,                       0
30,                            22,                       8,                       0
30,                            22,                       8,                       0
30,                            22,                       8,                       0
30,                            22,                       8,                       0
30,                            22,                       8,                       0
30,                            22,                       8,                       0
30,                            22,                       8,                       0
30,                            22,                       8,                       0
30,                            22,                       8,                       0
30,                            22,                       8,                       0
30,                            22,                       8,                       0
30,                            22,                       8,                       0
30,                            22,                       8,                       0
30,                            22,                       8,                       0
30,                            22,                       8,                       0
30,                            22,                       8,                       0
30,                            22,                       8,                       0
30,                            22,                       8,                       0
30,                            22,                       8,                       0
30,                            22,                       8,                       0
30,                            22,                       8,                       0
30,                            22,                       8,                       0
30,                            22,                       8,                       0
30,                            22,                       8,                       0
30,                            22,                       8,                       0
30,                            22,                       8,                       0
30,                            22,                       8,                       0
30,                            22,                       8,                       0
30,                            22,                       8,                       0
30,                            22,                       8,                       0
30,                            22,                       8,                       0
30,                            22,                       8,                       0
30,                            22,                       8,                       0
30,                            22,                       8,                       0
30,                            22,                       8,                       0
30,                            22,                       8,                       0
30,                            22,                       8,                       0
30,                            22,                       8,                       0
30,                            22,                       8,                       0
30,                            22,                       8,                       0
30,                            22,                       8,                       0
30,                            22,                       8,                       0
30,                            22,                       8,                       0
30,                            22,                       8,                       0
30,                            22,                       8,                       0
30,                            22,                       8,                       0
30,                            22,                       8,                       0
30,                            22,                       8,                       0
30,                            22,                       8,                       0
30,                            22,                       8,                       0
30,                            22,                       8,                       0
30,                            22,                       8,                       0
30,                            22,                       8,                       0
30,                            22,                       8,                       0
30,                            22,                       8,                       0
30,                            22,                       8,                       0
30,                            22,                       8,                       0
30,                            22,                       8,                       0
30,                            22,                       8,                       0
30,                            22,                       8,                       0
30,                            22,                       8,                       0
30,                            22,                       8,                       0
30,                            22,                       8,                       0
30,                            22,                       8,                       0
30,                            22,                       8,                       0
30,                            22,                       8,                       0
30,                            22,                       8,                       0
30,                            22,                       8,                       0
30,                            22,                       8,                       0
30,                            22,                       8,                       0
30,                            22,                       8,                       0
30,                            22,                       8,                       0
30,                            22,                       8,                       0
30,                            22,                       8,                       0
30,                            22,                       8,                       0
30,                            22,                       8,                       0
30,                            22,                       8,                       0
30,                            22,                       8,                       0
30,                            22,                       8,                       0
30,                            22,                       8,                       0
30,                            22,                       8,                       0
30,                            22,                       8,                       0
30,                            22,                       8,                       0
30,                            22,                       8,                       0
30,                            22,                       8,                       0
30,                            22,                       8,                       0
30,                            22,                       8,                       0
30,                            22,                       8,                       0
