COMMENT : The search result by Hill-Climbing for Blaum_Roth Wed Jan 24 15:56:10 2018

tech : Blaum_Roth
algorithm : Hill-Climbing
k : 7
m : 2
w : 12
failed_disk_id : 0
conventional_symbol_number    optimized_symbol_number    reduced_symbol_number    time
84,                            63,                       21,                       2.3
84,                            63,                       21,                       2.3
84,                            63,                       21,                       2.32
84,                            63,                       21,                       2.3
84,                            63,                       21,                       2.3
84,                            63,                       21,                       2.3
84,                            63,                       21,                       2.31
84,                            63,                       21,                       2.31
84,                            63,                       21,                       2.31
84,                            63,                       21,                       2.32
84,                            63,                       21,                       2.3
84,                            63,                       21,                       2.31
84,                            63,                       21,                       2.31
84,                            63,                       21,                       2.31
84,                            63,                       21,                       2.3
84,                            63,                       21,                       2.3
84,                            63,                       21,                       2.3
84,                            63,                       21,                       2.3
84,                            63,                       21,                       2.3
84,                            63,                       21,                       2.31
84,                            63,                       21,                       2.3
84,                            63,                       21,                       2.31
84,                            63,                       21,                       2.3
84,                            63,                       21,                       2.3
84,                            63,                       21,                       2.31
84,                            63,                       21,                       2.3
84,                            63,                       21,                       2.31
84,                            63,                       21,                       2.31
84,                            63,                       21,                       2.31
84,                            63,                       21,                       2.31
84,                            63,                       21,                       2.31
84,                            63,                       21,                       2.31
84,                            63,                       21,                       2.31
84,                            63,                       21,                       2.3
84,                            63,                       21,                       2.31
84,                            63,                       21,                       2.31
84,                            63,                       21,                       2.3
84,                            63,                       21,                       2.3
84,                            63,                       21,                       2.3
84,                            63,                       21,                       2.32
84,                            63,                       21,                       2.31
84,                            63,                       21,                       2.31
84,                            63,                       21,                       2.3
84,                            63,                       21,                       2.31
84,                            63,                       21,                       2.31
84,                            63,                       21,                       2.32
84,                            63,                       21,                       2.31
84,                            63,                       21,                       2.3
84,                            63,                       21,                       2.31
84,                            63,                       21,                       2.31
84,                            63,                       21,                       2.31
84,                            63,                       21,                       2.31
84,                            63,                       21,                       2.31
84,                            63,                       21,                       2.31
84,                            63,                       21,                       2.31
84,                            63,                       21,                       2.32
84,                            63,                       21,                       2.3
84,                            63,                       21,                       2.3
84,                            63,                       21,                       2.3
84,                            63,                       21,                       2.31
84,                            63,                       21,                       2.31
84,                            63,                       21,                       2.31
84,                            63,                       21,                       2.3
84,                            63,                       21,                       2.3
84,                            63,                       21,                       2.3
84,                            63,                       21,                       2.3
84,                            63,                       21,                       2.32
84,                            63,                       21,                       2.3
84,                            63,                       21,                       2.3
84,                            63,                       21,                       2.31
84,                            63,                       21,                       2.3
84,                            63,                       21,                       2.3
84,                            63,                       21,                       2.3
84,                            63,                       21,                       2.3
84,                            63,                       21,                       2.31
84,                            63,                       21,                       2.31
84,                            63,                       21,                       2.31
84,                            63,                       21,                       2.31
84,                            63,                       21,                       2.31
84,                            63,                       21,                       2.3
84,                            63,                       21,                       2.3
84,                            63,                       21,                       2.3
84,                            63,                       21,                       2.3
84,                            63,                       21,                       2.31
84,                            63,                       21,                       2.31
84,                            63,                       21,                       2.3
84,                            63,                       21,                       2.31
84,                            63,                       21,                       2.3
84,                            63,                       21,                       2.3
84,                            63,                       21,                       2.3
84,                            63,                       21,                       2.3
84,                            63,                       21,                       2.3
84,                            63,                       21,                       2.3
84,                            63,                       21,                       2.3
84,                            63,                       21,                       2.3
84,                            63,                       21,                       2.31
84,                            63,                       21,                       2.31
84,                            63,                       21,                       2.31
84,                            63,                       21,                       2.31
84,                            63,                       21,                       2.3
