COMMENT : The search result by Hill-Climbing for Blaum_Roth Wed Jan 24 15:35:54 2018

tech : Blaum_Roth
algorithm : Hill-Climbing
k : 9
m : 2
w : 10
failed_disk_id : 0
conventional_symbol_number    optimized_symbol_number    reduced_symbol_number    time
90,                            65,                       25,                       0.32
90,                            65,                       25,                       0.31
90,                            65,                       25,                       0.31
90,                            65,                       25,                       0.33
90,                            65,                       25,                       0.31
90,                            65,                       25,                       0.31
90,                            65,                       25,                       0.32
90,                            65,                       25,                       0.32
90,                            65,                       25,                       0.31
90,                            65,                       25,                       0.31
90,                            65,                       25,                       0.31
90,                            65,                       25,                       0.31
90,                            65,                       25,                       0.32
90,                            65,                       25,                       0.32
90,                            65,                       25,                       0.31
90,                            65,                       25,                       0.32
90,                            65,                       25,                       0.32
90,                            65,                       25,                       0.31
90,                            65,                       25,                       0.31
90,                            65,                       25,                       0.31
90,                            65,                       25,                       0.31
90,                            65,                       25,                       0.31
90,                            65,                       25,                       0.31
90,                            65,                       25,                       0.32
90,                            65,                       25,                       0.33
90,                            65,                       25,                       0.31
90,                            65,                       25,                       0.31
90,                            65,                       25,                       0.31
90,                            65,                       25,                       0.31
90,                            65,                       25,                       0.31
90,                            65,                       25,                       0.31
90,                            65,                       25,                       0.31
90,                            65,                       25,                       0.31
90,                            65,                       25,                       0.31
90,                            65,                       25,                       0.31
90,                            65,                       25,                       0.31
90,                            65,                       25,                       0.31
90,                            65,                       25,                       0.32
90,                            65,                       25,                       0.32
90,                            65,                       25,                       0.31
90,                            65,                       25,                       0.32
90,                            65,                       25,                       0.31
90,                            65,                       25,                       0.31
90,                            65,                       25,                       0.31
90,                            65,                       25,                       0.31
90,                            65,                       25,                       0.31
90,                            65,                       25,                       0.32
90,                            65,                       25,                       0.32
90,                            65,                       25,                       0.31
90,                            65,                       25,                       0.31
90,                            65,                       25,                       0.32
90,                            65,                       25,                       0.32
90,                            65,                       25,                       0.31
90,                            65,                       25,                       0.32
90,                            65,                       25,                       0.31
90,                            65,                       25,                       0.31
90,                            65,                       25,                       0.32
90,                            65,                       25,                       0.32
90,                            65,                       25,                       0.31
90,                            65,                       25,                       0.31
90,                            65,                       25,                       0.31
90,                            65,                       25,                       0.32
90,                            65,                       25,                       0.32
90,                            65,                       25,                       0.31
90,                            65,                       25,                       0.31
90,                            65,                       25,                       0.32
90,                            65,                       25,                       0.32
90,                            65,                       25,                       0.33
90,                            65,                       25,                       0.32
90,                            65,                       25,                       0.32
90,                            65,                       25,                       0.33
90,                            65,                       25,                       0.31
90,                            65,                       25,                       0.31
90,                            65,                       25,                       0.31
90,                            65,                       25,                       0.31
90,                            65,                       25,                       0.31
90,                            65,                       25,                       0.31
90,                            65,                       25,                       0.31
90,                            65,                       25,                       0.31
90,                            65,                       25,                       0.31
90,                            65,                       25,                       0.31
90,                            65,                       25,                       0.31
90,                            65,                       25,                       0.31
90,                            65,                       25,                       0.31
90,                            65,                       25,                       0.31
90,                            65,                       25,                       0.31
90,                            65,                       25,                       0.32
90,                            65,                       25,                       0.32
90,                            65,                       25,                       0.31
90,                            65,                       25,                       0.31
90,                            65,                       25,                       0.31
90,                            65,                       25,                       0.32
90,                            65,                       25,                       0.31
90,                            65,                       25,                       0.31
90,                            65,                       25,                       0.32
90,                            65,                       25,                       0.31
90,                            65,                       25,                       0.31
90,                            65,                       25,                       0.31
90,                            65,                       25,                       0.31
90,                            65,                       25,                       0.31
