COMMENT : The search result by Hill-Climbing for Blaum_Roth Wed Jan 24 15:40:19 2018

tech : Blaum_Roth
algorithm : Hill-Climbing
k : 3
m : 2
w : 12
failed_disk_id : 0
conventional_symbol_number    optimized_symbol_number    reduced_symbol_number    time
36,                            27,                       9,                       2.53
36,                            27,                       9,                       2.52
36,                            27,                       9,                       2.52
36,                            27,                       9,                       2.52
36,                            27,                       9,                       2.53
36,                            27,                       9,                       2.53
36,                            27,                       9,                       2.53
36,                            27,                       9,                       2.53
36,                            27,                       9,                       2.52
36,                            27,                       9,                       2.53
36,                            27,                       9,                       2.52
36,                            27,                       9,                       2.53
36,                            27,                       9,                       2.53
36,                            27,                       9,                       2.52
36,                            27,                       9,                       2.53
36,                            27,                       9,                       2.53
36,                            27,                       9,                       2.52
36,                            27,                       9,                       2.52
36,                            27,                       9,                       2.52
36,                            27,                       9,                       2.52
36,                            27,                       9,                       2.52
36,                            27,                       9,                       2.53
36,                            27,                       9,                       2.53
36,                            27,                       9,                       2.53
36,                            27,                       9,                       2.52
36,                            27,                       9,                       2.52
36,                            27,                       9,                       2.52
36,                            27,                       9,                       2.52
36,                            27,                       9,                       2.53
36,                            27,                       9,                       2.53
36,                            27,                       9,                       2.52
36,                            27,                       9,                       2.52
36,                            27,                       9,                       2.52
36,                            27,                       9,                       2.53
36,                            27,                       9,                       2.53
36,                            27,                       9,                       2.52
36,                            27,                       9,                       2.53
36,                            27,                       9,                       2.53
36,                            27,                       9,                       2.52
36,                            27,                       9,                       2.53
36,                            27,                       9,                       2.53
36,                            27,                       9,                       2.52
36,                            27,                       9,                       2.53
36,                            27,                       9,                       2.53
36,                            27,                       9,                       2.53
36,                            27,                       9,                       2.52
36,                            27,                       9,                       2.52
36,                            27,                       9,                       2.53
36,                            27,                       9,                       2.53
36,                            27,                       9,                       2.53
36,                            27,                       9,                       2.52
36,                            27,                       9,                       2.52
36,                            27,                       9,                       2.53
36,                            27,                       9,                       2.53
36,                            27,                       9,                       2.52
36,                            27,                       9,                       2.52
36,                            27,                       9,                       2.52
36,                            27,                       9,                       2.52
36,                            27,                       9,                       2.52
36,                            27,                       9,                       2.52
36,                            27,                       9,                       2.53
36,                            27,                       9,                       2.53
36,                            27,                       9,                       2.52
36,                            27,                       9,                       2.53
36,                            27,                       9,                       2.53
36,                            27,                       9,                       2.52
36,                            27,                       9,                       2.52
36,                            27,                       9,                       2.52
36,                            27,                       9,                       2.53
36,                            27,                       9,                       2.52
36,                            27,                       9,                       2.52
36,                            27,                       9,                       2.52
36,                            27,                       9,                       2.52
36,                            27,                       9,                       2.53
36,                            27,                       9,                       2.53
36,                            27,                       9,                       2.53
36,                            27,                       9,                       2.52
36,                            27,                       9,                       2.52
36,                            27,                       9,                       2.53
36,                            27,                       9,                       2.53
36,                            27,                       9,                       2.53
36,                            27,                       9,                       2.53
36,                            27,                       9,                       2.52
36,                            27,                       9,                       2.52
36,                            27,                       9,                       2.52
36,                            27,                       9,                       2.53
36,                            27,                       9,                       2.53
36,                            27,                       9,                       2.52
36,                            27,                       9,                       2.52
36,                            27,                       9,                       2.52
36,                            27,                       9,                       2.52
36,                            27,                       9,                       2.52
36,                            27,                       9,                       2.52
36,                            27,                       9,                       2.53
36,                            27,                       9,                       2.52
36,                            27,                       9,                       2.52
36,                            27,                       9,                       2.53
36,                            27,                       9,                       2.53
36,                            27,                       9,                       2.52
36,                            27,                       9,                       2.52
