COMMENT : The search result by Hill-Climbing for Blaum_Roth Wed Jan 24 15:31:59 2018

tech : Blaum_Roth
algorithm : Hill-Climbing
k : 4
m : 2
w : 6
failed_disk_id : 0
conventional_symbol_number    optimized_symbol_number    reduced_symbol_number    time
24,                            18,                       6,                       0
24,                            18,                       6,                       0
24,                            18,                       6,                       0
24,                            18,                       6,                       0
24,                            18,                       6,                       0
24,                            18,                       6,                       0
24,                            18,                       6,                       0
24,                            18,                       6,                       0
24,                            18,                       6,                       0
24,                            18,                       6,                       0
24,                            18,                       6,                       0
24,                            18,                       6,                       0
24,                            18,                       6,                       0
24,                            18,                       6,                       0
24,                            18,                       6,                       0
24,                            18,                       6,                       0
24,                            18,                       6,                       0
24,                            18,                       6,                       0
24,                            18,                       6,                       0
24,                            18,                       6,                       0
24,                            18,                       6,                       0
24,                            18,                       6,                       0
24,                            18,                       6,                       0
24,                            18,                       6,                       0
24,                            18,                       6,                       0
24,                            18,                       6,                       0
24,                            18,                       6,                       0
24,                            18,                       6,                       0
24,                            18,                       6,                       0
24,                            18,                       6,                       0
24,                            18,                       6,                       0
24,                            18,                       6,                       0
24,                            18,                       6,                       0
24,                            18,                       6,                       0
24,                            18,                       6,                       0
24,                            18,                       6,                       0
24,                            18,                       6,                       0
24,                            18,                       6,                       0
24,                            18,                       6,                       0
24,                            18,                       6,                       0
24,                            18,                       6,                       0
24,                            18,                       6,                       0
24,                            18,                       6,                       0
24,                            18,                       6,                       0
24,                            18,                       6,                       0
24,                            18,                       6,                       0
24,                            18,                       6,                       0
24,                            18,                       6,                       0
24,                            18,                       6,                       0
24,                            18,                       6,                       0
24,                            18,                       6,                       0
24,                            18,                       6,                       0
24,                            18,                       6,                       0
24,                            18,                       6,                       0
24,                            18,                       6,                       0
24,                            18,                       6,                       0
24,                            18,                       6,                       0
24,                            18,                       6,                       0
24,                            18,                       6,                       0
24,                            18,                       6,                       0
24,                            18,                       6,                       0
24,                            18,                       6,                       0
24,                            18,                       6,                       0
24,                            18,                       6,                       0
24,                            18,                       6,                       0
24,                            18,                       6,                       0
24,                            18,                       6,                       0
24,                            18,                       6,                       0
24,                            18,                       6,                       0
24,                            18,                       6,                       0
24,                            18,                       6,                       0
24,                            18,                       6,                       0
24,                            18,                       6,                       0
24,                            18,                       6,                       0
24,                            18,                       6,                       0
24,                            18,                       6,                       0
24,                            18,                       6,                       0
24,                            18,                       6,                       0
24,                            18,                       6,                       0
24,                            18,                       6,                       0
24,                            18,                       6,                       0
24,                            18,                       6,                       0
24,                            18,                       6,                       0
24,                            18,                       6,                       0
24,                            18,                       6,                       0
24,                            18,                       6,                       0
24,                            18,                       6,                       0
24,                            18,                       6,                       0
24,                            18,                       6,                       0
24,                            18,                       6,                       0
24,                            18,                       6,                       0
24,                            18,                       6,                       0
24,                            18,                       6,                       0
24,                            18,                       6,                       0
24,                            18,                       6,                       0
24,                            18,                       6,                       0
24,                            18,                       6,                       0
24,                            18,                       6,                       0
24,                            18,                       6,                       0
24,                            18,                       6,                       0
