COMMENT : The search result by Hill-Climbing for Blaum_Roth Wed Jan 24 15:35:22 2018

tech : Blaum_Roth
algorithm : Hill-Climbing
k : 8
m : 2
w : 10
failed_disk_id : 0
conventional_symbol_number    optimized_symbol_number    reduced_symbol_number    time
80,                            58,                       22,                       0.32
80,                            58,                       22,                       0.32
80,                            58,                       22,                       0.31
80,                            58,                       22,                       0.31
80,                            58,                       22,                       0.32
80,                            58,                       22,                       0.32
80,                            58,                       22,                       0.31
80,                            58,                       22,                       0.31
80,                            58,                       22,                       0.31
80,                            58,                       22,                       0.31
80,                            58,                       22,                       0.31
80,                            58,                       22,                       0.31
80,                            58,                       22,                       0.31
80,                            58,                       22,                       0.31
80,                            58,                       22,                       0.31
80,                            58,                       22,                       0.31
80,                            58,                       22,                       0.32
80,                            58,                       22,                       0.32
80,                            58,                       22,                       0.31
80,                            58,                       22,                       0.31
80,                            58,                       22,                       0.31
80,                            58,                       22,                       0.32
80,                            58,                       22,                       0.31
80,                            58,                       22,                       0.31
80,                            58,                       22,                       0.31
80,                            58,                       22,                       0.31
80,                            58,                       22,                       0.31
80,                            58,                       22,                       0.31
80,                            58,                       22,                       0.31
80,                            58,                       22,                       0.31
80,                            58,                       22,                       0.32
80,                            58,                       22,                       0.31
80,                            58,                       22,                       0.31
80,                            58,                       22,                       0.31
80,                            58,                       22,                       0.32
80,                            58,                       22,                       0.32
80,                            58,                       22,                       0.31
80,                            58,                       22,                       0.31
80,                            58,                       22,                       0.31
80,                            58,                       22,                       0.31
80,                            58,                       22,                       0.31
80,                            58,                       22,                       0.31
80,                            58,                       22,                       0.31
80,                            58,                       22,                       0.31
80,                            58,                       22,                       0.32
80,                            58,                       22,                       0.31
80,                            58,                       22,                       0.32
80,                            58,                       22,                       0.31
80,                            58,                       22,                       0.31
80,                            58,                       22,                       0.31
80,                            58,                       22,                       0.32
80,                            58,                       22,                       0.32
80,                            58,                       22,                       0.31
80,                            58,                       22,                       0.32
80,                            58,                       22,                       0.32
80,                            58,                       22,                       0.31
80,                            58,                       22,                       0.31
80,                            58,                       22,                       0.31
80,                            58,                       22,                       0.31
80,                            58,                       22,                       0.31
80,                            58,                       22,                       0.32
80,                            58,                       22,                       0.32
80,                            58,                       22,                       0.31
80,                            58,                       22,                       0.31
80,                            58,                       22,                       0.31
80,                            58,                       22,                       0.32
80,                            58,                       22,                       0.32
80,                            58,                       22,                       0.32
80,                            58,                       22,                       0.31
80,                            58,                       22,                       0.32
80,                            58,                       22,                       0.32
80,                            58,                       22,                       0.32
80,                            58,                       22,                       0.32
80,                            58,                       22,                       0.31
80,                            58,                       22,                       0.31
80,                            58,                       22,                       0.31
80,                            58,                       22,                       0.31
80,                            58,                       22,                       0.31
80,                            58,                       22,                       0.31
80,                            58,                       22,                       0.31
80,                            58,                       22,                       0.31
80,                            58,                       22,                       0.31
80,                            58,                       22,                       0.32
80,                            58,                       22,                       0.32
80,                            58,                       22,                       0.32
80,                            58,                       22,                       0.32
80,                            58,                       22,                       0.31
80,                            58,                       22,                       0.31
80,                            58,                       22,                       0.32
80,                            58,                       22,                       0.32
80,                            58,                       22,                       0.31
80,                            58,                       22,                       0.31
80,                            58,                       22,                       0.31
80,                            58,                       22,                       0.32
80,                            58,                       22,                       0.31
80,                            58,                       22,                       0.31
80,                            58,                       22,                       0.32
80,                            58,                       22,                       0.32
80,                            58,                       22,                       0.31
80,                            58,                       22,                       0.32
