COMMENT : The search result by Hill-Climbing for Blaum_Roth Wed Jan 24 16:00:02 2018

tech : Blaum_Roth
algorithm : Hill-Climbing
k : 8
m : 2
w : 12
failed_disk_id : 0
conventional_symbol_number    optimized_symbol_number    reduced_symbol_number    time
96,                            71,                       25,                       2.32
96,                            71,                       25,                       2.32
96,                            71,                       25,                       2.32
96,                            71,                       25,                       2.31
96,                            71,                       25,                       2.32
96,                            71,                       25,                       2.32
96,                            71,                       25,                       2.31
96,                            71,                       25,                       2.32
96,                            71,                       25,                       2.32
96,                            71,                       25,                       2.31
96,                            71,                       25,                       2.31
96,                            71,                       25,                       2.31
96,                            71,                       25,                       2.31
96,                            71,                       25,                       2.31
96,                            71,                       25,                       2.31
96,                            71,                       25,                       2.31
96,                            71,                       25,                       2.31
96,                            71,                       25,                       2.31
96,                            71,                       25,                       2.34
96,                            71,                       25,                       2.32
96,                            71,                       25,                       2.32
96,                            71,                       25,                       2.32
96,                            71,                       25,                       2.32
96,                            71,                       25,                       2.32
96,                            71,                       25,                       2.31
96,                            71,                       25,                       2.32
96,                            71,                       25,                       2.32
96,                            71,                       25,                       2.31
96,                            71,                       25,                       2.32
96,                            71,                       25,                       2.32
96,                            71,                       25,                       2.31
96,                            71,                       25,                       2.32
96,                            71,                       25,                       2.32
96,                            71,                       25,                       2.32
96,                            71,                       25,                       2.32
96,                            71,                       25,                       2.31
96,                            71,                       25,                       2.32
96,                            71,                       25,                       2.32
96,                            71,                       25,                       2.31
96,                            71,                       25,                       2.31
96,                            71,                       25,                       2.31
96,                            71,                       25,                       2.32
96,                            71,                       25,                       2.32
96,                            71,                       25,                       2.31
96,                            71,                       25,                       2.32
96,                            71,                       25,                       2.32
96,                            71,                       25,                       2.31
96,                            71,                       25,                       2.32
96,                            71,                       25,                       2.32
96,                            71,                       25,                       2.31
96,                            71,                       25,                       2.31
96,                            71,                       25,                       2.31
96,                            71,                       25,                       2.31
96,                            71,                       25,                       2.32
96,                            71,                       25,                       2.32
96,                            71,                       25,                       2.32
96,                            71,                       25,                       2.32
96,                            71,                       25,                       2.31
96,                            71,                       25,                       2.31
96,                            71,                       25,                       2.31
96,                            71,                       25,                       2.31
96,                            71,                       25,                       2.31
96,                            71,                       25,                       2.31
96,                            71,                       25,                       2.31
96,                            71,                       25,                       2.31
96,                            71,                       25,                       2.32
96,                            71,                       25,                       2.32
96,                            71,                       25,                       2.31
96,                            71,                       25,                       2.31
96,                            71,                       25,                       2.31
96,                            71,                       25,                       2.31
96,                            71,                       25,                       2.31
96,                            71,                       25,                       2.31
96,                            71,                       25,                       2.31
96,                            71,                       25,                       2.31
96,                            71,                       25,                       2.31
96,                            71,                       25,                       2.31
96,                            71,                       25,                       2.31
96,                            71,                       25,                       2.31
96,                            71,                       25,                       2.32
96,                            71,                       25,                       2.32
96,                            71,                       25,                       2.31
96,                            71,                       25,                       2.32
96,                            71,                       25,                       2.32
96,                            71,                       25,                       2.31
96,                            71,                       25,                       2.31
96,                            71,                       25,                       2.31
96,                            71,                       25,                       2.32
96,                            71,                       25,                       2.32
96,                            71,                       25,                       2.31
96,                            71,                       25,                       2.32
96,                            71,                       25,                       2.32
96,                            71,                       25,                       2.32
96,                            71,                       25,                       2.31
96,                            71,                       25,                       2.31
96,                            71,                       25,                       2.31
96,                            71,                       25,                       2.31
96,                            71,                       25,                       2.32
96,                            71,                       25,                       2.31
96,                            71,                       25,                       2.31
