COMMENT : The search result by Hill-Climbing for Blaum_Roth Wed Jan 24 15:33:11 2018

tech : Blaum_Roth
algorithm : Hill-Climbing
k : 4
m : 2
w : 10
failed_disk_id : 0
conventional_symbol_number    optimized_symbol_number    reduced_symbol_number    time
40,                            29,                       11,                       0.32
40,                            29,                       11,                       0.33
40,                            29,                       11,                       0.33
40,                            29,                       11,                       0.32
40,                            29,                       11,                       0.33
40,                            29,                       11,                       0.32
40,                            29,                       11,                       0.32
40,                            29,                       11,                       0.32
40,                            29,                       11,                       0.32
40,                            29,                       11,                       0.32
40,                            29,                       11,                       0.33
40,                            29,                       11,                       0.33
40,                            29,                       11,                       0.32
40,                            29,                       11,                       0.32
40,                            29,                       11,                       0.33
40,                            29,                       11,                       0.32
40,                            29,                       11,                       0.32
40,                            29,                       11,                       0.32
40,                            29,                       11,                       0.32
40,                            29,                       11,                       0.32
40,                            29,                       11,                       0.32
40,                            29,                       11,                       0.32
40,                            29,                       11,                       0.33
40,                            29,                       11,                       0.33
40,                            29,                       11,                       0.32
40,                            29,                       11,                       0.33
40,                            29,                       11,                       0.33
40,                            29,                       11,                       0.32
40,                            29,                       11,                       0.32
40,                            29,                       11,                       0.33
40,                            29,                       11,                       0.33
40,                            29,                       11,                       0.32
40,                            29,                       11,                       0.33
40,                            29,                       11,                       0.32
40,                            29,                       11,                       0.32
40,                            29,                       11,                       0.32
40,                            29,                       11,                       0.32
40,                            29,                       11,                       0.32
40,                            29,                       11,                       0.32
40,                            29,                       11,                       0.33
40,                            29,                       11,                       0.32
40,                            29,                       11,                       0.33
40,                            29,                       11,                       0.32
40,                            29,                       11,                       0.32
40,                            29,                       11,                       0.33
40,                            29,                       11,                       0.33
40,                            29,                       11,                       0.32
40,                            29,                       11,                       0.32
40,                            29,                       11,                       0.32
40,                            29,                       11,                       0.32
40,                            29,                       11,                       0.32
40,                            29,                       11,                       0.33
40,                            29,                       11,                       0.33
40,                            29,                       11,                       0.32
40,                            29,                       11,                       0.33
40,                            29,                       11,                       0.32
40,                            29,                       11,                       0.32
40,                            29,                       11,                       0.32
40,                            29,                       11,                       0.32
40,                            29,                       11,                       0.33
40,                            29,                       11,                       0.33
40,                            29,                       11,                       0.33
40,                            29,                       11,                       0.33
40,                            29,                       11,                       0.32
40,                            29,                       11,                       0.33
40,                            29,                       11,                       0.33
40,                            29,                       11,                       0.33
40,                            29,                       11,                       0.33
40,                            29,                       11,                       0.32
40,                            29,                       11,                       0.33
40,                            29,                       11,                       0.32
40,                            29,                       11,                       0.32
40,                            29,                       11,                       0.32
40,                            29,                       11,                       0.32
40,                            29,                       11,                       0.33
40,                            29,                       11,                       0.32
40,                            29,                       11,                       0.32
40,                            29,                       11,                       0.32
40,                            29,                       11,                       0.32
40,                            29,                       11,                       0.32
40,                            29,                       11,                       0.32
40,                            29,                       11,                       0.32
40,                            29,                       11,                       0.32
40,                            29,                       11,                       0.32
40,                            29,                       11,                       0.33
40,                            29,                       11,                       0.33
40,                            29,                       11,                       0.32
40,                            29,                       11,                       0.33
40,                            29,                       11,                       0.32
40,                            29,                       11,                       0.33
40,                            29,                       11,                       0.32
40,                            29,                       11,                       0.33
40,                            29,                       11,                       0.32
40,                            29,                       11,                       0.32
40,                            29,                       11,                       0.32
40,                            29,                       11,                       0.32
40,                            29,                       11,                       0.32
40,                            29,                       11,                       0.32
40,                            29,                       11,                       0.32
40,                            29,                       11,                       0.32
