COMMENT : The search result by Hill-Climbing for Blaum_Roth Wed Jan 24 15:36:28 2018

tech : Blaum_Roth
algorithm : Hill-Climbing
k : 2
m : 2
w : 12
failed_disk_id : 0
conventional_symbol_number    optimized_symbol_number    reduced_symbol_number    time
24,                            18,                       6,                       2.3
24,                            18,                       6,                       2.29
24,                            18,                       6,                       2.29
24,                            18,                       6,                       2.3
24,                            18,                       6,                       2.3
24,                            18,                       6,                       2.29
24,                            18,                       6,                       2.31
24,                            18,                       6,                       2.31
24,                            18,                       6,                       2.3
24,                            18,                       6,                       2.3
24,                            18,                       6,                       2.3
24,                            18,                       6,                       2.31
24,                            18,                       6,                       2.31
24,                            18,                       6,                       2.31
24,                            18,                       6,                       2.3
24,                            18,                       6,                       2.29
24,                            18,                       6,                       2.3
24,                            18,                       6,                       2.31
24,                            18,                       6,                       2.29
24,                            18,                       6,                       2.29
24,                            18,                       6,                       2.31
24,                            18,                       6,                       2.3
24,                            18,                       6,                       2.3
24,                            18,                       6,                       2.3
24,                            18,                       6,                       2.3
24,                            18,                       6,                       2.3
24,                            18,                       6,                       2.3
24,                            18,                       6,                       2.3
24,                            18,                       6,                       2.29
24,                            18,                       6,                       2.3
24,                            18,                       6,                       2.29
24,                            18,                       6,                       2.3
24,                            18,                       6,                       2.31
24,                            18,                       6,                       2.3
24,                            18,                       6,                       2.31
24,                            18,                       6,                       2.3
24,                            18,                       6,                       2.3
24,                            18,                       6,                       2.3
24,                            18,                       6,                       2.31
24,                            18,                       6,                       2.3
24,                            18,                       6,                       2.3
24,                            18,                       6,                       2.29
24,                            18,                       6,                       2.31
24,                            18,                       6,                       2.3
24,                            18,                       6,                       2.29
24,                            18,                       6,                       2.29
24,                            18,                       6,                       2.31
24,                            18,                       6,                       2.3
24,                            18,                       6,                       2.3
24,                            18,                       6,                       2.3
24,                            18,                       6,                       2.3
24,                            18,                       6,                       2.29
24,                            18,                       6,                       2.31
24,                            18,                       6,                       2.31
24,                            18,                       6,                       2.29
24,                            18,                       6,                       2.3
24,                            18,                       6,                       2.31
24,                            18,                       6,                       2.3
24,                            18,                       6,                       2.31
24,                            18,                       6,                       2.3
24,                            18,                       6,                       2.3
24,                            18,                       6,                       2.3
24,                            18,                       6,                       2.3
24,                            18,                       6,                       2.31
24,                            18,                       6,                       2.31
24,                            18,                       6,                       2.29
24,                            18,                       6,                       2.3
24,                            18,                       6,                       2.3
24,                            18,                       6,                       2.29
24,                            18,                       6,                       2.3
24,                            18,                       6,                       2.31
24,                            18,                       6,                       2.31
24,                            18,                       6,                       2.31
24,                            18,                       6,                       2.3
24,                            18,                       6,                       2.3
24,                            18,                       6,                       2.3
24,                            18,                       6,                       2.29
24,                            18,                       6,                       2.3
24,                            18,                       6,                       2.29
24,                            18,                       6,                       2.3
24,                            18,                       6,                       2.3
24,                            18,                       6,                       2.31
24,                            18,                       6,                       2.3
24,                            18,                       6,                       2.31
24,                            18,                       6,                       2.31
24,                            18,                       6,                       2.3
24,                            18,                       6,                       2.31
24,                            18,                       6,                       2.29
24,                            18,                       6,                       2.31
24,                            18,                       6,                       2.3
24,                            18,                       6,                       2.29
24,                            18,                       6,                       2.3
24,                            18,                       6,                       2.29
24,                            18,                       6,                       2.31
24,                            18,                       6,                       2.31
24,                            18,                       6,                       2.3
24,                            18,                       6,                       2.3
24,                            18,                       6,                       2.31
24,                            18,                       6,                       2.31
24,                            18,                       6,                       2.3
