COMMENT : The search result by Hill-Climbing for Blaum_Roth Wed Jan 24 15:31:57 2018

tech : Blaum_Roth
algorithm : Hill-Climbing
k : 2
m : 2
w : 4
failed_disk_id : 0
conventional_symbol_number    optimized_symbol_number    reduced_symbol_number    time
8,                            6,                       2,                       0
8,                            6,                       2,                       0
8,                            6,                       2,                       0
8,                            6,                       2,                       0
8,                            6,                       2,                       0
8,                            6,                       2,                       0
8,                            6,                       2,                       0
8,                            6,                       2,                       0
8,                            6,                       2,                       0
8,                            6,                       2,                       0
8,                            6,                       2,                       0
8,                            6,                       2,                       0
8,                            6,                       2,                       0
8,                            6,                       2,                       0
8,                            6,                       2,                       0
8,                            6,                       2,                       0
8,                            6,                       2,                       0
8,                            6,                       2,                       0
8,                            6,                       2,                       0
8,                            6,                       2,                       0
8,                            6,                       2,                       0
8,                            6,                       2,                       0
8,                            6,                       2,                       0
8,                            6,                       2,                       0
8,                            6,                       2,                       0
8,                            6,                       2,                       0
8,                            6,                       2,                       0
8,                            6,                       2,                       0
8,                            6,                       2,                       0
8,                            6,                       2,                       0
8,                            6,                       2,                       0
8,                            6,                       2,                       0
8,                            6,                       2,                       0
8,                            6,                       2,                       0
8,                            6,                       2,                       0
8,                            6,                       2,                       0
8,                            6,                       2,                       0
8,                            6,                       2,                       0
8,                            6,                       2,                       0
8,                            6,                       2,                       0
8,                            6,                       2,                       0
8,                            6,                       2,                       0
8,                            6,                       2,                       0
8,                            6,                       2,                       0
8,                            6,                       2,                       0
8,                            6,                       2,                       0
8,                            6,                       2,                       0
8,                            6,                       2,                       0
8,                            6,                       2,                       0
8,                            6,                       2,                       0
8,                            6,                       2,                       0
8,                            6,                       2,                       0
8,                            6,                       2,                       0
8,                            6,                       2,                       0
8,                            6,                       2,                       0
8,                            6,                       2,                       0
8,                            6,                       2,                       0
8,                            6,                       2,                       0
8,                            6,                       2,                       0
8,                            6,                       2,                       0
8,                            6,                       2,                       0
8,                            6,                       2,                       0
8,                            6,                       2,                       0
8,                            6,                       2,                       0
8,                            6,                       2,                       0
8,                            6,                       2,                       0
8,                            6,                       2,                       0
8,                            6,                       2,                       0
8,                            6,                       2,                       0
8,                            6,                       2,                       0
8,                            6,                       2,                       0
8,                            6,                       2,                       0
8,                            6,                       2,                       0
8,                            6,                       2,                       0
8,                            6,                       2,                       0
8,                            6,                       2,                       0
8,                            6,                       2,                       0
8,                            6,                       2,                       0
8,                            6,                       2,                       0
8,                            6,                       2,                       0
8,                            6,                       2,                       0
8,                            6,                       2,                       0
8,                            6,                       2,                       0
8,                            6,                       2,                       0
8,                            6,                       2,                       0
8,                            6,                       2,                       0
8,                            6,                       2,                       0
8,                            6,                       2,                       0
8,                            6,                       2,                       0
8,                            6,                       2,                       0
8,                            6,                       2,                       0
8,                            6,                       2,                       0
8,                            6,                       2,                       0
8,                            6,                       2,                       0
8,                            6,                       2,                       0
8,                            6,                       2,                       0
8,                            6,                       2,                       0
8,                            6,                       2,                       0
8,                            6,                       2,                       0
8,                            6,                       2,                       0
