COMMENT : The search result by Hill-Climbing for Blaum_Roth Wed Jan 24 15:34:17 2018

tech : Blaum_Roth
algorithm : Hill-Climbing
k : 6
m : 2
w : 10
failed_disk_id : 0
conventional_symbol_number    optimized_symbol_number    reduced_symbol_number    time
60,                            45,                       15,                       0.32
60,                            45,                       15,                       0.31
60,                            45,                       15,                       0.33
60,                            45,                       15,                       0.33
60,                            45,                       15,                       0.32
60,                            45,                       15,                       0.32
60,                            45,                       15,                       0.31
60,                            45,                       15,                       0.31
60,                            45,                       15,                       0.31
60,                            45,                       15,                       0.31
60,                            45,                       15,                       0.33
60,                            45,                       15,                       0.33
60,                            45,                       15,                       0.32
60,                            45,                       15,                       0.32
60,                            45,                       15,                       0.32
60,                            45,                       15,                       0.31
60,                            45,                       15,                       0.31
60,                            45,                       15,                       0.31
60,                            45,                       15,                       0.32
60,                            45,                       15,                       0.31
60,                            45,                       15,                       0.32
60,                            45,                       15,                       0.32
60,                            45,                       15,                       0.32
60,                            45,                       15,                       0.32
60,                            45,                       15,                       0.33
60,                            45,                       15,                       0.32
60,                            45,                       15,                       0.32
60,                            45,                       15,                       0.31
60,                            45,                       15,                       0.31
60,                            45,                       15,                       0.31
60,                            45,                       15,                       0.31
60,                            45,                       15,                       0.32
60,                            45,                       15,                       0.33
60,                            45,                       15,                       0.31
60,                            45,                       15,                       0.31
60,                            45,                       15,                       0.32
60,                            45,                       15,                       0.31
60,                            45,                       15,                       0.32
60,                            45,                       15,                       0.31
60,                            45,                       15,                       0.32
60,                            45,                       15,                       0.31
60,                            45,                       15,                       0.31
60,                            45,                       15,                       0.32
60,                            45,                       15,                       0.31
60,                            45,                       15,                       0.31
60,                            45,                       15,                       0.32
60,                            45,                       15,                       0.32
60,                            45,                       15,                       0.32
60,                            45,                       15,                       0.31
60,                            45,                       15,                       0.31
60,                            45,                       15,                       0.31
60,                            45,                       15,                       0.31
60,                            45,                       15,                       0.33
60,                            45,                       15,                       0.31
60,                            45,                       15,                       0.31
60,                            45,                       15,                       0.33
60,                            45,                       15,                       0.32
60,                            45,                       15,                       0.31
60,                            45,                       15,                       0.31
60,                            45,                       15,                       0.31
60,                            45,                       15,                       0.32
60,                            45,                       15,                       0.32
60,                            45,                       15,                       0.31
60,                            45,                       15,                       0.32
60,                            45,                       15,                       0.33
60,                            45,                       15,                       0.33
60,                            45,                       15,                       0.32
60,                            45,                       15,                       0.31
60,                            45,                       15,                       0.31
60,                            45,                       15,                       0.31
60,                            45,                       15,                       0.32
60,                            45,                       15,                       0.33
60,                            45,                       15,                       0.32
60,                            45,                       15,                       0.31
60,                            45,                       15,                       0.32
60,                            45,                       15,                       0.33
60,                            45,                       15,                       0.33
60,                            45,                       15,                       0.32
60,                            45,                       15,                       0.31
60,                            45,                       15,                       0.31
60,                            45,                       15,                       0.32
60,                            45,                       15,                       0.33
60,                            45,                       15,                       0.33
60,                            45,                       15,                       0.32
60,                            45,                       15,                       0.31
60,                            45,                       15,                       0.31
60,                            45,                       15,                       0.32
60,                            45,                       15,                       0.31
60,                            45,                       15,                       0.32
60,                            45,                       15,                       0.31
60,                            45,                       15,                       0.31
60,                            45,                       15,                       0.31
60,                            45,                       15,                       0.31
60,                            45,                       15,                       0.31
60,                            45,                       15,                       0.31
60,                            45,                       15,                       0.31
60,                            45,                       15,                       0.31
60,                            45,                       15,                       0.31
60,                            45,                       15,                       0.32
60,                            45,                       15,                       0.31
