COMMENT : The search result by Hill-Climbing for Blaum_Roth Wed Jan 24 15:32:36 2018

tech : Blaum_Roth
algorithm : Hill-Climbing
k : 3
m : 2
w : 10
failed_disk_id : 0
conventional_symbol_number    optimized_symbol_number    reduced_symbol_number    time
30,                            23,                       7,                       0.34
30,                            23,                       7,                       0.34
30,                            23,                       7,                       0.34
30,                            23,                       7,                       0.34
30,                            23,                       7,                       0.34
30,                            23,                       7,                       0.35
30,                            23,                       7,                       0.35
30,                            23,                       7,                       0.34
30,                            23,                       7,                       0.34
30,                            23,                       7,                       0.34
30,                            23,                       7,                       0.34
30,                            23,                       7,                       0.34
30,                            23,                       7,                       0.34
30,                            23,                       7,                       0.34
30,                            23,                       7,                       0.34
30,                            23,                       7,                       0.34
30,                            23,                       7,                       0.34
30,                            23,                       7,                       0.34
30,                            23,                       7,                       0.34
30,                            23,                       7,                       0.34
30,                            23,                       7,                       0.35
30,                            23,                       7,                       0.35
30,                            23,                       7,                       0.35
30,                            23,                       7,                       0.34
30,                            23,                       7,                       0.34
30,                            23,                       7,                       0.34
30,                            23,                       7,                       0.34
30,                            23,                       7,                       0.35
30,                            23,                       7,                       0.34
30,                            23,                       7,                       0.34
30,                            23,                       7,                       0.34
30,                            23,                       7,                       0.35
30,                            23,                       7,                       0.35
30,                            23,                       7,                       0.35
30,                            23,                       7,                       0.34
30,                            23,                       7,                       0.34
30,                            23,                       7,                       0.34
30,                            23,                       7,                       0.34
30,                            23,                       7,                       0.34
30,                            23,                       7,                       0.34
30,                            23,                       7,                       0.34
30,                            23,                       7,                       0.35
30,                            23,                       7,                       0.34
30,                            23,                       7,                       0.34
30,                            23,                       7,                       0.34
30,                            23,                       7,                       0.35
30,                            23,                       7,                       0.34
30,                            23,                       7,                       0.35
30,                            23,                       7,                       0.35
30,                            23,                       7,                       0.34
30,                            23,                       7,                       0.34
30,                            23,                       7,                       0.34
30,                            23,                       7,                       0.34
30,                            23,                       7,                       0.34
30,                            23,                       7,                       0.34
30,                            23,                       7,                       0.34
30,                            23,                       7,                       0.34
30,                            23,                       7,                       0.34
30,                            23,                       7,                       0.34
30,                            23,                       7,                       0.34
30,                            23,                       7,                       0.34
30,                            23,                       7,                       0.34
30,                            23,                       7,                       0.34
30,                            23,                       7,                       0.34
30,                            23,                       7,                       0.34
30,                            23,                       7,                       0.35
30,                            23,                       7,                       0.34
30,                            23,                       7,                       0.34
30,                            23,                       7,                       0.35
30,                            23,                       7,                       0.35
30,                            23,                       7,                       0.34
30,                            23,                       7,                       0.34
30,                            23,                       7,                       0.34
30,                            23,                       7,                       0.34
30,                            23,                       7,                       0.34
30,                            23,                       7,                       0.34
30,                            23,                       7,                       0.34
30,                            23,                       7,                       0.34
30,                            23,                       7,                       0.34
30,                            23,                       7,                       0.34
30,                            23,                       7,                       0.34
30,                            23,                       7,                       0.34
30,                            23,                       7,                       0.35
30,                            23,                       7,                       0.34
30,                            23,                       7,                       0.34
30,                            23,                       7,                       0.35
30,                            23,                       7,                       0.35
30,                            23,                       7,                       0.34
30,                            23,                       7,                       0.34
30,                            23,                       7,                       0.34
30,                            23,                       7,                       0.34
30,                            23,                       7,                       0.34
30,                            23,                       7,                       0.35
30,                            23,                       7,                       0.35
30,                            23,                       7,                       0.34
30,                            23,                       7,                       0.34
30,                            23,                       7,                       0.35
30,                            23,                       7,                       0.35
30,                            23,                       7,                       0.34
30,                            23,                       7,                       0.34
