COMMENT : The search result by Hill-Climbing for Cauchy_Good Fri Jan 26 15:13:27 2018

tech : Cauchy_Good
algorithm : Hill-Climbing
k : 7
m : 5
w : 5
failed_disk_id : 0
conventional_symbol_number    optimized_symbol_number    reduced_symbol_number    time
35,                            27,                       8,                       0.035911
35,                            27,                       8,                       0.034474
35,                            27,                       8,                       0.03443
35,                            27,                       8,                       0.034132
35,                            27,                       8,                       0.034467
35,                            27,                       8,                       0.034767
35,                            27,                       8,                       0.03718
35,                            27,                       8,                       0.034398
35,                            27,                       8,                       0.034322
35,                            27,                       8,                       0.033738
35,                            27,                       8,                       0.033318
35,                            27,                       8,                       0.036824
35,                            27,                       8,                       0.035026
35,                            27,                       8,                       0.035489
35,                            27,                       8,                       0.034446
35,                            27,                       8,                       0.035152
35,                            27,                       8,                       0.035112
35,                            27,                       8,                       0.035328
35,                            27,                       8,                       0.038917
35,                            27,                       8,                       0.03655
35,                            27,                       8,                       0.035703
35,                            27,                       8,                       0.034393
35,                            27,                       8,                       0.034167
35,                            27,                       8,                       0.03383
35,                            27,                       8,                       0.034068
35,                            27,                       8,                       0.03419
35,                            27,                       8,                       0.035526
35,                            27,                       8,                       0.034172
35,                            27,                       8,                       0.034084
35,                            27,                       8,                       0.035758
35,                            27,                       8,                       0.034023
35,                            27,                       8,                       0.035263
35,                            27,                       8,                       0.033599
35,                            27,                       8,                       0.034546
35,                            27,                       8,                       0.033315
35,                            27,                       8,                       0.035381
35,                            27,                       8,                       0.037009
35,                            27,                       8,                       0.044171
35,                            27,                       8,                       0.041102
35,                            27,                       8,                       0.039727
35,                            27,                       8,                       0.034132
35,                            27,                       8,                       0.033833
35,                            27,                       8,                       0.034866
35,                            27,                       8,                       0.03546
35,                            27,                       8,                       0.034291
35,                            27,                       8,                       0.035057
35,                            27,                       8,                       0.034593
35,                            27,                       8,                       0.034571
35,                            27,                       8,                       0.034077
35,                            27,                       8,                       0.035288
35,                            27,                       8,                       0.034561
35,                            27,                       8,                       0.038817
35,                            27,                       8,                       0.036261
35,                            27,                       8,                       0.036155
35,                            27,                       8,                       0.036505
35,                            27,                       8,                       0.038846
35,                            27,                       8,                       0.034942
35,                            27,                       8,                       0.035386
35,                            27,                       8,                       0.036408
35,                            27,                       8,                       0.034256
35,                            27,                       8,                       0.034748
35,                            27,                       8,                       0.035631
35,                            27,                       8,                       0.034697
35,                            27,                       8,                       0.034416
35,                            27,                       8,                       0.035081
35,                            27,                       8,                       0.034812
35,                            27,                       8,                       0.03534
35,                            27,                       8,                       0.034547
35,                            27,                       8,                       0.033707
35,                            27,                       8,                       0.034054
35,                            27,                       8,                       0.033601
35,                            27,                       8,                       0.034092
35,                            27,                       8,                       0.033987
35,                            27,                       8,                       0.034649
35,                            27,                       8,                       0.033798
35,                            27,                       8,                       0.034502
35,                            27,                       8,                       0.034361
35,                            27,                       8,                       0.03437
35,                            27,                       8,                       0.034668
35,                            27,                       8,                       0.0355
35,                            27,                       8,                       0.034256
35,                            27,                       8,                       0.034957
35,                            27,                       8,                       0.034755
35,                            27,                       8,                       0.035394
35,                            27,                       8,                       0.035372
35,                            27,                       8,                       0.035014
35,                            27,                       8,                       0.035052
35,                            27,                       8,                       0.034409
35,                            27,                       8,                       0.034993
35,                            27,                       8,                       0.034494
35,                            27,                       8,                       0.034792
35,                            27,                       8,                       0.034354
35,                            27,                       8,                       0.034523
35,                            27,                       8,                       0.035224
35,                            27,                       8,                       0.034807
35,                            27,                       8,                       0.034557
35,                            27,                       8,                       0.035556
35,                            27,                       8,                       0.035448
35,                            27,                       8,                       0.034441
35,                            27,                       8,                       0.034499
35,                            27,                       8,                       0.036522
35,                            27,                       8,                       0.034996
35,                            27,                       8,                       0.035104
35,                            27,                       8,                       0.047716
35,                            27,                       8,                       0.03506
35,                            27,                       8,                       0.035008
35,                            27,                       8,                       0.034525
35,                            27,                       8,                       0.034216
35,                            27,                       8,                       0.036748
35,                            27,                       8,                       0.034344
35,                            27,                       8,                       0.035138
35,                            27,                       8,                       0.035694
35,                            27,                       8,                       0.036171
35,                            27,                       8,                       0.039196
35,                            27,                       8,                       0.034943
35,                            27,                       8,                       0.034656
35,                            27,                       8,                       0.036601
35,                            27,                       8,                       0.035534
35,                            27,                       8,                       0.034698
35,                            27,                       8,                       0.035737
35,                            27,                       8,                       0.036473
35,                            27,                       8,                       0.034672
35,                            27,                       8,                       0.035353
35,                            27,                       8,                       0.034232
35,                            27,                       8,                       0.035065
35,                            27,                       8,                       0.036123
35,                            27,                       8,                       0.035159
35,                            27,                       8,                       0.034254
35,                            27,                       8,                       0.034523
35,                            27,                       8,                       0.035216
35,                            27,                       8,                       0.034395
35,                            27,                       8,                       0.035439
35,                            27,                       8,                       0.033304
35,                            27,                       8,                       0.034941
35,                            27,                       8,                       0.034709
35,                            27,                       8,                       0.034242
35,                            27,                       8,                       0.034412
35,                            27,                       8,                       0.035133
35,                            27,                       8,                       0.034956
35,                            27,                       8,                       0.034998
35,                            27,                       8,                       0.035279
35,                            27,                       8,                       0.03449
35,                            27,                       8,                       0.035107
35,                            27,                       8,                       0.035188
35,                            27,                       8,                       0.036393
35,                            27,                       8,                       0.035006
35,                            27,                       8,                       0.034586
35,                            27,                       8,                       0.034877
35,                            27,                       8,                       0.035601
35,                            27,                       8,                       0.035086
35,                            27,                       8,                       0.035047
35,                            27,                       8,                       0.035252
35,                            27,                       8,                       0.035091
35,                            27,                       8,                       0.0343
35,                            27,                       8,                       0.035027
35,                            27,                       8,                       0.03443
35,                            27,                       8,                       0.034479
35,                            27,                       8,                       0.037966
35,                            27,                       8,                       0.034566
35,                            27,                       8,                       0.034408
35,                            27,                       8,                       0.035924
35,                            27,                       8,                       0.034982
35,                            27,                       8,                       0.034627
35,                            27,                       8,                       0.034517
35,                            27,                       8,                       0.035351
35,                            27,                       8,                       0.03446
35,                            27,                       8,                       0.034851
35,                            27,                       8,                       0.034522
35,                            27,                       8,                       0.035168
35,                            27,                       8,                       0.035821
35,                            27,                       8,                       0.035791
35,                            27,                       8,                       0.035043
35,                            27,                       8,                       0.035997
35,                            27,                       8,                       0.034592
35,                            27,                       8,                       0.03682
35,                            27,                       8,                       0.034671
35,                            27,                       8,                       0.036024
35,                            27,                       8,                       0.037171
35,                            27,                       8,                       0.03489
35,                            27,                       8,                       0.035062
35,                            27,                       8,                       0.050707
35,                            27,                       8,                       0.034937
35,                            27,                       8,                       0.034524
35,                            27,                       8,                       0.033871
35,                            27,                       8,                       0.034404
35,                            27,                       8,                       0.034978
35,                            27,                       8,                       0.034241
35,                            27,                       8,                       0.035762
35,                            27,                       8,                       0.036084
35,                            27,                       8,                       0.034463
35,                            27,                       8,                       0.034776
35,                            27,                       8,                       0.035238
35,                            27,                       8,                       0.042557
35,                            27,                       8,                       0.038287
35,                            27,                       8,                       0.034388
35,                            27,                       8,                       0.035194
35,                            27,                       8,                       0.034123
35,                            27,                       8,                       0.034625
35,                            27,                       8,                       0.03466
35,                            27,                       8,                       0.03464
35,                            27,                       8,                       0.034963
35,                            27,                       8,                       0.034514
35,                            27,                       8,                       0.034969
35,                            27,                       8,                       0.035061
35,                            27,                       8,                       0.035021
35,                            27,                       8,                       0.035707
35,                            27,                       8,                       0.034083
35,                            27,                       8,                       0.034507
35,                            27,                       8,                       0.035451
35,                            27,                       8,                       0.03497
35,                            27,                       8,                       0.034671
35,                            27,                       8,                       0.03524
35,                            27,                       8,                       0.034303
35,                            27,                       8,                       0.036268
35,                            27,                       8,                       0.038356
35,                            27,                       8,                       0.034549
35,                            27,                       8,                       0.034294
35,                            27,                       8,                       0.036386
35,                            27,                       8,                       0.03558
35,                            27,                       8,                       0.035559
35,                            27,                       8,                       0.040941
35,                            27,                       8,                       0.038135
35,                            27,                       8,                       0.03459
35,                            27,                       8,                       0.034411
35,                            27,                       8,                       0.035063
35,                            27,                       8,                       0.034864
35,                            27,                       8,                       0.034954
35,                            27,                       8,                       0.03473
35,                            27,                       8,                       0.034016
35,                            27,                       8,                       0.034746
35,                            27,                       8,                       0.034994
35,                            27,                       8,                       0.034425
35,                            27,                       8,                       0.036212
35,                            27,                       8,                       0.034836
35,                            27,                       8,                       0.035989
35,                            27,                       8,                       0.035959
35,                            27,                       8,                       0.03542
35,                            27,                       8,                       0.03565
35,                            27,                       8,                       0.034294
35,                            27,                       8,                       0.034556
35,                            27,                       8,                       0.034312
35,                            27,                       8,                       0.037754
35,                            27,                       8,                       0.035315
35,                            27,                       8,                       0.037271
35,                            27,                       8,                       0.035059
35,                            27,                       8,                       0.03456
35,                            27,                       8,                       0.034629
35,                            27,                       8,                       0.034618
35,                            27,                       8,                       0.03483
35,                            27,                       8,                       0.036119
35,                            27,                       8,                       0.035266
35,                            27,                       8,                       0.035689
35,                            27,                       8,                       0.036331
35,                            27,                       8,                       0.034908
35,                            27,                       8,                       0.03563
35,                            27,                       8,                       0.034616
35,                            27,                       8,                       0.03507
35,                            27,                       8,                       0.03436
35,                            27,                       8,                       0.034614
35,                            27,                       8,                       0.034972
35,                            27,                       8,                       0.035451
35,                            27,                       8,                       0.0356
35,                            27,                       8,                       0.035544
35,                            27,                       8,                       0.034688
35,                            27,                       8,                       0.034667
35,                            27,                       8,                       0.034625
35,                            27,                       8,                       0.033867
35,                            27,                       8,                       0.034059
35,                            27,                       8,                       0.034419
35,                            27,                       8,                       0.035232
35,                            27,                       8,                       0.034621
35,                            27,                       8,                       0.036084
35,                            27,                       8,                       0.03386
35,                            27,                       8,                       0.036844
35,                            27,                       8,                       0.035379
35,                            27,                       8,                       0.035743
35,                            27,                       8,                       0.033822
35,                            27,                       8,                       0.035206
35,                            27,                       8,                       0.038482
35,                            27,                       8,                       0.034736
35,                            27,                       8,                       0.033855
35,                            27,                       8,                       0.037562
35,                            27,                       8,                       0.034889
35,                            27,                       8,                       0.03474
35,                            27,                       8,                       0.034696
35,                            27,                       8,                       0.036171
35,                            27,                       8,                       0.034337
35,                            27,                       8,                       0.035373
35,                            27,                       8,                       0.034695
35,                            27,                       8,                       0.034391
35,                            27,                       8,                       0.038356
35,                            27,                       8,                       0.036672
35,                            27,                       8,                       0.039934
35,                            27,                       8,                       0.035254
35,                            27,                       8,                       0.034809
35,                            27,                       8,                       0.036693
35,                            27,                       8,                       0.035641
35,                            27,                       8,                       0.036343
35,                            27,                       8,                       0.035191
35,                            27,                       8,                       0.035033
