COMMENT : The search result by Hill-Climbing for Cauchy_Good Fri Jan 26 15:13:40 2018

tech : Cauchy_Good
algorithm : Hill-Climbing
k : 8
m : 7
w : 4
failed_disk_id : 0
conventional_symbol_number    optimized_symbol_number    reduced_symbol_number    time
32,                            25,                       7,                       0.03746
32,                            25,                       7,                       0.03826
32,                            25,                       7,                       0.038822
32,                            25,                       7,                       0.0396
32,                            25,                       7,                       0.03981
32,                            25,                       7,                       0.040349
32,                            25,                       7,                       0.038627
32,                            25,                       7,                       0.041915
32,                            25,                       7,                       0.044198
32,                            25,                       7,                       0.038785
32,                            25,                       7,                       0.039392
32,                            25,                       7,                       0.038064
32,                            25,                       7,                       0.041535
32,                            25,                       7,                       0.041795
32,                            25,                       7,                       0.040275
32,                            25,                       7,                       0.042317
32,                            25,                       7,                       0.038663
32,                            25,                       7,                       0.040613
32,                            25,                       7,                       0.043223
32,                            25,                       7,                       0.038618
32,                            25,                       7,                       0.038047
32,                            25,                       7,                       0.037483
32,                            25,                       7,                       0.038716
32,                            25,                       7,                       0.038557
32,                            25,                       7,                       0.038767
32,                            25,                       7,                       0.038666
32,                            25,                       7,                       0.038094
32,                            25,                       7,                       0.038797
32,                            25,                       7,                       0.039293
32,                            25,                       7,                       0.038619
32,                            25,                       7,                       0.038652
32,                            25,                       7,                       0.038095
32,                            25,                       7,                       0.037861
32,                            25,                       7,                       0.038838
32,                            25,                       7,                       0.041642
32,                            25,                       7,                       0.041801
32,                            25,                       7,                       0.038548
32,                            25,                       7,                       0.052116
32,                            25,                       7,                       0.041009
32,                            25,                       7,                       0.038879
32,                            25,                       7,                       0.039819
32,                            25,                       7,                       0.039094
32,                            25,                       7,                       0.038467
32,                            25,                       7,                       0.043472
32,                            25,                       7,                       0.039949
32,                            25,                       7,                       0.043541
32,                            25,                       7,                       0.042987
32,                            25,                       7,                       0.0402
32,                            25,                       7,                       0.039945
32,                            25,                       7,                       0.042264
32,                            25,                       7,                       0.040178
32,                            25,                       7,                       0.040515
32,                            25,                       7,                       0.04105
32,                            25,                       7,                       0.03926
32,                            25,                       7,                       0.039959
32,                            25,                       7,                       0.04088
32,                            25,                       7,                       0.038812
32,                            25,                       7,                       0.041009
32,                            25,                       7,                       0.039676
32,                            25,                       7,                       0.039739
32,                            25,                       7,                       0.038402
32,                            25,                       7,                       0.039675
32,                            25,                       7,                       0.038798
32,                            25,                       7,                       0.03891
32,                            25,                       7,                       0.041108
32,                            25,                       7,                       0.038383
32,                            25,                       7,                       0.038918
32,                            25,                       7,                       0.042626
32,                            25,                       7,                       0.038495
32,                            25,                       7,                       0.039355
32,                            25,                       7,                       0.038467
32,                            25,                       7,                       0.038311
32,                            25,                       7,                       0.038179
32,                            25,                       7,                       0.03781
32,                            25,                       7,                       0.039386
32,                            25,                       7,                       0.039122
32,                            25,                       7,                       0.039032
32,                            25,                       7,                       0.038133
32,                            25,                       7,                       0.038668
32,                            25,                       7,                       0.040197
32,                            25,                       7,                       0.038588
32,                            25,                       7,                       0.038684
32,                            25,                       7,                       0.038295
32,                            25,                       7,                       0.03891
32,                            25,                       7,                       0.038871
32,                            25,                       7,                       0.038288
32,                            25,                       7,                       0.039447
32,                            25,                       7,                       0.041095
32,                            25,                       7,                       0.041173
32,                            25,                       7,                       0.042618
32,                            25,                       7,                       0.039246
32,                            25,                       7,                       0.03893
32,                            25,                       7,                       0.039214
32,                            25,                       7,                       0.074215
32,                            25,                       7,                       0.039326
32,                            25,                       7,                       0.038608
32,                            25,                       7,                       0.038293
32,                            25,                       7,                       0.038349
32,                            25,                       7,                       0.039529
32,                            25,                       7,                       0.039145
32,                            25,                       7,                       0.03939
32,                            25,                       7,                       0.039105
32,                            25,                       7,                       0.040645
32,                            25,                       7,                       0.03886
32,                            25,                       7,                       0.042279
32,                            25,                       7,                       0.039004
32,                            25,                       7,                       0.040145
32,                            25,                       7,                       0.041974
32,                            25,                       7,                       0.040271
32,                            25,                       7,                       0.039048
32,                            25,                       7,                       0.039325
32,                            25,                       7,                       0.039551
32,                            25,                       7,                       0.038822
32,                            25,                       7,                       0.04246
32,                            25,                       7,                       0.038131
32,                            25,                       7,                       0.039306
32,                            25,                       7,                       0.038845
32,                            25,                       7,                       0.041506
32,                            25,                       7,                       0.039354
32,                            25,                       7,                       0.039666
32,                            25,                       7,                       0.040962
32,                            25,                       7,                       0.040292
32,                            25,                       7,                       0.038287
32,                            25,                       7,                       0.038378
32,                            25,                       7,                       0.040475
32,                            25,                       7,                       0.038482
32,                            25,                       7,                       0.03925
32,                            25,                       7,                       0.038845
32,                            25,                       7,                       0.039164
32,                            25,                       7,                       0.037815
32,                            25,                       7,                       0.039208
32,                            25,                       7,                       0.042414
32,                            25,                       7,                       0.040172
32,                            25,                       7,                       0.03897
32,                            25,                       7,                       0.03995
32,                            25,                       7,                       0.039351
32,                            25,                       7,                       0.039011
32,                            25,                       7,                       0.03897
32,                            25,                       7,                       0.039482
32,                            25,                       7,                       0.040468
32,                            25,                       7,                       0.039589
32,                            25,                       7,                       0.045672
32,                            25,                       7,                       0.039607
32,                            25,                       7,                       0.039608
32,                            25,                       7,                       0.039726
32,                            25,                       7,                       0.039131
32,                            25,                       7,                       0.038886
32,                            25,                       7,                       0.038597
32,                            25,                       7,                       0.03975
32,                            25,                       7,                       0.038921
32,                            25,                       7,                       0.041548
32,                            25,                       7,                       0.038312
32,                            25,                       7,                       0.038796
32,                            25,                       7,                       0.039335
32,                            25,                       7,                       0.038321
32,                            25,                       7,                       0.038151
32,                            25,                       7,                       0.040905
32,                            25,                       7,                       0.03839
32,                            25,                       7,                       0.038723
32,                            25,                       7,                       0.039515
32,                            25,                       7,                       0.039556
32,                            25,                       7,                       0.039841
32,                            25,                       7,                       0.039313
32,                            25,                       7,                       0.03906
32,                            25,                       7,                       0.040041
32,                            25,                       7,                       0.03885
32,                            25,                       7,                       0.039006
32,                            25,                       7,                       0.038976
32,                            25,                       7,                       0.03991
32,                            25,                       7,                       0.039705
32,                            25,                       7,                       0.039254
32,                            25,                       7,                       0.040289
32,                            25,                       7,                       0.039152
32,                            25,                       7,                       0.039949
32,                            25,                       7,                       0.043152
32,                            25,                       7,                       0.041945
32,                            25,                       7,                       0.039304
32,                            25,                       7,                       0.039945
32,                            25,                       7,                       0.040548
32,                            25,                       7,                       0.040555
32,                            25,                       7,                       0.039401
32,                            25,                       7,                       0.03844
32,                            25,                       7,                       0.039434
32,                            25,                       7,                       0.039033
32,                            25,                       7,                       0.043013
32,                            25,                       7,                       0.039088
32,                            25,                       7,                       0.040525
32,                            25,                       7,                       0.03976
32,                            25,                       7,                       0.039527
32,                            25,                       7,                       0.04154
32,                            25,                       7,                       0.039711
32,                            25,                       7,                       0.04021
32,                            25,                       7,                       0.039006
32,                            25,                       7,                       0.038947
32,                            25,                       7,                       0.046316
32,                            25,                       7,                       0.039689
32,                            25,                       7,                       0.039844
32,                            25,                       7,                       0.039717
32,                            25,                       7,                       0.039559
32,                            25,                       7,                       0.039724
32,                            25,                       7,                       0.039879
32,                            25,                       7,                       0.039166
32,                            25,                       7,                       0.039785
32,                            25,                       7,                       0.041294
32,                            25,                       7,                       0.040435
32,                            25,                       7,                       0.039627
32,                            25,                       7,                       0.040403
32,                            25,                       7,                       0.039051
32,                            25,                       7,                       0.038511
32,                            25,                       7,                       0.039178
32,                            25,                       7,                       0.039168
32,                            25,                       7,                       0.037961
32,                            25,                       7,                       0.03931
32,                            25,                       7,                       0.042245
32,                            25,                       7,                       0.038936
32,                            25,                       7,                       0.038804
32,                            25,                       7,                       0.039169
32,                            25,                       7,                       0.040534
32,                            25,                       7,                       0.040116
32,                            25,                       7,                       0.051935
32,                            25,                       7,                       0.04032
32,                            25,                       7,                       0.039447
32,                            25,                       7,                       0.039148
32,                            25,                       7,                       0.04148
32,                            25,                       7,                       0.039801
32,                            25,                       7,                       0.038575
32,                            25,                       7,                       0.039289
32,                            25,                       7,                       0.039552
32,                            25,                       7,                       0.039194
32,                            25,                       7,                       0.040024
32,                            25,                       7,                       0.039403
32,                            25,                       7,                       0.039306
32,                            25,                       7,                       0.039026
32,                            25,                       7,                       0.039503
32,                            25,                       7,                       0.039769
32,                            25,                       7,                       0.039803
32,                            25,                       7,                       0.040097
32,                            25,                       7,                       0.0393
32,                            25,                       7,                       0.040109
32,                            25,                       7,                       0.039405
32,                            25,                       7,                       0.040192
32,                            25,                       7,                       0.038913
32,                            25,                       7,                       0.040655
32,                            25,                       7,                       0.040344
32,                            25,                       7,                       0.039924
32,                            25,                       7,                       0.039964
32,                            25,                       7,                       0.039232
32,                            25,                       7,                       0.039415
32,                            25,                       7,                       0.040239
32,                            25,                       7,                       0.03828
32,                            25,                       7,                       0.039078
32,                            25,                       7,                       0.039666
32,                            25,                       7,                       0.038508
32,                            25,                       7,                       0.040948
32,                            25,                       7,                       0.042397
32,                            25,                       7,                       0.040994
32,                            25,                       7,                       0.0391
32,                            25,                       7,                       0.041144
32,                            25,                       7,                       0.040028
32,                            25,                       7,                       0.038126
32,                            25,                       7,                       0.038881
32,                            25,                       7,                       0.039944
32,                            25,                       7,                       0.040028
32,                            25,                       7,                       0.038737
32,                            25,                       7,                       0.039842
32,                            25,                       7,                       0.038792
32,                            25,                       7,                       0.038412
32,                            25,                       7,                       0.039678
32,                            25,                       7,                       0.038861
32,                            25,                       7,                       0.040512
32,                            25,                       7,                       0.038971
32,                            25,                       7,                       0.03844
32,                            25,                       7,                       0.039188
32,                            25,                       7,                       0.039357
32,                            25,                       7,                       0.040748
32,                            25,                       7,                       0.040598
32,                            25,                       7,                       0.04126
32,                            25,                       7,                       0.040047
32,                            25,                       7,                       0.04155
32,                            25,                       7,                       0.039605
32,                            25,                       7,                       0.039498
32,                            25,                       7,                       0.263633
32,                            25,                       7,                       0.039384
32,                            25,                       7,                       0.038794
32,                            25,                       7,                       0.039664
32,                            25,                       7,                       0.0414
32,                            25,                       7,                       0.040001
32,                            25,                       7,                       0.039512
32,                            25,                       7,                       0.040155
32,                            25,                       7,                       0.04059
32,                            25,                       7,                       0.040734
32,                            25,                       7,                       0.041855
32,                            25,                       7,                       0.039711
32,                            25,                       7,                       0.04192
32,                            25,                       7,                       0.039352
32,                            25,                       7,                       0.041219
32,                            25,                       7,                       0.039934
32,                            25,                       7,                       0.038661
32,                            25,                       7,                       0.039716
32,                            25,                       7,                       0.038462
