COMMENT : The search result by Hill-Climbing for Cauchy_Good Fri Jan 26 15:13:35 2018

tech : Cauchy_Good
algorithm : Hill-Climbing
k : 8
m : 2
w : 4
failed_disk_id : 0
conventional_symbol_number    optimized_symbol_number    reduced_symbol_number    time
32,                            26,                       6,                       0.000217
32,                            26,                       6,                       0.000219
32,                            26,                       6,                       0.000225
32,                            26,                       6,                       0.000219
32,                            26,                       6,                       0.000218
32,                            26,                       6,                       0.000223
32,                            26,                       6,                       0.000217
32,                            26,                       6,                       0.000236
32,                            26,                       6,                       0.000219
32,                            26,                       6,                       0.000218
32,                            26,                       6,                       0.000217
32,                            26,                       6,                       0.000217
32,                            26,                       6,                       0.000224
32,                            26,                       6,                       0.000237
32,                            26,                       6,                       0.000254
32,                            26,                       6,                       0.000216
32,                            26,                       6,                       0.000252
32,                            26,                       6,                       0.000221
32,                            26,                       6,                       0.000226
32,                            26,                       6,                       0.00035
32,                            26,                       6,                       0.00026
32,                            26,                       6,                       0.00027
32,                            26,                       6,                       0.000216
32,                            26,                       6,                       0.00022
32,                            26,                       6,                       0.00022
32,                            26,                       6,                       0.000218
32,                            26,                       6,                       0.00027
32,                            26,                       6,                       0.000221
32,                            26,                       6,                       0.000379
32,                            26,                       6,                       0.000248
32,                            26,                       6,                       0.000254
32,                            26,                       6,                       0.000219
32,                            26,                       6,                       0.000258
32,                            26,                       6,                       0.00031
32,                            26,                       6,                       0.000223
32,                            26,                       6,                       0.000297
32,                            26,                       6,                       0.000218
32,                            26,                       6,                       0.000256
32,                            26,                       6,                       0.000303
32,                            26,                       6,                       0.000308
32,                            26,                       6,                       0.000234
32,                            26,                       6,                       0.00025
32,                            26,                       6,                       0.000229
32,                            26,                       6,                       0.000223
32,                            26,                       6,                       0.00022
32,                            26,                       6,                       0.000251
32,                            26,                       6,                       0.000332
32,                            26,                       6,                       0.000229
32,                            26,                       6,                       0.000226
32,                            26,                       6,                       0.000264
32,                            26,                       6,                       0.000302
32,                            26,                       6,                       0.000215
32,                            26,                       6,                       0.000345
32,                            26,                       6,                       0.000336
32,                            26,                       6,                       0.000222
32,                            26,                       6,                       0.000266
32,                            26,                       6,                       0.000264
32,                            26,                       6,                       0.000276
32,                            26,                       6,                       0.000263
32,                            26,                       6,                       0.000218
32,                            26,                       6,                       0.000217
32,                            26,                       6,                       0.000216
32,                            26,                       6,                       0.000219
32,                            26,                       6,                       0.000262
32,                            26,                       6,                       0.000219
32,                            26,                       6,                       0.000215
32,                            26,                       6,                       0.000262
32,                            26,                       6,                       0.000294
32,                            26,                       6,                       0.000216
32,                            26,                       6,                       0.000278
32,                            26,                       6,                       0.000233
32,                            26,                       6,                       0.000218
32,                            26,                       6,                       0.000225
32,                            26,                       6,                       0.000234
32,                            26,                       6,                       0.000446
32,                            26,                       6,                       0.000296
32,                            26,                       6,                       0.000221
32,                            26,                       6,                       0.000218
32,                            26,                       6,                       0.000223
32,                            26,                       6,                       0.000215
32,                            26,                       6,                       0.000254
32,                            26,                       6,                       0.000444
32,                            26,                       6,                       0.000263
32,                            26,                       6,                       0.000219
32,                            26,                       6,                       0.00027
32,                            26,                       6,                       0.000223
32,                            26,                       6,                       0.000274
32,                            26,                       6,                       0.000217
32,                            26,                       6,                       0.000247
32,                            26,                       6,                       0.000224
32,                            26,                       6,                       0.000241
32,                            26,                       6,                       0.000312
32,                            26,                       6,                       0.000523
32,                            26,                       6,                       0.000252
32,                            26,                       6,                       0.000245
32,                            26,                       6,                       0.000218
32,                            26,                       6,                       0.00022
32,                            26,                       6,                       0.000218
32,                            26,                       6,                       0.000219
32,                            26,                       6,                       0.000216
32,                            26,                       6,                       0.00022
32,                            26,                       6,                       0.000285
32,                            26,                       6,                       0.000332
32,                            26,                       6,                       0.000307
32,                            26,                       6,                       0.000248
32,                            26,                       6,                       0.000218
32,                            26,                       6,                       0.000218
32,                            26,                       6,                       0.000216
32,                            26,                       6,                       0.000218
32,                            26,                       6,                       0.000224
32,                            26,                       6,                       0.000249
32,                            26,                       6,                       0.000291
32,                            26,                       6,                       0.000218
32,                            26,                       6,                       0.000224
32,                            26,                       6,                       0.000229
32,                            26,                       6,                       0.000217
32,                            26,                       6,                       0.000218
32,                            26,                       6,                       0.00027
32,                            26,                       6,                       0.000263
32,                            26,                       6,                       0.000218
32,                            26,                       6,                       0.000223
32,                            26,                       6,                       0.000218
32,                            26,                       6,                       0.000226
32,                            26,                       6,                       0.00023
32,                            26,                       6,                       0.000217
32,                            26,                       6,                       0.000232
32,                            26,                       6,                       0.000219
32,                            26,                       6,                       0.00026
32,                            26,                       6,                       0.000224
32,                            26,                       6,                       0.000239
32,                            26,                       6,                       0.000217
32,                            26,                       6,                       0.000256
32,                            26,                       6,                       0.000236
32,                            26,                       6,                       0.000303
32,                            26,                       6,                       0.000253
32,                            26,                       6,                       0.000218
32,                            26,                       6,                       0.000225
32,                            26,                       6,                       0.000232
32,                            26,                       6,                       0.000227
32,                            26,                       6,                       0.000273
32,                            26,                       6,                       0.000216
32,                            26,                       6,                       0.000265
32,                            26,                       6,                       0.00023
32,                            26,                       6,                       0.000217
32,                            26,                       6,                       0.000217
32,                            26,                       6,                       0.000288
32,                            26,                       6,                       0.000267
32,                            26,                       6,                       0.000218
32,                            26,                       6,                       0.000281
32,                            26,                       6,                       0.000246
32,                            26,                       6,                       0.000224
32,                            26,                       6,                       0.000217
32,                            26,                       6,                       0.000248
32,                            26,                       6,                       0.000218
32,                            26,                       6,                       0.000218
32,                            26,                       6,                       0.000231
32,                            26,                       6,                       0.000412
32,                            26,                       6,                       0.000224
32,                            26,                       6,                       0.000217
32,                            26,                       6,                       0.000222
32,                            26,                       6,                       0.000264
32,                            26,                       6,                       0.00027
32,                            26,                       6,                       0.000218
32,                            26,                       6,                       0.000308
32,                            26,                       6,                       0.000305
32,                            26,                       6,                       0.000219
32,                            26,                       6,                       0.000261
32,                            26,                       6,                       0.000295
32,                            26,                       6,                       0.000402
32,                            26,                       6,                       0.000225
32,                            26,                       6,                       0.000225
32,                            26,                       6,                       0.000256
32,                            26,                       6,                       0.000219
32,                            26,                       6,                       0.000219
32,                            26,                       6,                       0.00022
32,                            26,                       6,                       0.000254
32,                            26,                       6,                       0.000215
32,                            26,                       6,                       0.000226
32,                            26,                       6,                       0.000249
32,                            26,                       6,                       0.000283
32,                            26,                       6,                       0.000541
32,                            26,                       6,                       0.000238
32,                            26,                       6,                       0.000223
32,                            26,                       6,                       0.000217
32,                            26,                       6,                       0.000243
32,                            26,                       6,                       0.000217
32,                            26,                       6,                       0.000217
32,                            26,                       6,                       0.000237
32,                            26,                       6,                       0.000256
32,                            26,                       6,                       0.000277
32,                            26,                       6,                       0.000243
32,                            26,                       6,                       0.000264
32,                            26,                       6,                       0.000226
32,                            26,                       6,                       0.000245
32,                            26,                       6,                       0.000247
32,                            26,                       6,                       0.000221
32,                            26,                       6,                       0.000224
32,                            26,                       6,                       0.000222
32,                            26,                       6,                       0.000272
32,                            26,                       6,                       0.000282
32,                            26,                       6,                       0.000217
32,                            26,                       6,                       0.000331
32,                            26,                       6,                       0.000217
32,                            26,                       6,                       0.000225
32,                            26,                       6,                       0.000216
32,                            26,                       6,                       0.000261
32,                            26,                       6,                       0.000224
32,                            26,                       6,                       0.000301
32,                            26,                       6,                       0.000238
32,                            26,                       6,                       0.000222
32,                            26,                       6,                       0.000216
32,                            26,                       6,                       0.000218
32,                            26,                       6,                       0.000249
32,                            26,                       6,                       0.00031
32,                            26,                       6,                       0.000337
32,                            26,                       6,                       0.00022
32,                            26,                       6,                       0.000243
32,                            26,                       6,                       0.000217
32,                            26,                       6,                       0.00024
32,                            26,                       6,                       0.00031
32,                            26,                       6,                       0.000217
32,                            26,                       6,                       0.000229
32,                            26,                       6,                       0.000281
32,                            26,                       6,                       0.000219
32,                            26,                       6,                       0.000217
32,                            26,                       6,                       0.000252
32,                            26,                       6,                       0.000223
32,                            26,                       6,                       0.000219
32,                            26,                       6,                       0.000235
32,                            26,                       6,                       0.000216
32,                            26,                       6,                       0.000225
32,                            26,                       6,                       0.000223
32,                            26,                       6,                       0.000217
32,                            26,                       6,                       0.000282
32,                            26,                       6,                       0.000219
32,                            26,                       6,                       0.000298
32,                            26,                       6,                       0.000222
32,                            26,                       6,                       0.000262
32,                            26,                       6,                       0.000355
32,                            26,                       6,                       0.000224
32,                            26,                       6,                       0.000564
32,                            26,                       6,                       0.000217
32,                            26,                       6,                       0.000248
32,                            26,                       6,                       0.00027
32,                            26,                       6,                       0.000297
32,                            26,                       6,                       0.000217
32,                            26,                       6,                       0.000226
32,                            26,                       6,                       0.000252
32,                            26,                       6,                       0.000219
32,                            26,                       6,                       0.000224
32,                            26,                       6,                       0.000223
32,                            26,                       6,                       0.000219
32,                            26,                       6,                       0.000411
32,                            26,                       6,                       0.00025
32,                            26,                       6,                       0.000225
32,                            26,                       6,                       0.000416
32,                            26,                       6,                       0.000225
32,                            26,                       6,                       0.000224
32,                            26,                       6,                       0.000225
32,                            26,                       6,                       0.000216
32,                            26,                       6,                       0.000228
32,                            26,                       6,                       0.000225
32,                            26,                       6,                       0.000215
32,                            26,                       6,                       0.000217
32,                            26,                       6,                       0.000217
32,                            26,                       6,                       0.000222
32,                            26,                       6,                       0.000517
32,                            26,                       6,                       0.000301
32,                            26,                       6,                       0.000224
32,                            26,                       6,                       0.000224
32,                            26,                       6,                       0.000275
32,                            26,                       6,                       0.000223
32,                            26,                       6,                       0.000271
32,                            26,                       6,                       0.000238
32,                            26,                       6,                       0.000224
32,                            26,                       6,                       0.000236
32,                            26,                       6,                       0.000225
32,                            26,                       6,                       0.000224
32,                            26,                       6,                       0.000239
32,                            26,                       6,                       0.000216
32,                            26,                       6,                       0.000221
32,                            26,                       6,                       0.000217
32,                            26,                       6,                       0.000226
32,                            26,                       6,                       0.000224
32,                            26,                       6,                       0.000255
32,                            26,                       6,                       0.000221
32,                            26,                       6,                       0.000223
32,                            26,                       6,                       0.000387
32,                            26,                       6,                       0.000215
32,                            26,                       6,                       0.00026
32,                            26,                       6,                       0.000233
32,                            26,                       6,                       0.000344
32,                            26,                       6,                       0.000276
32,                            26,                       6,                       0.000226
32,                            26,                       6,                       0.000223
32,                            26,                       6,                       0.000229
32,                            26,                       6,                       0.000225
32,                            26,                       6,                       0.000223
32,                            26,                       6,                       0.000312
32,                            26,                       6,                       0.000222
