COMMENT : The search result by Hill-Climbing for Cauchy_Good Fri Jan 26 15:13:16 2018

tech : Cauchy_Good
algorithm : Hill-Climbing
k : 3
m : 3
w : 6
failed_disk_id : 0
conventional_symbol_number    optimized_symbol_number    reduced_symbol_number    time
18,                            14,                       4,                       0.014852
18,                            14,                       4,                       0.015086
18,                            14,                       4,                       0.015122
18,                            14,                       4,                       0.016013
18,                            14,                       4,                       0.015652
18,                            14,                       4,                       0.015256
18,                            14,                       4,                       0.014855
18,                            14,                       4,                       0.014744
18,                            14,                       4,                       0.01675
18,                            14,                       4,                       0.014881
18,                            14,                       4,                       0.015202
18,                            14,                       4,                       0.014434
18,                            14,                       4,                       0.014633
18,                            14,                       4,                       0.016021
18,                            14,                       4,                       0.015022
18,                            14,                       4,                       0.016003
18,                            14,                       4,                       0.0171
18,                            14,                       4,                       0.015281
18,                            14,                       4,                       0.014977
18,                            14,                       4,                       0.014367
18,                            14,                       4,                       0.014717
18,                            14,                       4,                       0.01545
18,                            14,                       4,                       0.015765
18,                            14,                       4,                       0.014844
18,                            14,                       4,                       0.015698
18,                            14,                       4,                       0.014904
18,                            14,                       4,                       0.015029
18,                            14,                       4,                       0.014201
18,                            14,                       4,                       0.014479
18,                            14,                       4,                       0.014516
18,                            14,                       4,                       0.014478
18,                            14,                       4,                       0.015014
18,                            14,                       4,                       0.014936
18,                            14,                       4,                       0.015069
18,                            14,                       4,                       0.014824
18,                            14,                       4,                       0.015534
18,                            14,                       4,                       0.014797
18,                            14,                       4,                       0.014364
18,                            14,                       4,                       0.014929
18,                            14,                       4,                       0.015124
18,                            14,                       4,                       0.016375
18,                            14,                       4,                       0.014989
18,                            14,                       4,                       0.014341
18,                            14,                       4,                       0.014508
18,                            14,                       4,                       0.01815
18,                            14,                       4,                       0.014546
18,                            14,                       4,                       0.01608
18,                            14,                       4,                       0.014961
18,                            14,                       4,                       0.01475
18,                            14,                       4,                       0.019665
18,                            14,                       4,                       0.014834
18,                            14,                       4,                       0.014599
18,                            14,                       4,                       0.014894
18,                            14,                       4,                       0.014969
18,                            14,                       4,                       0.014541
18,                            14,                       4,                       0.015015
18,                            14,                       4,                       0.015018
18,                            14,                       4,                       0.014505
18,                            14,                       4,                       0.015504
18,                            14,                       4,                       0.015654
18,                            14,                       4,                       0.015299
18,                            14,                       4,                       0.014956
18,                            14,                       4,                       0.015221
18,                            14,                       4,                       0.014423
18,                            14,                       4,                       0.014787
18,                            14,                       4,                       0.014831
18,                            14,                       4,                       0.014655
18,                            14,                       4,                       0.015163
18,                            14,                       4,                       0.014788
18,                            14,                       4,                       0.014617
18,                            14,                       4,                       0.014816
18,                            14,                       4,                       0.014298
18,                            14,                       4,                       0.014903
18,                            14,                       4,                       0.015066
18,                            14,                       4,                       0.01481
18,                            14,                       4,                       0.014684
18,                            14,                       4,                       0.014974
18,                            14,                       4,                       0.014647
18,                            14,                       4,                       0.015209
18,                            14,                       4,                       0.015795
18,                            14,                       4,                       0.015144
18,                            14,                       4,                       0.014596
18,                            14,                       4,                       0.014403
18,                            14,                       4,                       0.014571
18,                            14,                       4,                       0.01476
18,                            14,                       4,                       0.015658
18,                            14,                       4,                       0.014735
18,                            14,                       4,                       0.015759
18,                            14,                       4,                       0.014875
18,                            14,                       4,                       0.015869
18,                            14,                       4,                       0.014627
18,                            14,                       4,                       0.015085
18,                            14,                       4,                       0.015089
18,                            14,                       4,                       0.014502
18,                            14,                       4,                       0.014986
18,                            14,                       4,                       0.015086
18,                            14,                       4,                       0.014745
18,                            14,                       4,                       0.015307
18,                            14,                       4,                       0.015072
18,                            14,                       4,                       0.015056
18,                            14,                       4,                       0.01491
18,                            14,                       4,                       0.014803
18,                            14,                       4,                       0.014444
18,                            14,                       4,                       0.014592
18,                            14,                       4,                       0.016813
18,                            14,                       4,                       0.01493
18,                            14,                       4,                       0.014909
18,                            14,                       4,                       0.014518
18,                            14,                       4,                       0.015167
18,                            14,                       4,                       0.015675
18,                            14,                       4,                       0.014973
18,                            14,                       4,                       0.015715
18,                            14,                       4,                       0.016099
18,                            14,                       4,                       0.014924
18,                            14,                       4,                       0.015232
18,                            14,                       4,                       0.014634
18,                            14,                       4,                       0.016505
18,                            14,                       4,                       0.014994
18,                            14,                       4,                       0.014631
18,                            14,                       4,                       0.01506
18,                            14,                       4,                       0.015067
18,                            14,                       4,                       0.015368
18,                            14,                       4,                       0.01539
18,                            14,                       4,                       0.014748
18,                            14,                       4,                       0.015101
18,                            14,                       4,                       0.0148
18,                            14,                       4,                       0.01535
18,                            14,                       4,                       0.014844
18,                            14,                       4,                       0.014975
18,                            14,                       4,                       0.014838
18,                            14,                       4,                       0.015122
18,                            14,                       4,                       0.015002
18,                            14,                       4,                       0.014977
18,                            14,                       4,                       0.016355
18,                            14,                       4,                       0.015206
18,                            14,                       4,                       0.015294
18,                            14,                       4,                       0.015916
18,                            14,                       4,                       0.015067
18,                            14,                       4,                       0.014829
18,                            14,                       4,                       0.015827
18,                            14,                       4,                       0.014469
18,                            14,                       4,                       0.016123
18,                            14,                       4,                       0.015419
18,                            14,                       4,                       0.015059
18,                            14,                       4,                       0.014476
18,                            14,                       4,                       0.014557
18,                            14,                       4,                       0.014574
18,                            14,                       4,                       0.015501
18,                            14,                       4,                       0.015104
18,                            14,                       4,                       0.015165
18,                            14,                       4,                       0.015454
18,                            14,                       4,                       0.014885
18,                            14,                       4,                       0.014899
18,                            14,                       4,                       0.014783
18,                            14,                       4,                       0.014942
18,                            14,                       4,                       0.014819
18,                            14,                       4,                       0.015302
18,                            14,                       4,                       0.014931
18,                            14,                       4,                       0.014781
18,                            14,                       4,                       0.015222
18,                            14,                       4,                       0.016149
18,                            14,                       4,                       0.014665
18,                            14,                       4,                       0.014806
18,                            14,                       4,                       0.015177
18,                            14,                       4,                       0.01489
18,                            14,                       4,                       0.014962
18,                            14,                       4,                       0.014443
18,                            14,                       4,                       0.014307
18,                            14,                       4,                       0.015269
18,                            14,                       4,                       0.015061
18,                            14,                       4,                       0.01525
18,                            14,                       4,                       0.018434
18,                            14,                       4,                       0.014951
18,                            14,                       4,                       0.015438
18,                            14,                       4,                       0.015607
18,                            14,                       4,                       0.015662
18,                            14,                       4,                       0.015701
18,                            14,                       4,                       0.01465
18,                            14,                       4,                       0.015887
18,                            14,                       4,                       0.014734
18,                            14,                       4,                       0.014636
18,                            14,                       4,                       0.014807
18,                            14,                       4,                       0.014668
18,                            14,                       4,                       0.015096
18,                            14,                       4,                       0.0147
18,                            14,                       4,                       0.015733
18,                            14,                       4,                       0.014519
18,                            14,                       4,                       0.015649
18,                            14,                       4,                       0.014833
18,                            14,                       4,                       0.015549
18,                            14,                       4,                       0.015378
18,                            14,                       4,                       0.014921
18,                            14,                       4,                       0.016651
18,                            14,                       4,                       0.014609
18,                            14,                       4,                       0.014761
18,                            14,                       4,                       0.01481
18,                            14,                       4,                       0.015026
18,                            14,                       4,                       0.015191
18,                            14,                       4,                       0.01522
18,                            14,                       4,                       0.015119
18,                            14,                       4,                       0.015468
18,                            14,                       4,                       0.014734
18,                            14,                       4,                       0.015266
18,                            14,                       4,                       0.015585
18,                            14,                       4,                       0.015113
18,                            14,                       4,                       0.014903
18,                            14,                       4,                       0.014919
18,                            14,                       4,                       0.015373
18,                            14,                       4,                       0.015834
18,                            14,                       4,                       0.014699
18,                            14,                       4,                       0.018915
18,                            14,                       4,                       0.01499
18,                            14,                       4,                       0.01421
18,                            14,                       4,                       0.014798
18,                            14,                       4,                       0.01459
18,                            14,                       4,                       0.015133
18,                            14,                       4,                       0.014645
18,                            14,                       4,                       0.015156
18,                            14,                       4,                       0.0159
18,                            14,                       4,                       0.015179
18,                            14,                       4,                       0.014722
18,                            14,                       4,                       0.016194
18,                            14,                       4,                       0.015632
18,                            14,                       4,                       0.014455
18,                            14,                       4,                       0.014825
18,                            14,                       4,                       0.014321
18,                            14,                       4,                       0.014836
18,                            14,                       4,                       0.014934
18,                            14,                       4,                       0.015057
18,                            14,                       4,                       0.018728
18,                            14,                       4,                       0.01451
18,                            14,                       4,                       0.015009
18,                            14,                       4,                       0.015351
18,                            14,                       4,                       0.014718
18,                            14,                       4,                       0.015538
18,                            14,                       4,                       0.015494
18,                            14,                       4,                       0.015407
18,                            14,                       4,                       0.015581
18,                            14,                       4,                       0.014608
18,                            14,                       4,                       0.015269
18,                            14,                       4,                       0.01488
18,                            14,                       4,                       0.015042
18,                            14,                       4,                       0.016385
18,                            14,                       4,                       0.014887
18,                            14,                       4,                       0.01608
18,                            14,                       4,                       0.015642
18,                            14,                       4,                       0.014907
18,                            14,                       4,                       0.015108
18,                            14,                       4,                       0.015201
18,                            14,                       4,                       0.01481
18,                            14,                       4,                       0.01632
18,                            14,                       4,                       0.014749
18,                            14,                       4,                       0.016443
18,                            14,                       4,                       0.014993
18,                            14,                       4,                       0.014957
18,                            14,                       4,                       0.017432
18,                            14,                       4,                       0.015393
18,                            14,                       4,                       0.015469
18,                            14,                       4,                       0.015834
18,                            14,                       4,                       0.015396
18,                            14,                       4,                       0.015058
18,                            14,                       4,                       0.016731
18,                            14,                       4,                       0.01552
18,                            14,                       4,                       0.014955
18,                            14,                       4,                       0.01511
18,                            14,                       4,                       0.015058
18,                            14,                       4,                       0.014919
18,                            14,                       4,                       0.015156
18,                            14,                       4,                       0.015256
18,                            14,                       4,                       0.015972
18,                            14,                       4,                       0.015042
18,                            14,                       4,                       0.014707
18,                            14,                       4,                       0.015158
18,                            14,                       4,                       0.016613
18,                            14,                       4,                       0.014927
18,                            14,                       4,                       0.014829
18,                            14,                       4,                       0.015709
18,                            14,                       4,                       0.015173
18,                            14,                       4,                       0.01506
18,                            14,                       4,                       0.014627
18,                            14,                       4,                       0.015652
18,                            14,                       4,                       0.014857
18,                            14,                       4,                       0.016122
18,                            14,                       4,                       0.015152
18,                            14,                       4,                       0.015628
18,                            14,                       4,                       0.01628
18,                            14,                       4,                       0.015393
18,                            14,                       4,                       0.015811
18,                            14,                       4,                       0.016258
18,                            14,                       4,                       0.01503
18,                            14,                       4,                       0.01573
18,                            14,                       4,                       0.014765
18,                            14,                       4,                       0.015331
18,                            14,                       4,                       0.015516
18,                            14,                       4,                       0.015454
18,                            14,                       4,                       0.014818
18,                            14,                       4,                       0.015284
18,                            14,                       4,                       0.018516
18,                            14,                       4,                       0.015327
18,                            14,                       4,                       0.014831
