COMMENT : The search result by Hill-Climbing for Cauchy_Good Fri Jan 26 15:13:24 2018

tech : Cauchy_Good
algorithm : Hill-Climbing
k : 6
m : 6
w : 6
failed_disk_id : 0
conventional_symbol_number    optimized_symbol_number    reduced_symbol_number    time
36,                            26,                       10,                       0.175993
36,                            26,                       10,                       0.181245
36,                            26,                       10,                       0.170244
36,                            26,                       10,                       0.174183
36,                            26,                       10,                       0.17977
36,                            26,                       10,                       0.173067
36,                            26,                       10,                       0.17521
36,                            26,                       10,                       0.173513
36,                            26,                       10,                       0.173815
36,                            26,                       10,                       0.184588
36,                            26,                       10,                       0.17448
36,                            26,                       10,                       0.177793
36,                            26,                       10,                       0.179136
36,                            26,                       10,                       0.186741
36,                            26,                       10,                       0.181695
36,                            26,                       10,                       0.178584
36,                            26,                       10,                       0.182112
36,                            26,                       10,                       0.180876
36,                            26,                       10,                       0.181878
36,                            26,                       10,                       0.173628
36,                            26,                       10,                       0.169964
36,                            26,                       10,                       0.171016
36,                            26,                       10,                       0.172114
36,                            26,                       10,                       0.173697
36,                            26,                       10,                       0.173104
36,                            26,                       10,                       0.170027
36,                            26,                       10,                       0.171987
36,                            26,                       10,                       0.177319
36,                            26,                       10,                       0.170731
36,                            26,                       10,                       0.172636
36,                            26,                       10,                       0.17004
36,                            26,                       10,                       0.173146
36,                            26,                       10,                       0.168702
36,                            26,                       10,                       0.171738
36,                            26,                       10,                       0.171926
36,                            26,                       10,                       0.175193
36,                            26,                       10,                       0.181562
36,                            26,                       10,                       0.206749
36,                            26,                       10,                       0.189419
36,                            26,                       10,                       0.179226
36,                            26,                       10,                       0.173235
36,                            26,                       10,                       0.197797
36,                            26,                       10,                       0.19137
36,                            26,                       10,                       0.198163
36,                            26,                       10,                       0.184883
36,                            26,                       10,                       0.176527
36,                            26,                       10,                       0.172676
36,                            26,                       10,                       0.17615
36,                            26,                       10,                       0.175757
36,                            26,                       10,                       0.178651
36,                            26,                       10,                       0.175716
36,                            26,                       10,                       0.178344
36,                            26,                       10,                       0.175675
36,                            26,                       10,                       0.176471
36,                            26,                       10,                       0.17741
36,                            26,                       10,                       0.182215
36,                            26,                       10,                       0.174835
36,                            26,                       10,                       0.174759
36,                            26,                       10,                       0.198519
36,                            26,                       10,                       0.173802
36,                            26,                       10,                       0.185362
36,                            26,                       10,                       0.176805
36,                            26,                       10,                       0.175207
36,                            26,                       10,                       0.176692
36,                            26,                       10,                       0.184047
36,                            26,                       10,                       0.191064
36,                            26,                       10,                       0.178669
36,                            26,                       10,                       0.173852
36,                            26,                       10,                       0.175089
36,                            26,                       10,                       0.174316
36,                            26,                       10,                       0.172648
36,                            26,                       10,                       0.172274
36,                            26,                       10,                       0.172699
36,                            26,                       10,                       0.173477
36,                            26,                       10,                       0.17358
36,                            26,                       10,                       0.172603
36,                            26,                       10,                       0.174287
36,                            26,                       10,                       0.173904
36,                            26,                       10,                       0.172082
36,                            26,                       10,                       0.173457
36,                            26,                       10,                       0.176972
36,                            26,                       10,                       0.17669
36,                            26,                       10,                       0.177245
36,                            26,                       10,                       0.186563
36,                            26,                       10,                       0.173829
36,                            26,                       10,                       0.184993
36,                            26,                       10,                       0.174815
36,                            26,                       10,                       0.180656
36,                            26,                       10,                       0.17638
36,                            26,                       10,                       0.182652
36,                            26,                       10,                       0.177779
36,                            26,                       10,                       0.173829
36,                            26,                       10,                       0.177505
36,                            26,                       10,                       0.177932
36,                            26,                       10,                       0.174663
36,                            26,                       10,                       0.175796
36,                            26,                       10,                       0.175154
36,                            26,                       10,                       0.177292
36,                            26,                       10,                       0.17663
36,                            26,                       10,                       0.17755
36,                            26,                       10,                       0.177076
36,                            26,                       10,                       0.177847
36,                            26,                       10,                       0.189878
36,                            26,                       10,                       0.178334
36,                            26,                       10,                       0.176797
36,                            26,                       10,                       0.174128
36,                            26,                       10,                       0.174061
36,                            26,                       10,                       0.188687
36,                            26,                       10,                       0.178401
36,                            26,                       10,                       0.181033
36,                            26,                       10,                       0.177068
36,                            26,                       10,                       0.177716
36,                            26,                       10,                       0.178978
36,                            26,                       10,                       0.177503
36,                            26,                       10,                       0.179122
36,                            26,                       10,                       0.176912
36,                            26,                       10,                       0.177554
36,                            26,                       10,                       0.177901
36,                            26,                       10,                       0.177069
36,                            26,                       10,                       0.187872
36,                            26,                       10,                       0.176991
36,                            26,                       10,                       0.176194
36,                            26,                       10,                       0.173702
36,                            26,                       10,                       0.174972
36,                            26,                       10,                       0.175506
36,                            26,                       10,                       0.175985
36,                            26,                       10,                       0.176319
36,                            26,                       10,                       0.17784
36,                            26,                       10,                       0.176608
36,                            26,                       10,                       0.176737
36,                            26,                       10,                       0.176837
36,                            26,                       10,                       0.18055
36,                            26,                       10,                       0.174104
36,                            26,                       10,                       0.179687
36,                            26,                       10,                       0.179393
36,                            26,                       10,                       0.175984
36,                            26,                       10,                       0.181977
36,                            26,                       10,                       0.179579
36,                            26,                       10,                       0.178132
36,                            26,                       10,                       0.175075
36,                            26,                       10,                       0.176564
36,                            26,                       10,                       0.177567
36,                            26,                       10,                       0.176099
36,                            26,                       10,                       0.173824
36,                            26,                       10,                       0.175855
36,                            26,                       10,                       0.179726
36,                            26,                       10,                       0.175372
36,                            26,                       10,                       0.17758
36,                            26,                       10,                       0.17931
36,                            26,                       10,                       0.173632
36,                            26,                       10,                       0.179384
36,                            26,                       10,                       0.177263
36,                            26,                       10,                       0.17957
36,                            26,                       10,                       0.173764
36,                            26,                       10,                       0.174399
36,                            26,                       10,                       0.17428
36,                            26,                       10,                       0.175903
36,                            26,                       10,                       0.175038
36,                            26,                       10,                       0.173793
36,                            26,                       10,                       0.189728
36,                            26,                       10,                       0.177707
36,                            26,                       10,                       0.176294
36,                            26,                       10,                       0.176736
36,                            26,                       10,                       0.176171
36,                            26,                       10,                       0.185441
36,                            26,                       10,                       0.176923
36,                            26,                       10,                       0.177077
36,                            26,                       10,                       0.174578
36,                            26,                       10,                       0.178317
36,                            26,                       10,                       0.176546
36,                            26,                       10,                       0.178461
36,                            26,                       10,                       0.176232
36,                            26,                       10,                       0.177504
36,                            26,                       10,                       0.176518
36,                            26,                       10,                       0.178511
36,                            26,                       10,                       0.175705
36,                            26,                       10,                       0.175423
36,                            26,                       10,                       0.175572
36,                            26,                       10,                       0.18612
36,                            26,                       10,                       0.1748
36,                            26,                       10,                       0.178704
36,                            26,                       10,                       0.175716
36,                            26,                       10,                       0.18216
36,                            26,                       10,                       0.175312
36,                            26,                       10,                       0.176187
36,                            26,                       10,                       0.18078
36,                            26,                       10,                       0.179925
36,                            26,                       10,                       0.17574
36,                            26,                       10,                       0.181197
36,                            26,                       10,                       0.179088
36,                            26,                       10,                       0.182813
36,                            26,                       10,                       0.175891
36,                            26,                       10,                       0.178691
36,                            26,                       10,                       0.19629
36,                            26,                       10,                       0.174816
36,                            26,                       10,                       0.177282
36,                            26,                       10,                       0.173417
36,                            26,                       10,                       0.174634
36,                            26,                       10,                       0.175431
36,                            26,                       10,                       0.177061
36,                            26,                       10,                       0.17705
36,                            26,                       10,                       0.177515
36,                            26,                       10,                       0.178158
36,                            26,                       10,                       0.177985
36,                            26,                       10,                       0.181378
36,                            26,                       10,                       0.177316
36,                            26,                       10,                       0.188572
36,                            26,                       10,                       0.176745
36,                            26,                       10,                       0.175493
36,                            26,                       10,                       0.177061
36,                            26,                       10,                       0.174569
36,                            26,                       10,                       0.177365
36,                            26,                       10,                       0.175201
36,                            26,                       10,                       0.172319
36,                            26,                       10,                       0.192178
36,                            26,                       10,                       0.173334
36,                            26,                       10,                       0.181968
36,                            26,                       10,                       0.179661
36,                            26,                       10,                       0.180986
36,                            26,                       10,                       0.175325
36,                            26,                       10,                       0.190922
36,                            26,                       10,                       0.174153
36,                            26,                       10,                       0.176374
36,                            26,                       10,                       0.180833
36,                            26,                       10,                       0.181474
36,                            26,                       10,                       0.172231
36,                            26,                       10,                       0.174534
36,                            26,                       10,                       0.173145
36,                            26,                       10,                       0.183849
36,                            26,                       10,                       0.178568
36,                            26,                       10,                       0.182508
36,                            26,                       10,                       0.174284
36,                            26,                       10,                       0.174805
36,                            26,                       10,                       0.179163
36,                            26,                       10,                       0.175872
36,                            26,                       10,                       0.182204
36,                            26,                       10,                       0.181744
36,                            26,                       10,                       0.186631
36,                            26,                       10,                       0.178312
36,                            26,                       10,                       0.177034
36,                            26,                       10,                       0.179323
36,                            26,                       10,                       0.18071
36,                            26,                       10,                       0.179298
36,                            26,                       10,                       0.180977
36,                            26,                       10,                       0.177734
36,                            26,                       10,                       0.178573
36,                            26,                       10,                       0.176398
36,                            26,                       10,                       0.177856
36,                            26,                       10,                       0.175511
36,                            26,                       10,                       0.181051
36,                            26,                       10,                       0.178914
36,                            26,                       10,                       0.178446
36,                            26,                       10,                       0.178974
36,                            26,                       10,                       0.178186
36,                            26,                       10,                       0.179643
36,                            26,                       10,                       0.184047
36,                            26,                       10,                       0.181853
36,                            26,                       10,                       0.175788
36,                            26,                       10,                       0.178531
36,                            26,                       10,                       0.177768
36,                            26,                       10,                       0.186768
36,                            26,                       10,                       0.182582
36,                            26,                       10,                       0.18461
36,                            26,                       10,                       0.1788
36,                            26,                       10,                       0.177079
36,                            26,                       10,                       0.177459
36,                            26,                       10,                       0.175244
36,                            26,                       10,                       0.172697
36,                            26,                       10,                       0.176749
36,                            26,                       10,                       0.180224
36,                            26,                       10,                       0.175796
36,                            26,                       10,                       0.176735
36,                            26,                       10,                       0.176599
36,                            26,                       10,                       0.177371
36,                            26,                       10,                       0.178019
36,                            26,                       10,                       0.176579
36,                            26,                       10,                       0.177295
36,                            26,                       10,                       0.185711
36,                            26,                       10,                       0.18136
36,                            26,                       10,                       0.180784
36,                            26,                       10,                       0.181553
36,                            26,                       10,                       0.178171
36,                            26,                       10,                       0.179541
36,                            26,                       10,                       0.176365
36,                            26,                       10,                       0.179169
36,                            26,                       10,                       0.177667
36,                            26,                       10,                       0.180615
36,                            26,                       10,                       0.180013
36,                            26,                       10,                       0.179801
36,                            26,                       10,                       0.181295
36,                            26,                       10,                       0.18372
36,                            26,                       10,                       0.188581
36,                            26,                       10,                       0.178003
36,                            26,                       10,                       0.180103
36,                            26,                       10,                       0.180647
36,                            26,                       10,                       0.17887
36,                            26,                       10,                       0.184112
36,                            26,                       10,                       0.178041
36,                            26,                       10,                       0.177703
36,                            26,                       10,                       0.182832
