COMMENT : The search result by Hill-Climbing for Cauchy_Good Fri Jan 26 15:13:26 2018

tech : Cauchy_Good
algorithm : Hill-Climbing
k : 7
m : 2
w : 5
failed_disk_id : 0
conventional_symbol_number    optimized_symbol_number    reduced_symbol_number    time
35,                            28,                       7,                       0.00073
35,                            28,                       7,                       0.000693
35,                            28,                       7,                       0.00061
35,                            28,                       7,                       0.000657
35,                            28,                       7,                       0.000629
35,                            28,                       7,                       0.000816
35,                            28,                       7,                       0.000649
35,                            28,                       7,                       0.000714
35,                            28,                       7,                       0.000677
35,                            28,                       7,                       0.000685
35,                            28,                       7,                       0.000715
35,                            28,                       7,                       0.000663
35,                            28,                       7,                       0.000612
35,                            28,                       7,                       0.000713
35,                            28,                       7,                       0.000684
35,                            28,                       7,                       0.000673
35,                            28,                       7,                       0.000684
35,                            28,                       7,                       0.000671
35,                            28,                       7,                       0.000675
35,                            28,                       7,                       0.000854
35,                            28,                       7,                       0.000669
35,                            28,                       7,                       0.000684
35,                            28,                       7,                       0.000664
35,                            28,                       7,                       0.000612
35,                            28,                       7,                       0.000666
35,                            28,                       7,                       0.00066
35,                            28,                       7,                       0.000683
35,                            28,                       7,                       0.000615
35,                            28,                       7,                       0.000665
35,                            28,                       7,                       0.000676
35,                            28,                       7,                       0.000614
35,                            28,                       7,                       0.000699
35,                            28,                       7,                       0.00067
35,                            28,                       7,                       0.000609
35,                            28,                       7,                       0.000625
35,                            28,                       7,                       0.000611
35,                            28,                       7,                       0.000639
35,                            28,                       7,                       0.000629
35,                            28,                       7,                       0.000875
35,                            28,                       7,                       0.001085
35,                            28,                       7,                       0.000674
35,                            28,                       7,                       0.001062
35,                            28,                       7,                       0.000686
35,                            28,                       7,                       0.000725
35,                            28,                       7,                       0.000759
35,                            28,                       7,                       0.000687
35,                            28,                       7,                       0.000698
35,                            28,                       7,                       0.000716
35,                            28,                       7,                       0.000628
35,                            28,                       7,                       0.000673
35,                            28,                       7,                       0.00065
35,                            28,                       7,                       0.000649
35,                            28,                       7,                       0.000666
35,                            28,                       7,                       0.000613
35,                            28,                       7,                       0.000668
35,                            28,                       7,                       0.000676
35,                            28,                       7,                       0.000611
35,                            28,                       7,                       0.000695
35,                            28,                       7,                       0.000673
35,                            28,                       7,                       0.000668
35,                            28,                       7,                       0.000616
35,                            28,                       7,                       0.000826
35,                            28,                       7,                       0.000625
35,                            28,                       7,                       0.000696
35,                            28,                       7,                       0.000672
35,                            28,                       7,                       0.000629
35,                            28,                       7,                       0.000668
35,                            28,                       7,                       0.00067
35,                            28,                       7,                       0.000682
35,                            28,                       7,                       0.000671
35,                            28,                       7,                       0.000636
35,                            28,                       7,                       0.000654
35,                            28,                       7,                       0.000657
35,                            28,                       7,                       0.000664
35,                            28,                       7,                       0.000754
35,                            28,                       7,                       0.001011
35,                            28,                       7,                       0.000659
35,                            28,                       7,                       0.000649
35,                            28,                       7,                       0.00068
35,                            28,                       7,                       0.000702
35,                            28,                       7,                       0.000687
35,                            28,                       7,                       0.000666
35,                            28,                       7,                       0.000671
35,                            28,                       7,                       0.000641
35,                            28,                       7,                       0.000641
35,                            28,                       7,                       0.000671
35,                            28,                       7,                       0.000614
35,                            28,                       7,                       0.000699
35,                            28,                       7,                       0.000688
35,                            28,                       7,                       0.000706
35,                            28,                       7,                       0.000678
35,                            28,                       7,                       0.000654
35,                            28,                       7,                       0.000626
35,                            28,                       7,                       0.000628
35,                            28,                       7,                       0.000671
35,                            28,                       7,                       0.000707
35,                            28,                       7,                       0.000674
35,                            28,                       7,                       0.000631
35,                            28,                       7,                       0.00064
35,                            28,                       7,                       0.000615
35,                            28,                       7,                       0.000783
35,                            28,                       7,                       0.00061
35,                            28,                       7,                       0.000631
35,                            28,                       7,                       0.0008
35,                            28,                       7,                       0.000664
35,                            28,                       7,                       0.000683
35,                            28,                       7,                       0.00071
35,                            28,                       7,                       0.000635
35,                            28,                       7,                       0.00063
35,                            28,                       7,                       0.000634
35,                            28,                       7,                       0.000656
35,                            28,                       7,                       0.000673
35,                            28,                       7,                       0.000852
35,                            28,                       7,                       0.00067
35,                            28,                       7,                       0.000755
35,                            28,                       7,                       0.000727
35,                            28,                       7,                       0.000909
35,                            28,                       7,                       0.000706
35,                            28,                       7,                       0.000686
35,                            28,                       7,                       0.000827
35,                            28,                       7,                       0.000625
35,                            28,                       7,                       0.000613
35,                            28,                       7,                       0.000672
35,                            28,                       7,                       0.000721
35,                            28,                       7,                       0.000666
35,                            28,                       7,                       0.000715
35,                            28,                       7,                       0.000649
35,                            28,                       7,                       0.000612
35,                            28,                       7,                       0.000753
35,                            28,                       7,                       0.000614
35,                            28,                       7,                       0.000696
35,                            28,                       7,                       0.000667
35,                            28,                       7,                       0.000799
35,                            28,                       7,                       0.000768
35,                            28,                       7,                       0.000623
35,                            28,                       7,                       0.000673
35,                            28,                       7,                       0.00063
35,                            28,                       7,                       0.00068
35,                            28,                       7,                       0.0007
35,                            28,                       7,                       0.000611
35,                            28,                       7,                       0.000798
35,                            28,                       7,                       0.000671
35,                            28,                       7,                       0.000628
35,                            28,                       7,                       0.000646
35,                            28,                       7,                       0.000747
35,                            28,                       7,                       0.000642
35,                            28,                       7,                       0.000658
35,                            28,                       7,                       0.000684
35,                            28,                       7,                       0.000671
35,                            28,                       7,                       0.00068
35,                            28,                       7,                       0.000673
35,                            28,                       7,                       0.000628
35,                            28,                       7,                       0.000671
35,                            28,                       7,                       0.000678
35,                            28,                       7,                       0.000649
35,                            28,                       7,                       0.000684
35,                            28,                       7,                       0.000667
35,                            28,                       7,                       0.000935
35,                            28,                       7,                       0.000613
35,                            28,                       7,                       0.000703
35,                            28,                       7,                       0.000675
35,                            28,                       7,                       0.000681
35,                            28,                       7,                       0.001012
35,                            28,                       7,                       0.000665
35,                            28,                       7,                       0.000635
35,                            28,                       7,                       0.000671
35,                            28,                       7,                       0.000646
35,                            28,                       7,                       0.000653
35,                            28,                       7,                       0.000678
35,                            28,                       7,                       0.000694
35,                            28,                       7,                       0.000627
35,                            28,                       7,                       0.000965
35,                            28,                       7,                       0.000705
35,                            28,                       7,                       0.00064
35,                            28,                       7,                       0.001185
35,                            28,                       7,                       0.00066
35,                            28,                       7,                       0.00068
35,                            28,                       7,                       0.000729
35,                            28,                       7,                       0.000864
35,                            28,                       7,                       0.000678
35,                            28,                       7,                       0.000818
35,                            28,                       7,                       0.000671
35,                            28,                       7,                       0.000691
35,                            28,                       7,                       0.000629
35,                            28,                       7,                       0.0009
35,                            28,                       7,                       0.000614
35,                            28,                       7,                       0.000779
35,                            28,                       7,                       0.000661
35,                            28,                       7,                       0.001122
35,                            28,                       7,                       0.000607
35,                            28,                       7,                       0.000658
35,                            28,                       7,                       0.000775
35,                            28,                       7,                       0.0007
35,                            28,                       7,                       0.000628
35,                            28,                       7,                       0.000778
35,                            28,                       7,                       0.000668
35,                            28,                       7,                       0.000683
35,                            28,                       7,                       0.000624
35,                            28,                       7,                       0.000613
35,                            28,                       7,                       0.000743
35,                            28,                       7,                       0.000643
35,                            28,                       7,                       0.000792
35,                            28,                       7,                       0.000679
35,                            28,                       7,                       0.000691
35,                            28,                       7,                       0.000655
35,                            28,                       7,                       0.000668
35,                            28,                       7,                       0.000666
35,                            28,                       7,                       0.000667
35,                            28,                       7,                       0.000687
35,                            28,                       7,                       0.000701
35,                            28,                       7,                       0.000662
35,                            28,                       7,                       0.000701
35,                            28,                       7,                       0.00068
35,                            28,                       7,                       0.000649
35,                            28,                       7,                       0.000664
35,                            28,                       7,                       0.000609
35,                            28,                       7,                       0.000766
35,                            28,                       7,                       0.000669
35,                            28,                       7,                       0.000682
35,                            28,                       7,                       0.000653
35,                            28,                       7,                       0.000667
35,                            28,                       7,                       0.00068
35,                            28,                       7,                       0.001214
35,                            28,                       7,                       0.000615
35,                            28,                       7,                       0.000613
35,                            28,                       7,                       0.000675
35,                            28,                       7,                       0.000681
35,                            28,                       7,                       0.00061
35,                            28,                       7,                       0.000678
35,                            28,                       7,                       0.000668
35,                            28,                       7,                       0.000648
35,                            28,                       7,                       0.000631
35,                            28,                       7,                       0.000671
35,                            28,                       7,                       0.000679
35,                            28,                       7,                       0.000631
35,                            28,                       7,                       0.000662
35,                            28,                       7,                       0.000693
35,                            28,                       7,                       0.000659
35,                            28,                       7,                       0.000613
35,                            28,                       7,                       0.000626
35,                            28,                       7,                       0.000754
35,                            28,                       7,                       0.000672
35,                            28,                       7,                       0.000657
35,                            28,                       7,                       0.000674
35,                            28,                       7,                       0.00066
35,                            28,                       7,                       0.000627
35,                            28,                       7,                       0.000667
35,                            28,                       7,                       0.000679
35,                            28,                       7,                       0.000668
35,                            28,                       7,                       0.000631
35,                            28,                       7,                       0.000673
35,                            28,                       7,                       0.000672
35,                            28,                       7,                       0.000684
35,                            28,                       7,                       0.000613
35,                            28,                       7,                       0.000665
35,                            28,                       7,                       0.000648
35,                            28,                       7,                       0.000663
35,                            28,                       7,                       0.000679
35,                            28,                       7,                       0.000745
35,                            28,                       7,                       0.000803
35,                            28,                       7,                       0.000712
35,                            28,                       7,                       0.000629
35,                            28,                       7,                       0.000624
35,                            28,                       7,                       0.000739
35,                            28,                       7,                       0.000665
35,                            28,                       7,                       0.000621
35,                            28,                       7,                       0.000629
35,                            28,                       7,                       0.000709
35,                            28,                       7,                       0.000628
35,                            28,                       7,                       0.000666
35,                            28,                       7,                       0.001082
35,                            28,                       7,                       0.00063
35,                            28,                       7,                       0.00109
35,                            28,                       7,                       0.000689
35,                            28,                       7,                       0.000674
35,                            28,                       7,                       0.000668
35,                            28,                       7,                       0.000696
35,                            28,                       7,                       0.000683
35,                            28,                       7,                       0.000671
35,                            28,                       7,                       0.000683
35,                            28,                       7,                       0.000673
35,                            28,                       7,                       0.000613
35,                            28,                       7,                       0.000703
35,                            28,                       7,                       0.000665
35,                            28,                       7,                       0.000681
35,                            28,                       7,                       0.00064
35,                            28,                       7,                       0.000641
35,                            28,                       7,                       0.000683
35,                            28,                       7,                       0.00066
35,                            28,                       7,                       0.000717
35,                            28,                       7,                       0.000926
35,                            28,                       7,                       0.000679
35,                            28,                       7,                       0.000674
35,                            28,                       7,                       0.000703
35,                            28,                       7,                       0.000712
35,                            28,                       7,                       0.000884
35,                            28,                       7,                       0.000816
35,                            28,                       7,                       0.000612
35,                            28,                       7,                       0.000695
35,                            28,                       7,                       0.000879
