COMMENT : The search result by Hill-Climbing for Cauchy_Good Fri Jan 26 15:13:17 2018

tech : Cauchy_Good
algorithm : Hill-Climbing
k : 4
m : 4
w : 6
failed_disk_id : 0
conventional_symbol_number    optimized_symbol_number    reduced_symbol_number    time
24,                            18,                       6,                       0.04679
24,                            18,                       6,                       0.044796
24,                            18,                       6,                       0.046684
24,                            18,                       6,                       0.048008
24,                            18,                       6,                       0.050535
24,                            18,                       6,                       0.046463
24,                            18,                       6,                       0.046975
24,                            18,                       6,                       0.045972
24,                            18,                       6,                       0.046318
24,                            18,                       6,                       0.045305
24,                            18,                       6,                       0.047434
24,                            18,                       6,                       0.046745
24,                            18,                       6,                       0.04524
24,                            18,                       6,                       0.048235
24,                            18,                       6,                       0.049153
24,                            18,                       6,                       0.04992
24,                            18,                       6,                       0.049234
24,                            18,                       6,                       0.046306
24,                            18,                       6,                       0.048601
24,                            18,                       6,                       0.044912
24,                            18,                       6,                       0.044796
24,                            18,                       6,                       0.044736
24,                            18,                       6,                       0.045182
24,                            18,                       6,                       0.045042
24,                            18,                       6,                       0.045928
24,                            18,                       6,                       0.044701
24,                            18,                       6,                       0.047051
24,                            18,                       6,                       0.046046
24,                            18,                       6,                       0.044661
24,                            18,                       6,                       0.045907
24,                            18,                       6,                       0.045643
24,                            18,                       6,                       0.044972
24,                            18,                       6,                       0.045405
24,                            18,                       6,                       0.045199
24,                            18,                       6,                       0.044409
24,                            18,                       6,                       0.046358
24,                            18,                       6,                       0.046013
24,                            18,                       6,                       0.044758
24,                            18,                       6,                       0.048265
24,                            18,                       6,                       0.047968
24,                            18,                       6,                       0.048925
24,                            18,                       6,                       0.055567
24,                            18,                       6,                       0.044667
24,                            18,                       6,                       0.04848
24,                            18,                       6,                       0.04816
24,                            18,                       6,                       0.047322
24,                            18,                       6,                       0.04569
24,                            18,                       6,                       0.046142
24,                            18,                       6,                       0.047524
24,                            18,                       6,                       0.051955
24,                            18,                       6,                       0.047021
24,                            18,                       6,                       0.046511
24,                            18,                       6,                       0.048391
24,                            18,                       6,                       0.04568
24,                            18,                       6,                       0.046121
24,                            18,                       6,                       0.046675
24,                            18,                       6,                       0.046161
24,                            18,                       6,                       0.04651
24,                            18,                       6,                       0.045256
24,                            18,                       6,                       0.050842
24,                            18,                       6,                       0.048004
24,                            18,                       6,                       0.046893
24,                            18,                       6,                       0.046994
24,                            18,                       6,                       0.045677
24,                            18,                       6,                       0.045793
24,                            18,                       6,                       0.045693
24,                            18,                       6,                       0.046489
24,                            18,                       6,                       0.047877
24,                            18,                       6,                       0.045742
24,                            18,                       6,                       0.044749
24,                            18,                       6,                       0.045749
24,                            18,                       6,                       0.045455
24,                            18,                       6,                       0.045156
24,                            18,                       6,                       0.044673
24,                            18,                       6,                       0.045863
24,                            18,                       6,                       0.045389
24,                            18,                       6,                       0.045363
24,                            18,                       6,                       0.046312
24,                            18,                       6,                       0.054757
24,                            18,                       6,                       0.044977
24,                            18,                       6,                       0.046637
24,                            18,                       6,                       0.048086
24,                            18,                       6,                       0.050512
24,                            18,                       6,                       0.046006
24,                            18,                       6,                       0.046452
24,                            18,                       6,                       0.050101
24,                            18,                       6,                       0.04867
24,                            18,                       6,                       0.051214
24,                            18,                       6,                       0.048395
24,                            18,                       6,                       0.049389
24,                            18,                       6,                       0.047419
24,                            18,                       6,                       0.045746
24,                            18,                       6,                       0.046309
24,                            18,                       6,                       0.047595
24,                            18,                       6,                       0.047733
24,                            18,                       6,                       0.046643
24,                            18,                       6,                       0.046086
24,                            18,                       6,                       0.045953
24,                            18,                       6,                       0.046515
24,                            18,                       6,                       0.045951
24,                            18,                       6,                       0.046282
24,                            18,                       6,                       0.04787
24,                            18,                       6,                       0.047294
24,                            18,                       6,                       0.04646
24,                            18,                       6,                       0.046629
24,                            18,                       6,                       0.04731
24,                            18,                       6,                       0.045681
24,                            18,                       6,                       0.046071
24,                            18,                       6,                       0.046585
24,                            18,                       6,                       0.046898
24,                            18,                       6,                       0.046235
24,                            18,                       6,                       0.047219
24,                            18,                       6,                       0.045968
24,                            18,                       6,                       0.046223
24,                            18,                       6,                       0.047071
24,                            18,                       6,                       0.048473
24,                            18,                       6,                       0.046428
24,                            18,                       6,                       0.045729
24,                            18,                       6,                       0.052314
24,                            18,                       6,                       0.047633
24,                            18,                       6,                       0.046565
24,                            18,                       6,                       0.047394
24,                            18,                       6,                       0.045753
24,                            18,                       6,                       0.046367
24,                            18,                       6,                       0.046226
24,                            18,                       6,                       0.046225
24,                            18,                       6,                       0.046985
24,                            18,                       6,                       0.047086
24,                            18,                       6,                       0.047176
24,                            18,                       6,                       0.046611
24,                            18,                       6,                       0.049332
24,                            18,                       6,                       0.046525
24,                            18,                       6,                       0.0469
24,                            18,                       6,                       0.045929
24,                            18,                       6,                       0.046883
24,                            18,                       6,                       0.046308
24,                            18,                       6,                       0.046332
24,                            18,                       6,                       0.047823
24,                            18,                       6,                       0.047655
24,                            18,                       6,                       0.046898
24,                            18,                       6,                       0.046876
24,                            18,                       6,                       0.047426
24,                            18,                       6,                       0.046335
24,                            18,                       6,                       0.046361
24,                            18,                       6,                       0.04569
24,                            18,                       6,                       0.047143
24,                            18,                       6,                       0.046996
24,                            18,                       6,                       0.046326
24,                            18,                       6,                       0.046458
24,                            18,                       6,                       0.046824
24,                            18,                       6,                       0.045928
24,                            18,                       6,                       0.048764
24,                            18,                       6,                       0.047019
24,                            18,                       6,                       0.048117
24,                            18,                       6,                       0.047136
24,                            18,                       6,                       0.045699
24,                            18,                       6,                       0.045387
24,                            18,                       6,                       0.046597
24,                            18,                       6,                       0.04691
24,                            18,                       6,                       0.04647
24,                            18,                       6,                       0.049037
24,                            18,                       6,                       0.04642
24,                            18,                       6,                       0.04573
24,                            18,                       6,                       0.047722
24,                            18,                       6,                       0.046976
24,                            18,                       6,                       0.04791
24,                            18,                       6,                       0.04652
24,                            18,                       6,                       0.04645
24,                            18,                       6,                       0.047969
24,                            18,                       6,                       0.045546
24,                            18,                       6,                       0.048815
24,                            18,                       6,                       0.045911
24,                            18,                       6,                       0.047498
24,                            18,                       6,                       0.047398
24,                            18,                       6,                       0.046851
24,                            18,                       6,                       0.045793
24,                            18,                       6,                       0.051305
24,                            18,                       6,                       0.046078
24,                            18,                       6,                       0.053339
24,                            18,                       6,                       0.050207
24,                            18,                       6,                       0.045239
24,                            18,                       6,                       0.04743
24,                            18,                       6,                       0.047594
24,                            18,                       6,                       0.045639
24,                            18,                       6,                       0.045813
24,                            18,                       6,                       0.045652
24,                            18,                       6,                       0.04679
24,                            18,                       6,                       0.046001
24,                            18,                       6,                       0.047632
24,                            18,                       6,                       0.045888
24,                            18,                       6,                       0.048097
24,                            18,                       6,                       0.046265
24,                            18,                       6,                       0.046234
24,                            18,                       6,                       0.045938
24,                            18,                       6,                       0.047385
24,                            18,                       6,                       0.046596
24,                            18,                       6,                       0.046704
24,                            18,                       6,                       0.046545
24,                            18,                       6,                       0.045559
24,                            18,                       6,                       0.04652
24,                            18,                       6,                       0.045972
24,                            18,                       6,                       0.046328
24,                            18,                       6,                       0.046584
24,                            18,                       6,                       0.047002
24,                            18,                       6,                       0.047187
24,                            18,                       6,                       0.051315
24,                            18,                       6,                       0.047622
24,                            18,                       6,                       0.046593
24,                            18,                       6,                       0.046532
24,                            18,                       6,                       0.049177
24,                            18,                       6,                       0.050134
24,                            18,                       6,                       0.04804
24,                            18,                       6,                       0.046379
24,                            18,                       6,                       0.047128
24,                            18,                       6,                       0.046312
24,                            18,                       6,                       0.045351
24,                            18,                       6,                       0.045758
24,                            18,                       6,                       0.048078
24,                            18,                       6,                       0.046394
24,                            18,                       6,                       0.050095
24,                            18,                       6,                       0.046489
24,                            18,                       6,                       0.047016
24,                            18,                       6,                       0.04616
24,                            18,                       6,                       0.04722
24,                            18,                       6,                       0.047052
24,                            18,                       6,                       0.045749
24,                            18,                       6,                       0.04717
24,                            18,                       6,                       0.046948
24,                            18,                       6,                       0.047137
24,                            18,                       6,                       0.04945
24,                            18,                       6,                       0.053067
24,                            18,                       6,                       0.046053
24,                            18,                       6,                       0.047155
24,                            18,                       6,                       0.046315
24,                            18,                       6,                       0.046194
24,                            18,                       6,                       0.046823
24,                            18,                       6,                       0.047371
24,                            18,                       6,                       0.04872
24,                            18,                       6,                       0.047632
24,                            18,                       6,                       0.046735
24,                            18,                       6,                       0.046568
24,                            18,                       6,                       0.04628
24,                            18,                       6,                       0.046946
24,                            18,                       6,                       0.048445
24,                            18,                       6,                       0.046924
24,                            18,                       6,                       0.046842
24,                            18,                       6,                       0.046528
24,                            18,                       6,                       0.058149
24,                            18,                       6,                       0.045922
24,                            18,                       6,                       0.047633
24,                            18,                       6,                       0.049708
24,                            18,                       6,                       0.047593
24,                            18,                       6,                       0.047071
24,                            18,                       6,                       0.046443
24,                            18,                       6,                       0.046745
24,                            18,                       6,                       0.048184
24,                            18,                       6,                       0.046739
24,                            18,                       6,                       0.047842
24,                            18,                       6,                       0.04839
24,                            18,                       6,                       0.047081
24,                            18,                       6,                       0.04754
24,                            18,                       6,                       0.047845
24,                            18,                       6,                       0.047009
24,                            18,                       6,                       0.048011
24,                            18,                       6,                       0.046934
24,                            18,                       6,                       0.04613
24,                            18,                       6,                       0.054724
24,                            18,                       6,                       0.045724
24,                            18,                       6,                       0.048152
24,                            18,                       6,                       0.046571
24,                            18,                       6,                       0.046783
24,                            18,                       6,                       0.048761
24,                            18,                       6,                       0.045731
24,                            18,                       6,                       0.047644
24,                            18,                       6,                       0.047495
24,                            18,                       6,                       0.046159
24,                            18,                       6,                       0.047279
24,                            18,                       6,                       0.047569
24,                            18,                       6,                       0.050258
24,                            18,                       6,                       0.047606
24,                            18,                       6,                       0.048857
24,                            18,                       6,                       0.048996
24,                            18,                       6,                       0.047124
24,                            18,                       6,                       0.048097
24,                            18,                       6,                       0.04718
24,                            18,                       6,                       0.05167
24,                            18,                       6,                       0.055671
24,                            18,                       6,                       0.044719
24,                            18,                       6,                       0.04895
24,                            18,                       6,                       0.048104
24,                            18,                       6,                       0.047639
24,                            18,                       6,                       0.047018
24,                            18,                       6,                       0.04694
24,                            18,                       6,                       0.04643
24,                            18,                       6,                       0.050142
24,                            18,                       6,                       0.045529
24,                            18,                       6,                       0.04828
24,                            18,                       6,                       0.048978
24,                            18,                       6,                       0.052455
24,                            18,                       6,                       0.049631
