COMMENT : The search result by Hill-Climbing for Cauchy_Good Wed Jan 24 20:40:52 2018

tech : Cauchy_Good
algorithm : Hill-Climbing
k : 8
m : 4
w : 13
failed_disk_id : 0
conventional_symbol_number    optimized_symbol_number    reduced_symbol_number    time
104,                            89,                       15,                       135.63
104,                            89,                       15,                       135.95
104,                            89,                       15,                       135.65
104,                            89,                       15,                       135.62
104,                            89,                       15,                       135.72
104,                            89,                       15,                       135.59
104,                            89,                       15,                       135.68
104,                            89,                       15,                       135.69
104,                            89,                       15,                       135.69
104,                            89,                       15,                       135.58
104,                            89,                       15,                       135.64
104,                            89,                       15,                       135.84
104,                            89,                       15,                       135.71
104,                            89,                       15,                       135.62
104,                            89,                       15,                       135.69
104,                            89,                       15,                       135.64
104,                            89,                       15,                       135.58
104,                            89,                       15,                       135.63
104,                            89,                       15,                       135.68
104,                            89,                       15,                       135.71
104,                            89,                       15,                       135.68
104,                            89,                       15,                       135.63
104,                            89,                       15,                       135.74
104,                            89,                       15,                       135.62
104,                            89,                       15,                       136.06
104,                            89,                       15,                       135.65
104,                            89,                       15,                       135.61
104,                            89,                       15,                       135.77
104,                            89,                       15,                       135.59
104,                            89,                       15,                       135.66
104,                            89,                       15,                       135.65
104,                            89,                       15,                       135.63
104,                            89,                       15,                       135.69
104,                            89,                       15,                       135.68
104,                            89,                       15,                       135.7
104,                            89,                       15,                       135.68
104,                            89,                       15,                       135.61
104,                            89,                       15,                       135.67
104,                            89,                       15,                       135.63
104,                            89,                       15,                       135.67
104,                            89,                       15,                       135.61
104,                            89,                       15,                       135.84
104,                            89,                       15,                       135.71
104,                            89,                       15,                       135.72
104,                            89,                       15,                       135.63
104,                            89,                       15,                       135.62
104,                            89,                       15,                       135.71
104,                            89,                       15,                       136.2
104,                            89,                       15,                       135.7
104,                            89,                       15,                       135.74
104,                            89,                       15,                       135.71
104,                            89,                       15,                       135.64
104,                            89,                       15,                       135.75
104,                            89,                       15,                       135.7
104,                            89,                       15,                       135.73
104,                            89,                       15,                       135.67
104,                            89,                       15,                       135.72
104,                            89,                       15,                       135.74
104,                            89,                       15,                       135.75
104,                            89,                       15,                       135.64
104,                            89,                       15,                       135.7
104,                            89,                       15,                       135.79
104,                            89,                       15,                       135.74
104,                            89,                       15,                       135.74
104,                            89,                       15,                       135.7
104,                            89,                       15,                       135.64
104,                            89,                       15,                       135.82
104,                            89,                       15,                       135.73
104,                            89,                       15,                       135.63
104,                            89,                       15,                       135.7
104,                            89,                       15,                       135.75
104,                            89,                       15,                       135.8
104,                            89,                       15,                       135.65
104,                            89,                       15,                       135.68
104,                            89,                       15,                       135.69
104,                            89,                       15,                       135.77
104,                            89,                       15,                       135.77
104,                            89,                       15,                       135.76
104,                            89,                       15,                       135.79
104,                            89,                       15,                       135.76
104,                            89,                       15,                       135.76
104,                            89,                       15,                       135.74
104,                            89,                       15,                       135.67
104,                            89,                       15,                       135.73
104,                            89,                       15,                       135.72
104,                            89,                       15,                       135.72
104,                            89,                       15,                       135.81
104,                            89,                       15,                       135.67
104,                            89,                       15,                       135.71
104,                            89,                       15,                       135.66
104,                            89,                       15,                       135.65
104,                            89,                       15,                       135.72
104,                            89,                       15,                       135.79
104,                            89,                       15,                       135.73
104,                            89,                       15,                       135.8
104,                            89,                       15,                       135.83
104,                            89,                       15,                       135.72
104,                            89,                       15,                       135.72
104,                            89,                       15,                       135.73
104,                            89,                       15,                       135.79
