COMMENT : The search result by Hill-Climbing for Cauchy_Good Fri Jan 26 15:13:26 2018

tech : Cauchy_Good
algorithm : Hill-Climbing
k : 7
m : 3
w : 5
failed_disk_id : 0
conventional_symbol_number    optimized_symbol_number    reduced_symbol_number    time
35,                            28,                       7,                       0.004378
35,                            28,                       7,                       0.004107
35,                            28,                       7,                       0.004263
35,                            28,                       7,                       0.00416
35,                            28,                       7,                       0.004211
35,                            28,                       7,                       0.004232
35,                            28,                       7,                       0.00416
35,                            28,                       7,                       0.004057
35,                            28,                       7,                       0.004178
35,                            28,                       7,                       0.004637
35,                            28,                       7,                       0.004075
35,                            28,                       7,                       0.004171
35,                            28,                       7,                       0.004164
35,                            28,                       7,                       0.00452
35,                            28,                       7,                       0.004149
35,                            28,                       7,                       0.005766
35,                            28,                       7,                       0.005225
35,                            28,                       7,                       0.004121
35,                            28,                       7,                       0.005203
35,                            28,                       7,                       0.004294
35,                            28,                       7,                       0.004254
35,                            28,                       7,                       0.004163
35,                            28,                       7,                       0.004219
35,                            28,                       7,                       0.00436
35,                            28,                       7,                       0.00428
35,                            28,                       7,                       0.004648
35,                            28,                       7,                       0.00412
35,                            28,                       7,                       0.004101
35,                            28,                       7,                       0.004232
35,                            28,                       7,                       0.004071
35,                            28,                       7,                       0.004119
35,                            28,                       7,                       0.004351
35,                            28,                       7,                       0.004102
35,                            28,                       7,                       0.004303
35,                            28,                       7,                       0.004116
35,                            28,                       7,                       0.004226
35,                            28,                       7,                       0.004204
35,                            28,                       7,                       0.0041
35,                            28,                       7,                       0.00415
35,                            28,                       7,                       0.004319
35,                            28,                       7,                       0.004181
35,                            28,                       7,                       0.004943
35,                            28,                       7,                       0.004229
35,                            28,                       7,                       0.004683
35,                            28,                       7,                       0.004306
35,                            28,                       7,                       0.004146
35,                            28,                       7,                       0.004184
35,                            28,                       7,                       0.00491
35,                            28,                       7,                       0.004187
35,                            28,                       7,                       0.004118
35,                            28,                       7,                       0.004571
35,                            28,                       7,                       0.004408
35,                            28,                       7,                       0.0042
35,                            28,                       7,                       0.004147
35,                            28,                       7,                       0.004537
35,                            28,                       7,                       0.004527
35,                            28,                       7,                       0.00417
35,                            28,                       7,                       0.004161
35,                            28,                       7,                       0.00411
35,                            28,                       7,                       0.004017
35,                            28,                       7,                       0.004054
35,                            28,                       7,                       0.004195
35,                            28,                       7,                       0.004168
35,                            28,                       7,                       0.004077
35,                            28,                       7,                       0.004195
35,                            28,                       7,                       0.005119
35,                            28,                       7,                       0.004316
35,                            28,                       7,                       0.004514
35,                            28,                       7,                       0.004132
35,                            28,                       7,                       0.004128
35,                            28,                       7,                       0.00416
35,                            28,                       7,                       0.004631
35,                            28,                       7,                       0.004193
35,                            28,                       7,                       0.004163
35,                            28,                       7,                       0.004175
35,                            28,                       7,                       0.004096
35,                            28,                       7,                       0.004219
35,                            28,                       7,                       0.004156
35,                            28,                       7,                       0.004914
35,                            28,                       7,                       0.004242
35,                            28,                       7,                       0.004309
35,                            28,                       7,                       0.004426
35,                            28,                       7,                       0.00512
35,                            28,                       7,                       0.004539
35,                            28,                       7,                       0.004149
35,                            28,                       7,                       0.004208
35,                            28,                       7,                       0.004634
35,                            28,                       7,                       0.004207
35,                            28,                       7,                       0.004185
35,                            28,                       7,                       0.004394
35,                            28,                       7,                       0.005171
35,                            28,                       7,                       0.004226
35,                            28,                       7,                       0.004202
35,                            28,                       7,                       0.004294
35,                            28,                       7,                       0.004893
35,                            28,                       7,                       0.004151
35,                            28,                       7,                       0.004089
35,                            28,                       7,                       0.00416
35,                            28,                       7,                       0.004749
35,                            28,                       7,                       0.004258
35,                            28,                       7,                       0.004514
35,                            28,                       7,                       0.004595
35,                            28,                       7,                       0.004572
35,                            28,                       7,                       0.004287
35,                            28,                       7,                       0.004561
35,                            28,                       7,                       0.004162
35,                            28,                       7,                       0.004146
35,                            28,                       7,                       0.004411
35,                            28,                       7,                       0.004646
35,                            28,                       7,                       0.004175
35,                            28,                       7,                       0.004193
35,                            28,                       7,                       0.004175
35,                            28,                       7,                       0.004429
35,                            28,                       7,                       0.004476
35,                            28,                       7,                       0.004565
35,                            28,                       7,                       0.004133
35,                            28,                       7,                       0.004197
35,                            28,                       7,                       0.00411
35,                            28,                       7,                       0.004228
35,                            28,                       7,                       0.004211
35,                            28,                       7,                       0.004261
35,                            28,                       7,                       0.004439
35,                            28,                       7,                       0.004195
35,                            28,                       7,                       0.004253
35,                            28,                       7,                       0.004214
35,                            28,                       7,                       0.004389
35,                            28,                       7,                       0.004308
35,                            28,                       7,                       0.00414
35,                            28,                       7,                       0.004193
35,                            28,                       7,                       0.004323
35,                            28,                       7,                       0.0045
35,                            28,                       7,                       0.004171
35,                            28,                       7,                       0.004313
35,                            28,                       7,                       0.004759
35,                            28,                       7,                       0.004158
35,                            28,                       7,                       0.004351
35,                            28,                       7,                       0.004102
35,                            28,                       7,                       0.004175
35,                            28,                       7,                       0.004169
35,                            28,                       7,                       0.004232
35,                            28,                       7,                       0.004624
35,                            28,                       7,                       0.004175
35,                            28,                       7,                       0.004189
35,                            28,                       7,                       0.004126
35,                            28,                       7,                       0.004787
35,                            28,                       7,                       0.005108
35,                            28,                       7,                       0.0042
35,                            28,                       7,                       0.004497
35,                            28,                       7,                       0.004563
35,                            28,                       7,                       0.004424
35,                            28,                       7,                       0.004175
35,                            28,                       7,                       0.004205
35,                            28,                       7,                       0.004285
35,                            28,                       7,                       0.004195
35,                            28,                       7,                       0.00489
35,                            28,                       7,                       0.004233
35,                            28,                       7,                       0.00415
35,                            28,                       7,                       0.00424
35,                            28,                       7,                       0.004182
35,                            28,                       7,                       0.0043
35,                            28,                       7,                       0.004162
35,                            28,                       7,                       0.004563
35,                            28,                       7,                       0.004166
35,                            28,                       7,                       0.004215
35,                            28,                       7,                       0.00422
35,                            28,                       7,                       0.0041
35,                            28,                       7,                       0.004186
35,                            28,                       7,                       0.005028
35,                            28,                       7,                       0.00452
35,                            28,                       7,                       0.004227
35,                            28,                       7,                       0.004181
35,                            28,                       7,                       0.004261
35,                            28,                       7,                       0.004271
35,                            28,                       7,                       0.004195
35,                            28,                       7,                       0.004437
35,                            28,                       7,                       0.004211
35,                            28,                       7,                       0.004491
35,                            28,                       7,                       0.004104
35,                            28,                       7,                       0.004598
35,                            28,                       7,                       0.004257
35,                            28,                       7,                       0.004225
35,                            28,                       7,                       0.004034
35,                            28,                       7,                       0.004393
35,                            28,                       7,                       0.00425
35,                            28,                       7,                       0.00424
35,                            28,                       7,                       0.004207
35,                            28,                       7,                       0.004168
35,                            28,                       7,                       0.004237
35,                            28,                       7,                       0.004718
35,                            28,                       7,                       0.004347
35,                            28,                       7,                       0.004126
35,                            28,                       7,                       0.004172
35,                            28,                       7,                       0.004621
35,                            28,                       7,                       0.004822
35,                            28,                       7,                       0.004177
35,                            28,                       7,                       0.00436
35,                            28,                       7,                       0.004271
35,                            28,                       7,                       0.004149
35,                            28,                       7,                       0.004589
35,                            28,                       7,                       0.004226
35,                            28,                       7,                       0.004474
35,                            28,                       7,                       0.004672
35,                            28,                       7,                       0.004241
35,                            28,                       7,                       0.004271
35,                            28,                       7,                       0.00426
35,                            28,                       7,                       0.004312
35,                            28,                       7,                       0.004262
35,                            28,                       7,                       0.004389
35,                            28,                       7,                       0.004134
35,                            28,                       7,                       0.004291
35,                            28,                       7,                       0.004435
35,                            28,                       7,                       0.004106
35,                            28,                       7,                       0.004375
35,                            28,                       7,                       0.004302
35,                            28,                       7,                       0.004159
35,                            28,                       7,                       0.005365
35,                            28,                       7,                       0.004199
35,                            28,                       7,                       0.005258
35,                            28,                       7,                       0.004203
35,                            28,                       7,                       0.006216
35,                            28,                       7,                       0.004219
35,                            28,                       7,                       0.004251
35,                            28,                       7,                       0.004583
35,                            28,                       7,                       0.004571
35,                            28,                       7,                       0.004821
35,                            28,                       7,                       0.004479
35,                            28,                       7,                       0.00474
35,                            28,                       7,                       0.004457
35,                            28,                       7,                       0.004535
35,                            28,                       7,                       0.004154
35,                            28,                       7,                       0.004115
35,                            28,                       7,                       0.004114
35,                            28,                       7,                       0.004256
35,                            28,                       7,                       0.004217
35,                            28,                       7,                       0.004777
35,                            28,                       7,                       0.004924
35,                            28,                       7,                       0.004164
35,                            28,                       7,                       0.00459
35,                            28,                       7,                       0.004229
35,                            28,                       7,                       0.004624
35,                            28,                       7,                       0.004992
35,                            28,                       7,                       0.004422
35,                            28,                       7,                       0.004349
35,                            28,                       7,                       0.004356
35,                            28,                       7,                       0.004284
35,                            28,                       7,                       0.004127
35,                            28,                       7,                       0.004189
35,                            28,                       7,                       0.004231
35,                            28,                       7,                       0.004144
35,                            28,                       7,                       0.00418
35,                            28,                       7,                       0.004352
35,                            28,                       7,                       0.004503
35,                            28,                       7,                       0.004398
35,                            28,                       7,                       0.004223
35,                            28,                       7,                       0.004171
35,                            28,                       7,                       0.004708
35,                            28,                       7,                       0.004954
35,                            28,                       7,                       0.004242
35,                            28,                       7,                       0.0043
35,                            28,                       7,                       0.004312
35,                            28,                       7,                       0.005064
35,                            28,                       7,                       0.004592
35,                            28,                       7,                       0.004219
35,                            28,                       7,                       0.004583
35,                            28,                       7,                       0.004958
35,                            28,                       7,                       0.004758
35,                            28,                       7,                       0.004673
35,                            28,                       7,                       0.004191
35,                            28,                       7,                       0.004332
35,                            28,                       7,                       0.004467
35,                            28,                       7,                       0.004887
35,                            28,                       7,                       0.00414
35,                            28,                       7,                       0.004152
35,                            28,                       7,                       0.004115
35,                            28,                       7,                       0.00416
35,                            28,                       7,                       0.00408
35,                            28,                       7,                       0.004171
35,                            28,                       7,                       0.004193
35,                            28,                       7,                       0.005316
35,                            28,                       7,                       0.004101
35,                            28,                       7,                       0.004348
35,                            28,                       7,                       0.004963
35,                            28,                       7,                       0.004144
35,                            28,                       7,                       0.004277
35,                            28,                       7,                       0.00537
35,                            28,                       7,                       0.004214
35,                            28,                       7,                       0.004517
35,                            28,                       7,                       0.004372
35,                            28,                       7,                       0.004104
35,                            28,                       7,                       0.004141
35,                            28,                       7,                       0.005603
35,                            28,                       7,                       0.004325
35,                            28,                       7,                       0.004236
35,                            28,                       7,                       0.004762
35,                            28,                       7,                       0.0048
35,                            28,                       7,                       0.004302
35,                            28,                       7,                       0.004867
35,                            28,                       7,                       0.004151
35,                            28,                       7,                       0.0043
35,                            28,                       7,                       0.004594
