COMMENT : The search result by Hill-Climbing for Cauchy_Good Wed Jan 24 16:19:18 2018

tech : Cauchy_Good
algorithm : Hill-Climbing
k : 9
m : 2
w : 10
failed_disk_id : 0
conventional_symbol_number    optimized_symbol_number    reduced_symbol_number    time
90,                            67,                       23,                       0.33
90,                            67,                       23,                       0.32
90,                            67,                       23,                       0.32
90,                            67,                       23,                       0.34
90,                            67,                       23,                       0.33
90,                            67,                       23,                       0.32
90,                            67,                       23,                       0.32
90,                            67,                       23,                       0.34
90,                            67,                       23,                       0.33
90,                            67,                       23,                       0.33
90,                            67,                       23,                       0.33
90,                            67,                       23,                       0.33
90,                            67,                       23,                       0.32
90,                            67,                       23,                       0.34
90,                            67,                       23,                       0.33
90,                            67,                       23,                       0.32
90,                            67,                       23,                       0.32
90,                            67,                       23,                       0.33
90,                            67,                       23,                       0.33
90,                            67,                       23,                       0.33
90,                            67,                       23,                       0.33
90,                            67,                       23,                       0.32
90,                            67,                       23,                       0.32
90,                            67,                       23,                       0.32
90,                            67,                       23,                       0.33
90,                            67,                       23,                       0.32
90,                            67,                       23,                       0.34
90,                            67,                       23,                       0.32
90,                            67,                       23,                       0.33
90,                            67,                       23,                       0.34
90,                            67,                       23,                       0.32
90,                            67,                       23,                       0.33
90,                            67,                       23,                       0.33
90,                            67,                       23,                       0.32
90,                            67,                       23,                       0.34
90,                            67,                       23,                       0.34
90,                            67,                       23,                       0.33
90,                            67,                       23,                       0.32
90,                            67,                       23,                       0.32
90,                            67,                       23,                       0.34
90,                            67,                       23,                       0.33
90,                            67,                       23,                       0.32
90,                            67,                       23,                       0.32
90,                            67,                       23,                       0.32
90,                            67,                       23,                       0.32
90,                            67,                       23,                       0.33
90,                            67,                       23,                       0.33
90,                            67,                       23,                       0.32
90,                            67,                       23,                       0.34
90,                            67,                       23,                       0.34
90,                            67,                       23,                       0.32
90,                            67,                       23,                       0.32
90,                            67,                       23,                       0.33
90,                            67,                       23,                       0.33
90,                            67,                       23,                       0.32
90,                            67,                       23,                       0.32
90,                            67,                       23,                       0.32
90,                            67,                       23,                       0.32
90,                            67,                       23,                       0.32
90,                            67,                       23,                       0.34
90,                            67,                       23,                       0.34
90,                            67,                       23,                       0.33
90,                            67,                       23,                       0.33
90,                            67,                       23,                       0.33
90,                            67,                       23,                       0.32
90,                            67,                       23,                       0.33
90,                            67,                       23,                       0.33
90,                            67,                       23,                       0.32
90,                            67,                       23,                       0.32
90,                            67,                       23,                       0.33
90,                            67,                       23,                       0.33
90,                            67,                       23,                       0.33
90,                            67,                       23,                       0.32
90,                            67,                       23,                       0.34
90,                            67,                       23,                       0.33
90,                            67,                       23,                       0.32
90,                            67,                       23,                       0.33
90,                            67,                       23,                       0.32
90,                            67,                       23,                       0.33
90,                            67,                       23,                       0.34
90,                            67,                       23,                       0.34
90,                            67,                       23,                       0.33
90,                            67,                       23,                       0.33
90,                            67,                       23,                       0.33
90,                            67,                       23,                       0.32
90,                            67,                       23,                       0.33
90,                            67,                       23,                       0.34
90,                            67,                       23,                       0.34
90,                            67,                       23,                       0.34
90,                            67,                       23,                       0.33
90,                            67,                       23,                       0.34
90,                            67,                       23,                       0.33
90,                            67,                       23,                       0.34
90,                            67,                       23,                       0.32
90,                            67,                       23,                       0.34
90,                            67,                       23,                       0.32
90,                            67,                       23,                       0.33
90,                            67,                       23,                       0.32
90,                            67,                       23,                       0.32
90,                            67,                       23,                       0.32
