COMMENT : The search result by Hill-Climbing for Cauchy_Good Fri Jan 26 15:13:31 2018

tech : Cauchy_Good
algorithm : Hill-Climbing
k : 7
m : 7
w : 5
failed_disk_id : 0
conventional_symbol_number    optimized_symbol_number    reduced_symbol_number    time
35,                            26,                       9,                       0.07619
35,                            26,                       9,                       0.075968
35,                            26,                       9,                       0.072934
35,                            26,                       9,                       0.074771
35,                            26,                       9,                       0.074133
35,                            26,                       9,                       0.081728
35,                            26,                       9,                       0.075285
35,                            26,                       9,                       0.077299
35,                            26,                       9,                       0.092281
35,                            26,                       9,                       0.075125
35,                            26,                       9,                       0.074412
35,                            26,                       9,                       0.075589
35,                            26,                       9,                       0.076775
35,                            26,                       9,                       0.076622
35,                            26,                       9,                       0.07725
35,                            26,                       9,                       0.085477
35,                            26,                       9,                       0.077888
35,                            26,                       9,                       0.076983
35,                            26,                       9,                       0.082847
35,                            26,                       9,                       0.076706
35,                            26,                       9,                       0.076419
35,                            26,                       9,                       0.073784
35,                            26,                       9,                       0.075422
35,                            26,                       9,                       0.074443
35,                            26,                       9,                       0.074396
35,                            26,                       9,                       0.074955
35,                            26,                       9,                       0.073486
35,                            26,                       9,                       0.074777
35,                            26,                       9,                       0.074941
35,                            26,                       9,                       0.074186
35,                            26,                       9,                       0.073233
35,                            26,                       9,                       0.074654
35,                            26,                       9,                       0.073399
35,                            26,                       9,                       0.074526
35,                            26,                       9,                       0.072506
35,                            26,                       9,                       0.079663
35,                            26,                       9,                       0.075809
35,                            26,                       9,                       0.083714
35,                            26,                       9,                       0.108816
35,                            26,                       9,                       0.098054
35,                            26,                       9,                       0.076624
35,                            26,                       9,                       0.076057
35,                            26,                       9,                       0.074583
35,                            26,                       9,                       0.080622
35,                            26,                       9,                       0.074132
35,                            26,                       9,                       0.076148
35,                            26,                       9,                       0.079654
35,                            26,                       9,                       0.076933
35,                            26,                       9,                       0.075273
35,                            26,                       9,                       0.076299
35,                            26,                       9,                       0.076007
35,                            26,                       9,                       0.075259
35,                            26,                       9,                       0.074537
35,                            26,                       9,                       0.076734
35,                            26,                       9,                       0.074918
35,                            26,                       9,                       0.08294
35,                            26,                       9,                       0.074165
35,                            26,                       9,                       0.074846
35,                            26,                       9,                       0.078278
35,                            26,                       9,                       0.074825
35,                            26,                       9,                       0.092317
35,                            26,                       9,                       0.077671
35,                            26,                       9,                       0.076884
35,                            26,                       9,                       0.076084
35,                            26,                       9,                       0.07488
35,                            26,                       9,                       0.075043
35,                            26,                       9,                       0.073906
35,                            26,                       9,                       0.075991
35,                            26,                       9,                       0.074252
35,                            26,                       9,                       0.074491
35,                            26,                       9,                       0.075845
35,                            26,                       9,                       0.076839
35,                            26,                       9,                       0.074918
35,                            26,                       9,                       0.074182
35,                            26,                       9,                       0.074059
35,                            26,                       9,                       0.075163
35,                            26,                       9,                       0.074641
35,                            26,                       9,                       0.07468
35,                            26,                       9,                       0.074672
35,                            26,                       9,                       0.077847
35,                            26,                       9,                       0.07915
35,                            26,                       9,                       0.075205
35,                            26,                       9,                       0.075422
35,                            26,                       9,                       0.077015
35,                            26,                       9,                       0.077129
35,                            26,                       9,                       0.075175
35,                            26,                       9,                       0.079856
35,                            26,                       9,                       0.07572
35,                            26,                       9,                       0.077997
35,                            26,                       9,                       0.078262
35,                            26,                       9,                       0.07849
35,                            26,                       9,                       0.075754
35,                            26,                       9,                       0.078796
35,                            26,                       9,                       0.075882
35,                            26,                       9,                       0.077941
35,                            26,                       9,                       0.07604
35,                            26,                       9,                       0.07711
35,                            26,                       9,                       0.075423
35,                            26,                       9,                       0.076347
35,                            26,                       9,                       0.076209
35,                            26,                       9,                       0.077012
35,                            26,                       9,                       0.076308
35,                            26,                       9,                       0.078884
35,                            26,                       9,                       0.078351
35,                            26,                       9,                       0.078121
35,                            26,                       9,                       0.074995
35,                            26,                       9,                       0.077949
35,                            26,                       9,                       0.075365
35,                            26,                       9,                       0.075756
35,                            26,                       9,                       0.079531
35,                            26,                       9,                       0.077406
35,                            26,                       9,                       0.077304
35,                            26,                       9,                       0.077184
35,                            26,                       9,                       0.078133
35,                            26,                       9,                       0.075831
35,                            26,                       9,                       0.076568
35,                            26,                       9,                       0.076239
35,                            26,                       9,                       0.075257
35,                            26,                       9,                       0.07735
35,                            26,                       9,                       0.076211
35,                            26,                       9,                       0.076015
35,                            26,                       9,                       0.076486
35,                            26,                       9,                       0.077143
35,                            26,                       9,                       0.07648
35,                            26,                       9,                       0.076251
35,                            26,                       9,                       0.075705
35,                            26,                       9,                       0.076415
35,                            26,                       9,                       0.075042
35,                            26,                       9,                       0.07587
35,                            26,                       9,                       0.07676
35,                            26,                       9,                       0.076315
35,                            26,                       9,                       0.077504
35,                            26,                       9,                       0.076221
35,                            26,                       9,                       0.075065
35,                            26,                       9,                       0.075562
35,                            26,                       9,                       0.076406
35,                            26,                       9,                       0.075879
35,                            26,                       9,                       0.075739
35,                            26,                       9,                       0.075885
35,                            26,                       9,                       0.074715
35,                            26,                       9,                       0.075721
35,                            26,                       9,                       0.075855
35,                            26,                       9,                       0.075756
35,                            26,                       9,                       0.076585
35,                            26,                       9,                       0.076388
35,                            26,                       9,                       0.077148
35,                            26,                       9,                       0.074904
35,                            26,                       9,                       0.077753
35,                            26,                       9,                       0.075619
35,                            26,                       9,                       0.07812
35,                            26,                       9,                       0.076351
35,                            26,                       9,                       0.081309
35,                            26,                       9,                       0.075547
35,                            26,                       9,                       0.077211
35,                            26,                       9,                       0.080918
35,                            26,                       9,                       0.077568
35,                            26,                       9,                       0.075096
35,                            26,                       9,                       0.079419
35,                            26,                       9,                       0.075965
35,                            26,                       9,                       0.075426
35,                            26,                       9,                       0.076006
35,                            26,                       9,                       0.075681
35,                            26,                       9,                       0.076115
35,                            26,                       9,                       0.075616
35,                            26,                       9,                       0.075745
35,                            26,                       9,                       0.076139
35,                            26,                       9,                       0.077314
35,                            26,                       9,                       0.076552
35,                            26,                       9,                       0.076409
35,                            26,                       9,                       0.077401
35,                            26,                       9,                       0.07663
35,                            26,                       9,                       0.074778
35,                            26,                       9,                       0.077317
35,                            26,                       9,                       0.076877
35,                            26,                       9,                       0.076053
35,                            26,                       9,                       0.078
35,                            26,                       9,                       0.082277
35,                            26,                       9,                       0.081178
35,                            26,                       9,                       0.076238
35,                            26,                       9,                       0.075582
35,                            26,                       9,                       0.075922
35,                            26,                       9,                       0.075495
35,                            26,                       9,                       0.075733
35,                            26,                       9,                       0.076673
35,                            26,                       9,                       0.07587
35,                            26,                       9,                       0.078949
35,                            26,                       9,                       0.076268
35,                            26,                       9,                       0.076767
35,                            26,                       9,                       0.079329
35,                            26,                       9,                       0.075729
35,                            26,                       9,                       0.077426
35,                            26,                       9,                       0.077442
35,                            26,                       9,                       0.078038
35,                            26,                       9,                       0.075319
35,                            26,                       9,                       0.076385
35,                            26,                       9,                       0.079237
35,                            26,                       9,                       0.077985
35,                            26,                       9,                       0.078523
35,                            26,                       9,                       0.077858
35,                            26,                       9,                       0.07574
35,                            26,                       9,                       0.079688
35,                            26,                       9,                       0.075956
35,                            26,                       9,                       0.075567
35,                            26,                       9,                       0.075538
35,                            26,                       9,                       0.076647
35,                            26,                       9,                       0.077254
35,                            26,                       9,                       0.076292
35,                            26,                       9,                       0.075264
35,                            26,                       9,                       0.076761
35,                            26,                       9,                       0.07692
35,                            26,                       9,                       0.075229
35,                            26,                       9,                       0.075687
35,                            26,                       9,                       0.095216
35,                            26,                       9,                       0.078141
35,                            26,                       9,                       0.076988
35,                            26,                       9,                       0.076156
35,                            26,                       9,                       0.074995
35,                            26,                       9,                       0.075784
35,                            26,                       9,                       0.076585
35,                            26,                       9,                       0.077188
35,                            26,                       9,                       0.077256
35,                            26,                       9,                       0.07525
35,                            26,                       9,                       0.078433
35,                            26,                       9,                       0.076946
35,                            26,                       9,                       0.080153
35,                            26,                       9,                       0.07663
35,                            26,                       9,                       0.076102
35,                            26,                       9,                       0.074556
35,                            26,                       9,                       0.075618
35,                            26,                       9,                       0.074791
35,                            26,                       9,                       0.077192
35,                            26,                       9,                       0.07593
35,                            26,                       9,                       0.077445
35,                            26,                       9,                       0.076282
35,                            26,                       9,                       0.076519
35,                            26,                       9,                       0.076009
35,                            26,                       9,                       0.076498
35,                            26,                       9,                       0.077585
35,                            26,                       9,                       0.077186
35,                            26,                       9,                       0.079007
35,                            26,                       9,                       0.076276
35,                            26,                       9,                       0.078966
35,                            26,                       9,                       0.07667
35,                            26,                       9,                       0.076031
35,                            26,                       9,                       0.078308
35,                            26,                       9,                       0.075623
35,                            26,                       9,                       0.07679
35,                            26,                       9,                       0.077189
35,                            26,                       9,                       0.078126
35,                            26,                       9,                       0.076323
35,                            26,                       9,                       0.076214
35,                            26,                       9,                       0.082816
35,                            26,                       9,                       0.077006
35,                            26,                       9,                       0.078052
35,                            26,                       9,                       0.076434
35,                            26,                       9,                       0.077204
35,                            26,                       9,                       0.078474
35,                            26,                       9,                       0.077146
35,                            26,                       9,                       0.081989
35,                            26,                       9,                       0.077056
35,                            26,                       9,                       0.078716
35,                            26,                       9,                       0.076641
35,                            26,                       9,                       0.076123
35,                            26,                       9,                       0.077504
35,                            26,                       9,                       0.07746
35,                            26,                       9,                       0.074303
35,                            26,                       9,                       0.074659
35,                            26,                       9,                       0.07522
35,                            26,                       9,                       0.076464
35,                            26,                       9,                       0.076949
35,                            26,                       9,                       0.075356
35,                            26,                       9,                       0.078253
35,                            26,                       9,                       0.08126
35,                            26,                       9,                       0.078967
35,                            26,                       9,                       0.081414
35,                            26,                       9,                       0.077415
35,                            26,                       9,                       0.076896
35,                            26,                       9,                       0.080887
35,                            26,                       9,                       0.07532
35,                            26,                       9,                       0.082195
35,                            26,                       9,                       0.077387
35,                            26,                       9,                       0.075814
35,                            26,                       9,                       0.078017
35,                            26,                       9,                       0.080882
35,                            26,                       9,                       0.075644
35,                            26,                       9,                       0.077939
35,                            26,                       9,                       0.081356
35,                            26,                       9,                       0.075946
35,                            26,                       9,                       0.077689
35,                            26,                       9,                       0.077848
35,                            26,                       9,                       0.07804
35,                            26,                       9,                       0.079384
35,                            26,                       9,                       0.079803
35,                            26,                       9,                       0.082678
35,                            26,                       9,                       0.078033
35,                            26,                       9,                       0.078976
35,                            26,                       9,                       0.077463
35,                            26,                       9,                       0.076965
35,                            26,                       9,                       0.076753
35,                            26,                       9,                       0.079024
