COMMENT : The search result by Hill-Climbing for Cauchy_Good Fri Jan 26 15:13:36 2018

tech : Cauchy_Good
algorithm : Hill-Climbing
k : 8
m : 4
w : 6
failed_disk_id : 0
conventional_symbol_number    optimized_symbol_number    reduced_symbol_number    time
48,                            39,                       9,                       0.045314
48,                            39,                       9,                       0.048041
48,                            39,                       9,                       0.046122
48,                            39,                       9,                       0.04544
48,                            39,                       9,                       0.048751
48,                            39,                       9,                       0.0451
48,                            39,                       9,                       0.045275
48,                            39,                       9,                       0.046826
48,                            39,                       9,                       0.048148
48,                            39,                       9,                       0.045563
48,                            39,                       9,                       0.044836
48,                            39,                       9,                       0.046444
48,                            39,                       9,                       0.049712
48,                            39,                       9,                       0.049339
48,                            39,                       9,                       0.04857
48,                            39,                       9,                       0.054822
48,                            39,                       9,                       0.047479
48,                            39,                       9,                       0.047906
48,                            39,                       9,                       0.055975
48,                            39,                       9,                       0.052337
48,                            39,                       9,                       0.044963
48,                            39,                       9,                       0.045638
48,                            39,                       9,                       0.046681
48,                            39,                       9,                       0.045879
48,                            39,                       9,                       0.04596
48,                            39,                       9,                       0.045347
48,                            39,                       9,                       0.045757
48,                            39,                       9,                       0.045187
48,                            39,                       9,                       0.047161
48,                            39,                       9,                       0.046144
48,                            39,                       9,                       0.044685
48,                            39,                       9,                       0.045207
48,                            39,                       9,                       0.046439
48,                            39,                       9,                       0.044384
48,                            39,                       9,                       0.045142
48,                            39,                       9,                       0.044989
48,                            39,                       9,                       0.045952
48,                            39,                       9,                       0.048761
48,                            39,                       9,                       0.058666
48,                            39,                       9,                       0.047431
48,                            39,                       9,                       0.045904
48,                            39,                       9,                       0.045426
48,                            39,                       9,                       0.046491
48,                            39,                       9,                       0.044742
48,                            39,                       9,                       0.051861
48,                            39,                       9,                       0.046644
48,                            39,                       9,                       0.048912
48,                            39,                       9,                       0.046239
48,                            39,                       9,                       0.048222
48,                            39,                       9,                       0.049013
48,                            39,                       9,                       0.046331
48,                            39,                       9,                       0.046903
48,                            39,                       9,                       0.044828
48,                            39,                       9,                       0.04522
48,                            39,                       9,                       0.045658
48,                            39,                       9,                       0.047192
48,                            39,                       9,                       0.047689
48,                            39,                       9,                       0.045431
48,                            39,                       9,                       0.046623
48,                            39,                       9,                       0.046957
48,                            39,                       9,                       0.046787
48,                            39,                       9,                       0.04538
48,                            39,                       9,                       0.047836
48,                            39,                       9,                       0.045976
48,                            39,                       9,                       0.045705
48,                            39,                       9,                       0.04587
48,                            39,                       9,                       0.046496
48,                            39,                       9,                       0.046688
48,                            39,                       9,                       0.046421
48,                            39,                       9,                       0.045917
48,                            39,                       9,                       0.045385
48,                            39,                       9,                       0.045384
48,                            39,                       9,                       0.045803
48,                            39,                       9,                       0.046675
48,                            39,                       9,                       0.046257
48,                            39,                       9,                       0.046061
48,                            39,                       9,                       0.045237
48,                            39,                       9,                       0.048883
48,                            39,                       9,                       0.045377
48,                            39,                       9,                       0.052463
48,                            39,                       9,                       0.049612
48,                            39,                       9,                       0.047056
48,                            39,                       9,                       0.045999
48,                            39,                       9,                       0.046489
48,                            39,                       9,                       0.050065
48,                            39,                       9,                       0.047217
48,                            39,                       9,                       0.046234
48,                            39,                       9,                       0.045624
48,                            39,                       9,                       0.04732
48,                            39,                       9,                       0.05111
48,                            39,                       9,                       0.049644
48,                            39,                       9,                       0.046835
48,                            39,                       9,                       0.046159
48,                            39,                       9,                       0.046735
48,                            39,                       9,                       0.047214
48,                            39,                       9,                       0.047081
48,                            39,                       9,                       0.046154
48,                            39,                       9,                       0.047384
48,                            39,                       9,                       0.04719
48,                            39,                       9,                       0.046304
48,                            39,                       9,                       0.046489
48,                            39,                       9,                       0.048459
48,                            39,                       9,                       0.049644
48,                            39,                       9,                       0.046658
48,                            39,                       9,                       0.046823
48,                            39,                       9,                       0.046964
48,                            39,                       9,                       0.046195
48,                            39,                       9,                       0.05729
48,                            39,                       9,                       0.047615
48,                            39,                       9,                       0.049587
48,                            39,                       9,                       0.047087
48,                            39,                       9,                       0.049094
48,                            39,                       9,                       0.048242
48,                            39,                       9,                       0.046771
48,                            39,                       9,                       0.052056
48,                            39,                       9,                       0.047132
48,                            39,                       9,                       0.046099
48,                            39,                       9,                       0.047481
48,                            39,                       9,                       0.046331
48,                            39,                       9,                       0.046848
48,                            39,                       9,                       0.04703
48,                            39,                       9,                       0.047322
48,                            39,                       9,                       0.046615
48,                            39,                       9,                       0.046646
48,                            39,                       9,                       0.047197
48,                            39,                       9,                       0.046433
48,                            39,                       9,                       0.04824
48,                            39,                       9,                       0.04652
48,                            39,                       9,                       0.046884
48,                            39,                       9,                       0.046179
48,                            39,                       9,                       0.045251
48,                            39,                       9,                       0.046989
48,                            39,                       9,                       0.052163
48,                            39,                       9,                       0.048342
48,                            39,                       9,                       0.046455
48,                            39,                       9,                       0.046538
48,                            39,                       9,                       0.046601
48,                            39,                       9,                       0.046952
48,                            39,                       9,                       0.047035
48,                            39,                       9,                       0.046053
48,                            39,                       9,                       0.046379
48,                            39,                       9,                       0.045775
48,                            39,                       9,                       0.04632
48,                            39,                       9,                       0.0476
48,                            39,                       9,                       0.046743
48,                            39,                       9,                       0.046485
48,                            39,                       9,                       0.04665
48,                            39,                       9,                       0.047418
48,                            39,                       9,                       0.047108
48,                            39,                       9,                       0.046788
48,                            39,                       9,                       0.047223
48,                            39,                       9,                       0.046826
48,                            39,                       9,                       0.047166
48,                            39,                       9,                       0.045613
48,                            39,                       9,                       0.047304
48,                            39,                       9,                       0.045578
48,                            39,                       9,                       0.045618
48,                            39,                       9,                       0.046086
48,                            39,                       9,                       0.045758
48,                            39,                       9,                       0.047194
48,                            39,                       9,                       0.045972
48,                            39,                       9,                       0.046072
48,                            39,                       9,                       0.046598
48,                            39,                       9,                       0.04624
48,                            39,                       9,                       0.046546
48,                            39,                       9,                       0.048839
48,                            39,                       9,                       0.046472
48,                            39,                       9,                       0.045637
48,                            39,                       9,                       0.049412
48,                            39,                       9,                       0.047153
48,                            39,                       9,                       0.04798
48,                            39,                       9,                       0.046473
48,                            39,                       9,                       0.04709
48,                            39,                       9,                       0.046007
48,                            39,                       9,                       0.047336
48,                            39,                       9,                       0.047407
48,                            39,                       9,                       0.051042
48,                            39,                       9,                       0.045911
48,                            39,                       9,                       0.047422
48,                            39,                       9,                       0.046938
48,                            39,                       9,                       0.045825
48,                            39,                       9,                       0.045955
48,                            39,                       9,                       0.047036
48,                            39,                       9,                       0.046651
48,                            39,                       9,                       0.047277
48,                            39,                       9,                       0.048921
48,                            39,                       9,                       0.047414
48,                            39,                       9,                       0.04712
48,                            39,                       9,                       0.048295
48,                            39,                       9,                       0.048182
48,                            39,                       9,                       0.045936
48,                            39,                       9,                       0.047874
48,                            39,                       9,                       0.048024
48,                            39,                       9,                       0.047386
48,                            39,                       9,                       0.04734
48,                            39,                       9,                       0.047121
48,                            39,                       9,                       0.045843
48,                            39,                       9,                       0.046055
48,                            39,                       9,                       0.047112
48,                            39,                       9,                       0.046062
48,                            39,                       9,                       0.046251
48,                            39,                       9,                       0.047029
48,                            39,                       9,                       0.046326
48,                            39,                       9,                       0.046866
48,                            39,                       9,                       0.04737
48,                            39,                       9,                       0.063898
48,                            39,                       9,                       0.047397
48,                            39,                       9,                       0.046664
48,                            39,                       9,                       0.045895
48,                            39,                       9,                       0.048673
48,                            39,                       9,                       0.047155
48,                            39,                       9,                       0.046043
48,                            39,                       9,                       0.047891
48,                            39,                       9,                       0.046699
48,                            39,                       9,                       0.047144
48,                            39,                       9,                       0.046536
48,                            39,                       9,                       0.046899
48,                            39,                       9,                       0.047772
48,                            39,                       9,                       0.04629
48,                            39,                       9,                       0.053297
48,                            39,                       9,                       0.055029
48,                            39,                       9,                       0.047795
48,                            39,                       9,                       0.047393
48,                            39,                       9,                       0.046713
48,                            39,                       9,                       0.046183
48,                            39,                       9,                       0.046479
48,                            39,                       9,                       0.047214
48,                            39,                       9,                       0.046462
48,                            39,                       9,                       0.052586
48,                            39,                       9,                       0.04679
48,                            39,                       9,                       0.045559
48,                            39,                       9,                       0.048565
48,                            39,                       9,                       0.046559
48,                            39,                       9,                       0.047361
48,                            39,                       9,                       0.04707
48,                            39,                       9,                       0.04644
48,                            39,                       9,                       0.047689
48,                            39,                       9,                       0.049088
48,                            39,                       9,                       0.046817
48,                            39,                       9,                       0.047931
48,                            39,                       9,                       0.047615
48,                            39,                       9,                       0.048785
48,                            39,                       9,                       0.047814
48,                            39,                       9,                       0.046172
48,                            39,                       9,                       0.04841
48,                            39,                       9,                       0.048106
48,                            39,                       9,                       0.045495
48,                            39,                       9,                       0.045885
48,                            39,                       9,                       0.048317
48,                            39,                       9,                       0.046043
48,                            39,                       9,                       0.046813
48,                            39,                       9,                       0.048231
48,                            39,                       9,                       0.046972
48,                            39,                       9,                       0.050781
48,                            39,                       9,                       0.047743
48,                            39,                       9,                       0.047933
48,                            39,                       9,                       0.047133
48,                            39,                       9,                       0.053137
48,                            39,                       9,                       0.047524
48,                            39,                       9,                       0.04815
48,                            39,                       9,                       0.045517
48,                            39,                       9,                       0.046972
48,                            39,                       9,                       0.047235
48,                            39,                       9,                       0.047326
48,                            39,                       9,                       0.046127
48,                            39,                       9,                       0.04666
48,                            39,                       9,                       0.04646
48,                            39,                       9,                       0.051572
48,                            39,                       9,                       0.046597
48,                            39,                       9,                       0.045816
48,                            39,                       9,                       0.046928
48,                            39,                       9,                       0.047565
48,                            39,                       9,                       0.04739
48,                            39,                       9,                       0.04685
48,                            39,                       9,                       0.04833
48,                            39,                       9,                       0.060418
48,                            39,                       9,                       0.04678
48,                            39,                       9,                       0.047582
48,                            39,                       9,                       0.047068
48,                            39,                       9,                       0.045945
48,                            39,                       9,                       0.049198
48,                            39,                       9,                       0.048341
48,                            39,                       9,                       0.049796
48,                            39,                       9,                       0.048742
48,                            39,                       9,                       0.047718
48,                            39,                       9,                       0.045984
48,                            39,                       9,                       0.050057
48,                            39,                       9,                       0.04924
48,                            39,                       9,                       0.047848
48,                            39,                       9,                       0.045946
48,                            39,                       9,                       0.047168
48,                            39,                       9,                       0.045729
48,                            39,                       9,                       0.055599
48,                            39,                       9,                       0.047488
48,                            39,                       9,                       0.049369
48,                            39,                       9,                       0.049387
48,                            39,                       9,                       0.055466
48,                            39,                       9,                       0.047053
48,                            39,                       9,                       0.048912
48,                            39,                       9,                       0.049944
