COMMENT : The search result by Hill-Climbing for Cauchy_Good Fri Jan 26 15:13:16 2018

tech : Cauchy_Good
algorithm : Hill-Climbing
k : 4
m : 2
w : 6
failed_disk_id : 0
conventional_symbol_number    optimized_symbol_number    reduced_symbol_number    time
24,                            18,                       6,                       0.001671
24,                            18,                       6,                       0.001654
24,                            18,                       6,                       0.001638
24,                            18,                       6,                       0.002691
24,                            18,                       6,                       0.001848
24,                            18,                       6,                       0.001636
24,                            18,                       6,                       0.001591
24,                            18,                       6,                       0.001628
24,                            18,                       6,                       0.00184
24,                            18,                       6,                       0.002031
24,                            18,                       6,                       0.001632
24,                            18,                       6,                       0.001566
24,                            18,                       6,                       0.001627
24,                            18,                       6,                       0.001577
24,                            18,                       6,                       0.001668
24,                            18,                       6,                       0.001783
24,                            18,                       6,                       0.001598
24,                            18,                       6,                       0.001723
24,                            18,                       6,                       0.001783
24,                            18,                       6,                       0.001633
24,                            18,                       6,                       0.001637
24,                            18,                       6,                       0.001598
24,                            18,                       6,                       0.001837
24,                            18,                       6,                       0.001649
24,                            18,                       6,                       0.001623
24,                            18,                       6,                       0.001662
24,                            18,                       6,                       0.001765
24,                            18,                       6,                       0.00171
24,                            18,                       6,                       0.001616
24,                            18,                       6,                       0.001644
24,                            18,                       6,                       0.001604
24,                            18,                       6,                       0.001604
24,                            18,                       6,                       0.001701
24,                            18,                       6,                       0.0016
24,                            18,                       6,                       0.001854
24,                            18,                       6,                       0.001589
24,                            18,                       6,                       0.0017
24,                            18,                       6,                       0.001668
24,                            18,                       6,                       0.001589
24,                            18,                       6,                       0.001613
24,                            18,                       6,                       0.001641
24,                            18,                       6,                       0.001657
24,                            18,                       6,                       0.001742
24,                            18,                       6,                       0.001531
24,                            18,                       6,                       0.003125
24,                            18,                       6,                       0.001845
24,                            18,                       6,                       0.001582
24,                            18,                       6,                       0.001573
24,                            18,                       6,                       0.00174
24,                            18,                       6,                       0.002052
24,                            18,                       6,                       0.001597
24,                            18,                       6,                       0.00164
24,                            18,                       6,                       0.001882
24,                            18,                       6,                       0.001614
24,                            18,                       6,                       0.001697
24,                            18,                       6,                       0.001647
24,                            18,                       6,                       0.00157
24,                            18,                       6,                       0.001697
24,                            18,                       6,                       0.001747
24,                            18,                       6,                       0.001581
24,                            18,                       6,                       0.001744
24,                            18,                       6,                       0.001641
24,                            18,                       6,                       0.001797
24,                            18,                       6,                       0.001724
24,                            18,                       6,                       0.001647
24,                            18,                       6,                       0.001772
24,                            18,                       6,                       0.001645
24,                            18,                       6,                       0.001599
24,                            18,                       6,                       0.00159
24,                            18,                       6,                       0.001613
24,                            18,                       6,                       0.002311
24,                            18,                       6,                       0.001602
24,                            18,                       6,                       0.001695
24,                            18,                       6,                       0.001607
24,                            18,                       6,                       0.00175
24,                            18,                       6,                       0.001682
24,                            18,                       6,                       0.001599
24,                            18,                       6,                       0.001612
24,                            18,                       6,                       0.001594
24,                            18,                       6,                       0.001657
24,                            18,                       6,                       0.001623
24,                            18,                       6,                       0.001654
24,                            18,                       6,                       0.001652
24,                            18,                       6,                       0.00156
24,                            18,                       6,                       0.001623
24,                            18,                       6,                       0.003589
24,                            18,                       6,                       0.001784
24,                            18,                       6,                       0.00199
24,                            18,                       6,                       0.001735
24,                            18,                       6,                       0.002742
24,                            18,                       6,                       0.001599
24,                            18,                       6,                       0.001667
24,                            18,                       6,                       0.001638
24,                            18,                       6,                       0.001627
24,                            18,                       6,                       0.00187
24,                            18,                       6,                       0.001639
24,                            18,                       6,                       0.001685
24,                            18,                       6,                       0.001599
24,                            18,                       6,                       0.001659
24,                            18,                       6,                       0.001607
24,                            18,                       6,                       0.001673
24,                            18,                       6,                       0.00169
24,                            18,                       6,                       0.001573
24,                            18,                       6,                       0.002266
24,                            18,                       6,                       0.001663
24,                            18,                       6,                       0.001681
24,                            18,                       6,                       0.0017
24,                            18,                       6,                       0.00198
24,                            18,                       6,                       0.001641
24,                            18,                       6,                       0.001636
24,                            18,                       6,                       0.001654
24,                            18,                       6,                       0.001658
24,                            18,                       6,                       0.00168
24,                            18,                       6,                       0.001798
24,                            18,                       6,                       0.001721
24,                            18,                       6,                       0.001721
24,                            18,                       6,                       0.001631
24,                            18,                       6,                       0.001651
24,                            18,                       6,                       0.001594
24,                            18,                       6,                       0.001654
24,                            18,                       6,                       0.001603
24,                            18,                       6,                       0.001642
24,                            18,                       6,                       0.001639
24,                            18,                       6,                       0.002108
24,                            18,                       6,                       0.001756
24,                            18,                       6,                       0.001825
24,                            18,                       6,                       0.001604
24,                            18,                       6,                       0.00169
24,                            18,                       6,                       0.001584
24,                            18,                       6,                       0.00164
24,                            18,                       6,                       0.001621
24,                            18,                       6,                       0.001655
24,                            18,                       6,                       0.001651
24,                            18,                       6,                       0.001572
24,                            18,                       6,                       0.001688
24,                            18,                       6,                       0.001644
24,                            18,                       6,                       0.001618
24,                            18,                       6,                       0.001615
24,                            18,                       6,                       0.001655
24,                            18,                       6,                       0.001978
24,                            18,                       6,                       0.00163
24,                            18,                       6,                       0.001701
24,                            18,                       6,                       0.001624
24,                            18,                       6,                       0.00193
24,                            18,                       6,                       0.001674
24,                            18,                       6,                       0.001611
24,                            18,                       6,                       0.001679
24,                            18,                       6,                       0.001606
24,                            18,                       6,                       0.001665
24,                            18,                       6,                       0.001644
24,                            18,                       6,                       0.001691
24,                            18,                       6,                       0.001638
24,                            18,                       6,                       0.00182
24,                            18,                       6,                       0.001804
24,                            18,                       6,                       0.001656
24,                            18,                       6,                       0.001658
24,                            18,                       6,                       0.00167
24,                            18,                       6,                       0.001636
24,                            18,                       6,                       0.00169
24,                            18,                       6,                       0.001702
24,                            18,                       6,                       0.001695
24,                            18,                       6,                       0.001921
24,                            18,                       6,                       0.001892
24,                            18,                       6,                       0.001629
24,                            18,                       6,                       0.001623
24,                            18,                       6,                       0.001592
24,                            18,                       6,                       0.001662
24,                            18,                       6,                       0.001635
24,                            18,                       6,                       0.001605
24,                            18,                       6,                       0.001675
24,                            18,                       6,                       0.001691
24,                            18,                       6,                       0.00167
24,                            18,                       6,                       0.001973
24,                            18,                       6,                       0.001672
24,                            18,                       6,                       0.001664
24,                            18,                       6,                       0.001614
24,                            18,                       6,                       0.001625
24,                            18,                       6,                       0.001561
24,                            18,                       6,                       0.0019
24,                            18,                       6,                       0.001602
24,                            18,                       6,                       0.001697
24,                            18,                       6,                       0.001655
24,                            18,                       6,                       0.002026
24,                            18,                       6,                       0.001592
24,                            18,                       6,                       0.001628
24,                            18,                       6,                       0.002083
24,                            18,                       6,                       0.001611
24,                            18,                       6,                       0.001629
24,                            18,                       6,                       0.001642
24,                            18,                       6,                       0.001675
24,                            18,                       6,                       0.00165
24,                            18,                       6,                       0.001578
24,                            18,                       6,                       0.00166
24,                            18,                       6,                       0.001646
24,                            18,                       6,                       0.001645
24,                            18,                       6,                       0.001695
24,                            18,                       6,                       0.001737
24,                            18,                       6,                       0.001648
24,                            18,                       6,                       0.001634
24,                            18,                       6,                       0.00166
24,                            18,                       6,                       0.001625
24,                            18,                       6,                       0.001606
24,                            18,                       6,                       0.00164
24,                            18,                       6,                       0.001861
24,                            18,                       6,                       0.00164
24,                            18,                       6,                       0.00187
24,                            18,                       6,                       0.001648
24,                            18,                       6,                       0.001668
24,                            18,                       6,                       0.001675
24,                            18,                       6,                       0.001658
24,                            18,                       6,                       0.001681
24,                            18,                       6,                       0.001683
24,                            18,                       6,                       0.001644
24,                            18,                       6,                       0.00199
24,                            18,                       6,                       0.002047
24,                            18,                       6,                       0.001674
24,                            18,                       6,                       0.001651
24,                            18,                       6,                       0.002342
24,                            18,                       6,                       0.001609
24,                            18,                       6,                       0.001792
24,                            18,                       6,                       0.001718
24,                            18,                       6,                       0.001578
24,                            18,                       6,                       0.001646
24,                            18,                       6,                       0.001661
24,                            18,                       6,                       0.002015
24,                            18,                       6,                       0.001618
24,                            18,                       6,                       0.001644
24,                            18,                       6,                       0.00219
24,                            18,                       6,                       0.002098
24,                            18,                       6,                       0.001674
24,                            18,                       6,                       0.001671
24,                            18,                       6,                       0.001619
24,                            18,                       6,                       0.002041
24,                            18,                       6,                       0.002073
24,                            18,                       6,                       0.00163
24,                            18,                       6,                       0.001724
24,                            18,                       6,                       0.001598
24,                            18,                       6,                       0.002076
24,                            18,                       6,                       0.001585
24,                            18,                       6,                       0.001616
24,                            18,                       6,                       0.001627
24,                            18,                       6,                       0.001844
24,                            18,                       6,                       0.001596
24,                            18,                       6,                       0.001673
24,                            18,                       6,                       0.001655
24,                            18,                       6,                       0.001611
24,                            18,                       6,                       0.00212
24,                            18,                       6,                       0.001685
24,                            18,                       6,                       0.001685
24,                            18,                       6,                       0.001644
24,                            18,                       6,                       0.001574
24,                            18,                       6,                       0.00171
24,                            18,                       6,                       0.001759
24,                            18,                       6,                       0.002002
24,                            18,                       6,                       0.001648
24,                            18,                       6,                       0.002235
24,                            18,                       6,                       0.001696
24,                            18,                       6,                       0.001657
24,                            18,                       6,                       0.002132
24,                            18,                       6,                       0.00165
24,                            18,                       6,                       0.00165
24,                            18,                       6,                       0.00177
24,                            18,                       6,                       0.001673
24,                            18,                       6,                       0.001717
24,                            18,                       6,                       0.001643
24,                            18,                       6,                       0.001653
24,                            18,                       6,                       0.001578
24,                            18,                       6,                       0.001624
24,                            18,                       6,                       0.001674
24,                            18,                       6,                       0.001646
24,                            18,                       6,                       0.002296
24,                            18,                       6,                       0.001644
24,                            18,                       6,                       0.001694
24,                            18,                       6,                       0.001628
24,                            18,                       6,                       0.001695
24,                            18,                       6,                       0.001621
24,                            18,                       6,                       0.001725
24,                            18,                       6,                       0.001641
24,                            18,                       6,                       0.001591
24,                            18,                       6,                       0.002302
24,                            18,                       6,                       0.002082
24,                            18,                       6,                       0.00162
24,                            18,                       6,                       0.001582
24,                            18,                       6,                       0.001699
24,                            18,                       6,                       0.001974
24,                            18,                       6,                       0.001643
24,                            18,                       6,                       0.002209
24,                            18,                       6,                       0.001673
24,                            18,                       6,                       0.001615
24,                            18,                       6,                       0.001611
24,                            18,                       6,                       0.001695
24,                            18,                       6,                       0.001617
24,                            18,                       6,                       0.002007
24,                            18,                       6,                       0.001611
24,                            18,                       6,                       0.001647
24,                            18,                       6,                       0.001744
24,                            18,                       6,                       0.001665
24,                            18,                       6,                       0.001741
24,                            18,                       6,                       0.001665
24,                            18,                       6,                       0.001945
