COMMENT : The search result by Hill-Climbing for Cauchy_Good Fri Jan 26 15:13:16 2018

tech : Cauchy_Good
algorithm : Hill-Climbing
k : 3
m : 2
w : 5
failed_disk_id : 0
conventional_symbol_number    optimized_symbol_number    reduced_symbol_number    time
15,                            11,                       4,                       0.000605
15,                            11,                       4,                       0.00057
15,                            11,                       4,                       0.000591
15,                            11,                       4,                       0.00059
15,                            11,                       4,                       0.000611
15,                            11,                       4,                       0.000646
15,                            11,                       4,                       0.000691
15,                            11,                       4,                       0.000557
15,                            11,                       4,                       0.000616
15,                            11,                       4,                       0.000573
15,                            11,                       4,                       0.00067
15,                            11,                       4,                       0.000611
15,                            11,                       4,                       0.000548
15,                            11,                       4,                       0.000779
15,                            11,                       4,                       0.000695
15,                            11,                       4,                       0.000693
15,                            11,                       4,                       0.00072
15,                            11,                       4,                       0.000614
15,                            11,                       4,                       0.000568
15,                            11,                       4,                       0.000615
15,                            11,                       4,                       0.000659
15,                            11,                       4,                       0.000626
15,                            11,                       4,                       0.000588
15,                            11,                       4,                       0.000643
15,                            11,                       4,                       0.000584
15,                            11,                       4,                       0.000547
15,                            11,                       4,                       0.000598
15,                            11,                       4,                       0.000608
15,                            11,                       4,                       0.000619
15,                            11,                       4,                       0.000734
15,                            11,                       4,                       0.000551
15,                            11,                       4,                       0.000635
15,                            11,                       4,                       0.000546
15,                            11,                       4,                       0.000565
15,                            11,                       4,                       0.000598
15,                            11,                       4,                       0.000551
15,                            11,                       4,                       0.000548
15,                            11,                       4,                       0.000584
15,                            11,                       4,                       0.000599
15,                            11,                       4,                       0.000661
15,                            11,                       4,                       0.000985
15,                            11,                       4,                       0.000613
15,                            11,                       4,                       0.000607
15,                            11,                       4,                       0.000618
15,                            11,                       4,                       0.000641
15,                            11,                       4,                       0.000759
15,                            11,                       4,                       0.000602
15,                            11,                       4,                       0.000664
15,                            11,                       4,                       0.00061
15,                            11,                       4,                       0.000715
15,                            11,                       4,                       0.000599
15,                            11,                       4,                       0.000624
15,                            11,                       4,                       0.00062
15,                            11,                       4,                       0.000748
15,                            11,                       4,                       0.000568
15,                            11,                       4,                       0.000565
15,                            11,                       4,                       0.0009
15,                            11,                       4,                       0.000603
15,                            11,                       4,                       0.000655
15,                            11,                       4,                       0.000657
15,                            11,                       4,                       0.000555
15,                            11,                       4,                       0.000755
15,                            11,                       4,                       0.000735
15,                            11,                       4,                       0.000623
15,                            11,                       4,                       0.000588
15,                            11,                       4,                       0.000616
15,                            11,                       4,                       0.000597
15,                            11,                       4,                       0.000607
15,                            11,                       4,                       0.000608
15,                            11,                       4,                       0.00063
15,                            11,                       4,                       0.000552
15,                            11,                       4,                       0.000747
15,                            11,                       4,                       0.000618
15,                            11,                       4,                       0.000582
15,                            11,                       4,                       0.000633
15,                            11,                       4,                       0.000984
15,                            11,                       4,                       0.000619
15,                            11,                       4,                       0.000675
15,                            11,                       4,                       0.000572
15,                            11,                       4,                       0.00069
15,                            11,                       4,                       0.00065
15,                            11,                       4,                       0.000599
15,                            11,                       4,                       0.000598
15,                            11,                       4,                       0.000632
15,                            11,                       4,                       0.000598
15,                            11,                       4,                       0.000622
15,                            11,                       4,                       0.000625
15,                            11,                       4,                       0.000638
15,                            11,                       4,                       0.000912
15,                            11,                       4,                       0.000551
15,                            11,                       4,                       0.000626
15,                            11,                       4,                       0.000716
15,                            11,                       4,                       0.000602
15,                            11,                       4,                       0.000559
15,                            11,                       4,                       0.000693
15,                            11,                       4,                       0.000555
15,                            11,                       4,                       0.000647
15,                            11,                       4,                       0.000639
15,                            11,                       4,                       0.000553
15,                            11,                       4,                       0.00059
15,                            11,                       4,                       0.000614
15,                            11,                       4,                       0.000794
15,                            11,                       4,                       0.00074
15,                            11,                       4,                       0.000554
15,                            11,                       4,                       0.000632
15,                            11,                       4,                       0.000571
15,                            11,                       4,                       0.000574
15,                            11,                       4,                       0.000598
15,                            11,                       4,                       0.000713
15,                            11,                       4,                       0.000635
15,                            11,                       4,                       0.000623
15,                            11,                       4,                       0.000569
15,                            11,                       4,                       0.000689
15,                            11,                       4,                       0.000603
15,                            11,                       4,                       0.000679
15,                            11,                       4,                       0.000813
15,                            11,                       4,                       0.000691
15,                            11,                       4,                       0.000623
15,                            11,                       4,                       0.000627
15,                            11,                       4,                       0.000611
15,                            11,                       4,                       0.000627
15,                            11,                       4,                       0.000632
15,                            11,                       4,                       0.000597
15,                            11,                       4,                       0.00064
15,                            11,                       4,                       0.000705
15,                            11,                       4,                       0.00063
15,                            11,                       4,                       0.000669
15,                            11,                       4,                       0.000662
15,                            11,                       4,                       0.000619
15,                            11,                       4,                       0.000861
15,                            11,                       4,                       0.000609
15,                            11,                       4,                       0.000666
15,                            11,                       4,                       0.000707
15,                            11,                       4,                       0.000606
15,                            11,                       4,                       0.000646
15,                            11,                       4,                       0.000617
15,                            11,                       4,                       0.000625
15,                            11,                       4,                       0.000773
15,                            11,                       4,                       0.000611
15,                            11,                       4,                       0.000625
15,                            11,                       4,                       0.000641
15,                            11,                       4,                       0.000666
15,                            11,                       4,                       0.000614
15,                            11,                       4,                       0.00063
15,                            11,                       4,                       0.000631
15,                            11,                       4,                       0.000641
15,                            11,                       4,                       0.000637
15,                            11,                       4,                       0.000662
15,                            11,                       4,                       0.00058
15,                            11,                       4,                       0.000598
15,                            11,                       4,                       0.00056
15,                            11,                       4,                       0.000596
15,                            11,                       4,                       0.000568
15,                            11,                       4,                       0.000609
15,                            11,                       4,                       0.000581
15,                            11,                       4,                       0.000572
15,                            11,                       4,                       0.00068
15,                            11,                       4,                       0.000603
15,                            11,                       4,                       0.000569
15,                            11,                       4,                       0.000724
15,                            11,                       4,                       0.000599
15,                            11,                       4,                       0.000587
15,                            11,                       4,                       0.000634
15,                            11,                       4,                       0.000679
15,                            11,                       4,                       0.000559
15,                            11,                       4,                       0.000667
15,                            11,                       4,                       0.00058
15,                            11,                       4,                       0.000627
15,                            11,                       4,                       0.000554
15,                            11,                       4,                       0.000673
15,                            11,                       4,                       0.000764
15,                            11,                       4,                       0.000626
15,                            11,                       4,                       0.000609
15,                            11,                       4,                       0.000569
15,                            11,                       4,                       0.000612
15,                            11,                       4,                       0.000626
15,                            11,                       4,                       0.001036
15,                            11,                       4,                       0.000545
15,                            11,                       4,                       0.000581
15,                            11,                       4,                       0.000593
15,                            11,                       4,                       0.000612
15,                            11,                       4,                       0.000611
15,                            11,                       4,                       0.000675
15,                            11,                       4,                       0.000706
15,                            11,                       4,                       0.000567
15,                            11,                       4,                       0.000667
15,                            11,                       4,                       0.00081
15,                            11,                       4,                       0.000662
15,                            11,                       4,                       0.000619
15,                            11,                       4,                       0.000557
15,                            11,                       4,                       0.000619
15,                            11,                       4,                       0.00067
15,                            11,                       4,                       0.000691
15,                            11,                       4,                       0.000574
15,                            11,                       4,                       0.000658
15,                            11,                       4,                       0.000579
15,                            11,                       4,                       0.0006
15,                            11,                       4,                       0.000639
15,                            11,                       4,                       0.000662
15,                            11,                       4,                       0.000719
15,                            11,                       4,                       0.000618
15,                            11,                       4,                       0.000606
15,                            11,                       4,                       0.000603
15,                            11,                       4,                       0.000704
15,                            11,                       4,                       0.000685
15,                            11,                       4,                       0.0006
15,                            11,                       4,                       0.000576
15,                            11,                       4,                       0.000777
15,                            11,                       4,                       0.001025
15,                            11,                       4,                       0.000594
15,                            11,                       4,                       0.000605
15,                            11,                       4,                       0.00061
15,                            11,                       4,                       0.000574
15,                            11,                       4,                       0.000597
15,                            11,                       4,                       0.000626
15,                            11,                       4,                       0.000614
15,                            11,                       4,                       0.00063
15,                            11,                       4,                       0.000659
15,                            11,                       4,                       0.000703
15,                            11,                       4,                       0.000614
15,                            11,                       4,                       0.000566
15,                            11,                       4,                       0.000637
15,                            11,                       4,                       0.000701
15,                            11,                       4,                       0.0006
15,                            11,                       4,                       0.000645
15,                            11,                       4,                       0.000603
15,                            11,                       4,                       0.000607
15,                            11,                       4,                       0.000665
15,                            11,                       4,                       0.000635
15,                            11,                       4,                       0.000658
15,                            11,                       4,                       0.000711
15,                            11,                       4,                       0.000623
15,                            11,                       4,                       0.000625
15,                            11,                       4,                       0.000634
15,                            11,                       4,                       0.00063
15,                            11,                       4,                       0.000574
15,                            11,                       4,                       0.000699
15,                            11,                       4,                       0.000829
15,                            11,                       4,                       0.000638
15,                            11,                       4,                       0.000615
15,                            11,                       4,                       0.000671
15,                            11,                       4,                       0.00057
15,                            11,                       4,                       0.00072
15,                            11,                       4,                       0.000637
15,                            11,                       4,                       0.000613
15,                            11,                       4,                       0.000573
15,                            11,                       4,                       0.000612
15,                            11,                       4,                       0.000679
15,                            11,                       4,                       0.000634
15,                            11,                       4,                       0.000586
15,                            11,                       4,                       0.001264
15,                            11,                       4,                       0.000768
15,                            11,                       4,                       0.000579
15,                            11,                       4,                       0.000616
15,                            11,                       4,                       0.00061
15,                            11,                       4,                       0.000611
15,                            11,                       4,                       0.000651
15,                            11,                       4,                       0.000613
15,                            11,                       4,                       0.00063
15,                            11,                       4,                       0.00063
15,                            11,                       4,                       0.000726
15,                            11,                       4,                       0.000628
15,                            11,                       4,                       0.000731
15,                            11,                       4,                       0.000751
15,                            11,                       4,                       0.000557
15,                            11,                       4,                       0.000592
15,                            11,                       4,                       0.000637
15,                            11,                       4,                       0.000622
15,                            11,                       4,                       0.000628
15,                            11,                       4,                       0.000707
15,                            11,                       4,                       0.000611
15,                            11,                       4,                       0.000624
15,                            11,                       4,                       0.000612
15,                            11,                       4,                       0.000662
15,                            11,                       4,                       0.000562
15,                            11,                       4,                       0.000648
15,                            11,                       4,                       0.000663
15,                            11,                       4,                       0.000665
15,                            11,                       4,                       0.001297
15,                            11,                       4,                       0.000637
15,                            11,                       4,                       0.000597
15,                            11,                       4,                       0.00073
15,                            11,                       4,                       0.00062
15,                            11,                       4,                       0.000546
15,                            11,                       4,                       0.000631
15,                            11,                       4,                       0.000589
15,                            11,                       4,                       0.000584
15,                            11,                       4,                       0.000571
15,                            11,                       4,                       0.000773
15,                            11,                       4,                       0.000706
15,                            11,                       4,                       0.000665
15,                            11,                       4,                       0.00058
15,                            11,                       4,                       0.000648
15,                            11,                       4,                       0.000643
15,                            11,                       4,                       0.000611
15,                            11,                       4,                       0.000625
15,                            11,                       4,                       0.000572
15,                            11,                       4,                       0.000839
15,                            11,                       4,                       0.000775
15,                            11,                       4,                       0.000633
