COMMENT : The search result by Hill-Climbing for Cauchy_Good Fri Jan 26 15:13:26 2018

tech : Cauchy_Good
algorithm : Hill-Climbing
k : 7
m : 3
w : 4
failed_disk_id : 0
conventional_symbol_number    optimized_symbol_number    reduced_symbol_number    time
28,                            23,                       5,                       0.001094
28,                            23,                       5,                       0.001321
28,                            23,                       5,                       0.001362
28,                            23,                       5,                       0.001171
28,                            23,                       5,                       0.001231
28,                            23,                       5,                       0.001085
28,                            23,                       5,                       0.001086
28,                            23,                       5,                       0.001099
28,                            23,                       5,                       0.001135
28,                            23,                       5,                       0.001091
28,                            23,                       5,                       0.001173
28,                            23,                       5,                       0.001523
28,                            23,                       5,                       0.001083
28,                            23,                       5,                       0.001095
28,                            23,                       5,                       0.001141
28,                            23,                       5,                       0.001174
28,                            23,                       5,                       0.001086
28,                            23,                       5,                       0.001095
28,                            23,                       5,                       0.001129
28,                            23,                       5,                       0.001109
28,                            23,                       5,                       0.0011
28,                            23,                       5,                       0.001146
28,                            23,                       5,                       0.001169
28,                            23,                       5,                       0.001126
28,                            23,                       5,                       0.001085
28,                            23,                       5,                       0.001096
28,                            23,                       5,                       0.001079
28,                            23,                       5,                       0.001038
28,                            23,                       5,                       0.001093
28,                            23,                       5,                       0.001108
28,                            23,                       5,                       0.001078
28,                            23,                       5,                       0.0011
28,                            23,                       5,                       0.001077
28,                            23,                       5,                       0.001123
28,                            23,                       5,                       0.001166
28,                            23,                       5,                       0.001244
28,                            23,                       5,                       0.001295
28,                            23,                       5,                       0.001158
28,                            23,                       5,                       0.001224
28,                            23,                       5,                       0.001085
28,                            23,                       5,                       0.001125
28,                            23,                       5,                       0.001084
28,                            23,                       5,                       0.001382
28,                            23,                       5,                       0.001318
28,                            23,                       5,                       0.0011
28,                            23,                       5,                       0.001085
28,                            23,                       5,                       0.001321
28,                            23,                       5,                       0.001127
28,                            23,                       5,                       0.001125
28,                            23,                       5,                       0.001156
28,                            23,                       5,                       0.001099
28,                            23,                       5,                       0.001085
28,                            23,                       5,                       0.001147
28,                            23,                       5,                       0.001137
28,                            23,                       5,                       0.001235
28,                            23,                       5,                       0.00123
28,                            23,                       5,                       0.001221
28,                            23,                       5,                       0.001093
28,                            23,                       5,                       0.001345
28,                            23,                       5,                       0.001083
28,                            23,                       5,                       0.001094
28,                            23,                       5,                       0.001202
28,                            23,                       5,                       0.001066
28,                            23,                       5,                       0.001103
28,                            23,                       5,                       0.001134
28,                            23,                       5,                       0.00113
28,                            23,                       5,                       0.001117
28,                            23,                       5,                       0.001725
28,                            23,                       5,                       0.001158
28,                            23,                       5,                       0.001316
28,                            23,                       5,                       0.001085
28,                            23,                       5,                       0.001184
28,                            23,                       5,                       0.001066
28,                            23,                       5,                       0.001625
28,                            23,                       5,                       0.001095
28,                            23,                       5,                       0.001168
28,                            23,                       5,                       0.001097
28,                            23,                       5,                       0.001126
28,                            23,                       5,                       0.001086
28,                            23,                       5,                       0.00111
28,                            23,                       5,                       0.001102
28,                            23,                       5,                       0.001125
28,                            23,                       5,                       0.001091
28,                            23,                       5,                       0.001099
28,                            23,                       5,                       0.001143
28,                            23,                       5,                       0.00107
28,                            23,                       5,                       0.001185
28,                            23,                       5,                       0.001259
28,                            23,                       5,                       0.001064
28,                            23,                       5,                       0.00116
28,                            23,                       5,                       0.001081
28,                            23,                       5,                       0.001252
28,                            23,                       5,                       0.00113
28,                            23,                       5,                       0.001087
28,                            23,                       5,                       0.001145
28,                            23,                       5,                       0.001114
28,                            23,                       5,                       0.001159
28,                            23,                       5,                       0.001106
28,                            23,                       5,                       0.001142
28,                            23,                       5,                       0.001125
28,                            23,                       5,                       0.0011
28,                            23,                       5,                       0.001093
28,                            23,                       5,                       0.001534
28,                            23,                       5,                       0.001328
28,                            23,                       5,                       0.001118
28,                            23,                       5,                       0.001517
28,                            23,                       5,                       0.001173
28,                            23,                       5,                       0.001118
28,                            23,                       5,                       0.001183
28,                            23,                       5,                       0.00114
28,                            23,                       5,                       0.001269
28,                            23,                       5,                       0.001289
28,                            23,                       5,                       0.001124
28,                            23,                       5,                       0.001174
28,                            23,                       5,                       0.001261
28,                            23,                       5,                       0.001095
28,                            23,                       5,                       0.001151
28,                            23,                       5,                       0.001098
28,                            23,                       5,                       0.001143
28,                            23,                       5,                       0.001121
28,                            23,                       5,                       0.001121
28,                            23,                       5,                       0.001383
28,                            23,                       5,                       0.001162
28,                            23,                       5,                       0.001411
28,                            23,                       5,                       0.001095
28,                            23,                       5,                       0.001194
28,                            23,                       5,                       0.001274
28,                            23,                       5,                       0.001091
28,                            23,                       5,                       0.001094
28,                            23,                       5,                       0.001115
28,                            23,                       5,                       0.001225
28,                            23,                       5,                       0.001156
28,                            23,                       5,                       0.001143
28,                            23,                       5,                       0.001119
28,                            23,                       5,                       0.001204
28,                            23,                       5,                       0.001106
28,                            23,                       5,                       0.00108
28,                            23,                       5,                       0.0011
28,                            23,                       5,                       0.001112
28,                            23,                       5,                       0.001088
28,                            23,                       5,                       0.001121
28,                            23,                       5,                       0.001284
28,                            23,                       5,                       0.001135
28,                            23,                       5,                       0.001366
28,                            23,                       5,                       0.001128
28,                            23,                       5,                       0.001036
28,                            23,                       5,                       0.001082
28,                            23,                       5,                       0.001097
28,                            23,                       5,                       0.001099
28,                            23,                       5,                       0.001227
28,                            23,                       5,                       0.001152
28,                            23,                       5,                       0.001108
28,                            23,                       5,                       0.001262
28,                            23,                       5,                       0.001206
28,                            23,                       5,                       0.001424
28,                            23,                       5,                       0.001083
28,                            23,                       5,                       0.001096
28,                            23,                       5,                       0.001092
28,                            23,                       5,                       0.001098
28,                            23,                       5,                       0.001143
28,                            23,                       5,                       0.001219
28,                            23,                       5,                       0.001082
28,                            23,                       5,                       0.001121
28,                            23,                       5,                       0.001103
28,                            23,                       5,                       0.001359
28,                            23,                       5,                       0.001122
28,                            23,                       5,                       0.00134
28,                            23,                       5,                       0.00118
28,                            23,                       5,                       0.001085
28,                            23,                       5,                       0.001097
28,                            23,                       5,                       0.001087
28,                            23,                       5,                       0.001224
28,                            23,                       5,                       0.001124
28,                            23,                       5,                       0.001131
28,                            23,                       5,                       0.001105
28,                            23,                       5,                       0.001086
28,                            23,                       5,                       0.001226
28,                            23,                       5,                       0.001135
28,                            23,                       5,                       0.001111
28,                            23,                       5,                       0.002002
28,                            23,                       5,                       0.001095
28,                            23,                       5,                       0.001116
28,                            23,                       5,                       0.001083
28,                            23,                       5,                       0.001097
28,                            23,                       5,                       0.001253
28,                            23,                       5,                       0.001129
28,                            23,                       5,                       0.001141
28,                            23,                       5,                       0.00109
28,                            23,                       5,                       0.001777
28,                            23,                       5,                       0.001167
28,                            23,                       5,                       0.001085
28,                            23,                       5,                       0.001131
28,                            23,                       5,                       0.001243
28,                            23,                       5,                       0.00138
28,                            23,                       5,                       0.001104
28,                            23,                       5,                       0.001084
28,                            23,                       5,                       0.001069
28,                            23,                       5,                       0.001146
28,                            23,                       5,                       0.001072
28,                            23,                       5,                       0.001151
28,                            23,                       5,                       0.001164
28,                            23,                       5,                       0.00117
28,                            23,                       5,                       0.001105
28,                            23,                       5,                       0.001273
28,                            23,                       5,                       0.001517
28,                            23,                       5,                       0.001125
28,                            23,                       5,                       0.001096
28,                            23,                       5,                       0.00107
28,                            23,                       5,                       0.001128
28,                            23,                       5,                       0.00113
28,                            23,                       5,                       0.001275
28,                            23,                       5,                       0.001099
28,                            23,                       5,                       0.001136
28,                            23,                       5,                       0.001218
28,                            23,                       5,                       0.001133
28,                            23,                       5,                       0.001096
28,                            23,                       5,                       0.001109
28,                            23,                       5,                       0.0011
28,                            23,                       5,                       0.001116
28,                            23,                       5,                       0.001149
28,                            23,                       5,                       0.001114
28,                            23,                       5,                       0.001094
28,                            23,                       5,                       0.001212
28,                            23,                       5,                       0.001147
28,                            23,                       5,                       0.001121
28,                            23,                       5,                       0.00112
28,                            23,                       5,                       0.001078
28,                            23,                       5,                       0.0011
28,                            23,                       5,                       0.00127
28,                            23,                       5,                       0.001066
28,                            23,                       5,                       0.001072
28,                            23,                       5,                       0.001413
28,                            23,                       5,                       0.001313
28,                            23,                       5,                       0.001285
28,                            23,                       5,                       0.001086
28,                            23,                       5,                       0.001165
28,                            23,                       5,                       0.001097
28,                            23,                       5,                       0.001123
28,                            23,                       5,                       0.001099
28,                            23,                       5,                       0.001092
28,                            23,                       5,                       0.001115
28,                            23,                       5,                       0.001132
28,                            23,                       5,                       0.001112
28,                            23,                       5,                       0.001094
28,                            23,                       5,                       0.001095
28,                            23,                       5,                       0.001278
28,                            23,                       5,                       0.001129
28,                            23,                       5,                       0.001127
28,                            23,                       5,                       0.001087
28,                            23,                       5,                       0.001099
28,                            23,                       5,                       0.001103
28,                            23,                       5,                       0.001083
28,                            23,                       5,                       0.001101
28,                            23,                       5,                       0.001222
28,                            23,                       5,                       0.001098
28,                            23,                       5,                       0.001059
28,                            23,                       5,                       0.001126
28,                            23,                       5,                       0.001104
28,                            23,                       5,                       0.001249
28,                            23,                       5,                       0.001097
28,                            23,                       5,                       0.001716
28,                            23,                       5,                       0.001118
28,                            23,                       5,                       0.00117
28,                            23,                       5,                       0.001139
28,                            23,                       5,                       0.001148
28,                            23,                       5,                       0.001099
28,                            23,                       5,                       0.001083
28,                            23,                       5,                       0.001214
28,                            23,                       5,                       0.00152
28,                            23,                       5,                       0.001197
28,                            23,                       5,                       0.001081
28,                            23,                       5,                       0.001312
28,                            23,                       5,                       0.001103
28,                            23,                       5,                       0.001099
28,                            23,                       5,                       0.001155
28,                            23,                       5,                       0.001664
28,                            23,                       5,                       0.001109
28,                            23,                       5,                       0.001139
28,                            23,                       5,                       0.001093
28,                            23,                       5,                       0.001092
28,                            23,                       5,                       0.001596
28,                            23,                       5,                       0.001099
28,                            23,                       5,                       0.001097
28,                            23,                       5,                       0.001112
28,                            23,                       5,                       0.001098
28,                            23,                       5,                       0.001093
28,                            23,                       5,                       0.001092
28,                            23,                       5,                       0.001104
28,                            23,                       5,                       0.001102
28,                            23,                       5,                       0.001199
28,                            23,                       5,                       0.001146
28,                            23,                       5,                       0.001091
28,                            23,                       5,                       0.001109
28,                            23,                       5,                       0.001135
28,                            23,                       5,                       0.001095
28,                            23,                       5,                       0.001115
28,                            23,                       5,                       0.001105
28,                            23,                       5,                       0.001096
28,                            23,                       5,                       0.001187
28,                            23,                       5,                       0.001096
