COMMENT : The search result by Hill-Climbing for Cauchy_Good Fri Jan 26 15:13:15 2018

tech : Cauchy_Good
algorithm : Hill-Climbing
k : 2
m : 2
w : 6
failed_disk_id : 0
conventional_symbol_number    optimized_symbol_number    reduced_symbol_number    time
12,                            9,                       3,                       0.001701
12,                            9,                       3,                       0.001669
12,                            9,                       3,                       0.002137
12,                            9,                       3,                       0.001698
12,                            9,                       3,                       0.001647
12,                            9,                       3,                       0.001794
12,                            9,                       3,                       0.001871
12,                            9,                       3,                       0.001749
12,                            9,                       3,                       0.001729
12,                            9,                       3,                       0.001667
12,                            9,                       3,                       0.001702
12,                            9,                       3,                       0.00167
12,                            9,                       3,                       0.002087
12,                            9,                       3,                       0.002097
12,                            9,                       3,                       0.001958
12,                            9,                       3,                       0.00176
12,                            9,                       3,                       0.001751
12,                            9,                       3,                       0.00175
12,                            9,                       3,                       0.001705
12,                            9,                       3,                       0.001718
12,                            9,                       3,                       0.001634
12,                            9,                       3,                       0.001759
12,                            9,                       3,                       0.001817
12,                            9,                       3,                       0.001732
12,                            9,                       3,                       0.001602
12,                            9,                       3,                       0.001701
12,                            9,                       3,                       0.00164
12,                            9,                       3,                       0.001706
12,                            9,                       3,                       0.001583
12,                            9,                       3,                       0.001818
12,                            9,                       3,                       0.001844
12,                            9,                       3,                       0.001649
12,                            9,                       3,                       0.001571
12,                            9,                       3,                       0.001763
12,                            9,                       3,                       0.001865
12,                            9,                       3,                       0.00173
12,                            9,                       3,                       0.001776
12,                            9,                       3,                       0.001682
12,                            9,                       3,                       0.001821
12,                            9,                       3,                       0.001705
12,                            9,                       3,                       0.001668
12,                            9,                       3,                       0.002062
12,                            9,                       3,                       0.001776
12,                            9,                       3,                       0.0017
12,                            9,                       3,                       0.001586
12,                            9,                       3,                       0.001765
12,                            9,                       3,                       0.001868
12,                            9,                       3,                       0.001743
12,                            9,                       3,                       0.001705
12,                            9,                       3,                       0.001656
12,                            9,                       3,                       0.001593
12,                            9,                       3,                       0.00193
12,                            9,                       3,                       0.001886
12,                            9,                       3,                       0.001852
12,                            9,                       3,                       0.001939
12,                            9,                       3,                       0.00178
12,                            9,                       3,                       0.001687
12,                            9,                       3,                       0.001768
12,                            9,                       3,                       0.001675
12,                            9,                       3,                       0.001811
12,                            9,                       3,                       0.001696
12,                            9,                       3,                       0.001683
12,                            9,                       3,                       0.00199
12,                            9,                       3,                       0.001911
12,                            9,                       3,                       0.00169
12,                            9,                       3,                       0.001812
12,                            9,                       3,                       0.001581
12,                            9,                       3,                       0.001644
12,                            9,                       3,                       0.001784
12,                            9,                       3,                       0.001802
12,                            9,                       3,                       0.001769
12,                            9,                       3,                       0.001788
12,                            9,                       3,                       0.001844
12,                            9,                       3,                       0.001792
12,                            9,                       3,                       0.002485
12,                            9,                       3,                       0.001815
12,                            9,                       3,                       0.001933
12,                            9,                       3,                       0.001632
12,                            9,                       3,                       0.001861
12,                            9,                       3,                       0.00163
12,                            9,                       3,                       0.001612
12,                            9,                       3,                       0.001733
12,                            9,                       3,                       0.001958
12,                            9,                       3,                       0.001816
12,                            9,                       3,                       0.001677
12,                            9,                       3,                       0.001606
12,                            9,                       3,                       0.0017
12,                            9,                       3,                       0.001958
12,                            9,                       3,                       0.001682
12,                            9,                       3,                       0.001927
12,                            9,                       3,                       0.001701
12,                            9,                       3,                       0.001835
12,                            9,                       3,                       0.001598
12,                            9,                       3,                       0.001683
12,                            9,                       3,                       0.001872
12,                            9,                       3,                       0.001933
12,                            9,                       3,                       0.001712
12,                            9,                       3,                       0.002283
12,                            9,                       3,                       0.001627
12,                            9,                       3,                       0.001846
12,                            9,                       3,                       0.001875
12,                            9,                       3,                       0.001688
12,                            9,                       3,                       0.001861
12,                            9,                       3,                       0.001638
12,                            9,                       3,                       0.001801
12,                            9,                       3,                       0.001753
12,                            9,                       3,                       0.001715
12,                            9,                       3,                       0.001828
12,                            9,                       3,                       0.001775
12,                            9,                       3,                       0.00167
12,                            9,                       3,                       0.001922
12,                            9,                       3,                       0.001736
12,                            9,                       3,                       0.001665
12,                            9,                       3,                       0.001855
12,                            9,                       3,                       0.00168
12,                            9,                       3,                       0.002011
12,                            9,                       3,                       0.001729
12,                            9,                       3,                       0.001678
12,                            9,                       3,                       0.001702
12,                            9,                       3,                       0.001868
12,                            9,                       3,                       0.001691
12,                            9,                       3,                       0.001813
12,                            9,                       3,                       0.001709
12,                            9,                       3,                       0.001733
12,                            9,                       3,                       0.001832
12,                            9,                       3,                       0.001725
12,                            9,                       3,                       0.001711
12,                            9,                       3,                       0.001748
12,                            9,                       3,                       0.00186
12,                            9,                       3,                       0.001735
12,                            9,                       3,                       0.001743
12,                            9,                       3,                       0.001706
12,                            9,                       3,                       0.001819
12,                            9,                       3,                       0.001787
12,                            9,                       3,                       0.001736
12,                            9,                       3,                       0.001814
12,                            9,                       3,                       0.00164
12,                            9,                       3,                       0.001799
12,                            9,                       3,                       0.001605
12,                            9,                       3,                       0.001861
12,                            9,                       3,                       0.001703
12,                            9,                       3,                       0.0017
12,                            9,                       3,                       0.001707
12,                            9,                       3,                       0.001698
12,                            9,                       3,                       0.001799
12,                            9,                       3,                       0.001707
12,                            9,                       3,                       0.001689
12,                            9,                       3,                       0.001837
12,                            9,                       3,                       0.002286
12,                            9,                       3,                       0.001748
12,                            9,                       3,                       0.001707
12,                            9,                       3,                       0.001784
12,                            9,                       3,                       0.001938
12,                            9,                       3,                       0.001757
12,                            9,                       3,                       0.001674
12,                            9,                       3,                       0.001627
12,                            9,                       3,                       0.002181
12,                            9,                       3,                       0.00191
12,                            9,                       3,                       0.001718
12,                            9,                       3,                       0.00182
12,                            9,                       3,                       0.00191
12,                            9,                       3,                       0.00175
12,                            9,                       3,                       0.001999
12,                            9,                       3,                       0.002336
12,                            9,                       3,                       0.001687
12,                            9,                       3,                       0.001734
12,                            9,                       3,                       0.002324
12,                            9,                       3,                       0.001734
12,                            9,                       3,                       0.001688
12,                            9,                       3,                       0.001705
12,                            9,                       3,                       0.001773
12,                            9,                       3,                       0.001683
12,                            9,                       3,                       0.001744
12,                            9,                       3,                       0.001683
12,                            9,                       3,                       0.001604
12,                            9,                       3,                       0.001995
12,                            9,                       3,                       0.001697
12,                            9,                       3,                       0.001763
12,                            9,                       3,                       0.001814
12,                            9,                       3,                       0.001628
12,                            9,                       3,                       0.001793
12,                            9,                       3,                       0.001654
12,                            9,                       3,                       0.001727
12,                            9,                       3,                       0.001662
12,                            9,                       3,                       0.001745
12,                            9,                       3,                       0.002027
12,                            9,                       3,                       0.001735
12,                            9,                       3,                       0.001661
12,                            9,                       3,                       0.001701
12,                            9,                       3,                       0.001636
12,                            9,                       3,                       0.001758
12,                            9,                       3,                       0.00174
12,                            9,                       3,                       0.001757
12,                            9,                       3,                       0.001816
12,                            9,                       3,                       0.001921
12,                            9,                       3,                       0.00176
12,                            9,                       3,                       0.001726
12,                            9,                       3,                       0.002073
12,                            9,                       3,                       0.001662
12,                            9,                       3,                       0.001648
12,                            9,                       3,                       0.001743
12,                            9,                       3,                       0.001768
12,                            9,                       3,                       0.001796
12,                            9,                       3,                       0.001675
12,                            9,                       3,                       0.001952
12,                            9,                       3,                       0.001744
12,                            9,                       3,                       0.002082
12,                            9,                       3,                       0.001746
12,                            9,                       3,                       0.001711
12,                            9,                       3,                       0.001985
12,                            9,                       3,                       0.00175
12,                            9,                       3,                       0.001635
12,                            9,                       3,                       0.001701
12,                            9,                       3,                       0.001683
12,                            9,                       3,                       0.001614
12,                            9,                       3,                       0.001822
12,                            9,                       3,                       0.001643
12,                            9,                       3,                       0.001847
12,                            9,                       3,                       0.001973
12,                            9,                       3,                       0.001676
12,                            9,                       3,                       0.001767
12,                            9,                       3,                       0.001652
12,                            9,                       3,                       0.001724
12,                            9,                       3,                       0.0017
12,                            9,                       3,                       0.001765
12,                            9,                       3,                       0.001697
12,                            9,                       3,                       0.002148
12,                            9,                       3,                       0.001682
12,                            9,                       3,                       0.001858
12,                            9,                       3,                       0.002152
12,                            9,                       3,                       0.00172
12,                            9,                       3,                       0.001766
12,                            9,                       3,                       0.001772
12,                            9,                       3,                       0.001659
12,                            9,                       3,                       0.001933
12,                            9,                       3,                       0.001682
12,                            9,                       3,                       0.001933
12,                            9,                       3,                       0.00183
12,                            9,                       3,                       0.001875
12,                            9,                       3,                       0.001874
12,                            9,                       3,                       0.001632
12,                            9,                       3,                       0.0016
12,                            9,                       3,                       0.001816
12,                            9,                       3,                       0.001845
12,                            9,                       3,                       0.001956
12,                            9,                       3,                       0.001832
12,                            9,                       3,                       0.001811
12,                            9,                       3,                       0.001649
12,                            9,                       3,                       0.00187
12,                            9,                       3,                       0.002048
12,                            9,                       3,                       0.001892
12,                            9,                       3,                       0.00188
12,                            9,                       3,                       0.001773
12,                            9,                       3,                       0.001922
12,                            9,                       3,                       0.001743
12,                            9,                       3,                       0.00188
12,                            9,                       3,                       0.002113
12,                            9,                       3,                       0.001684
12,                            9,                       3,                       0.001926
12,                            9,                       3,                       0.001878
12,                            9,                       3,                       0.001763
12,                            9,                       3,                       0.002207
12,                            9,                       3,                       0.002162
12,                            9,                       3,                       0.001794
12,                            9,                       3,                       0.001789
12,                            9,                       3,                       0.001755
12,                            9,                       3,                       0.001626
12,                            9,                       3,                       0.001627
12,                            9,                       3,                       0.001637
12,                            9,                       3,                       0.001599
12,                            9,                       3,                       0.001757
12,                            9,                       3,                       0.002109
12,                            9,                       3,                       0.001757
12,                            9,                       3,                       0.001587
12,                            9,                       3,                       0.001636
12,                            9,                       3,                       0.00175
12,                            9,                       3,                       0.001853
12,                            9,                       3,                       0.001687
12,                            9,                       3,                       0.001788
12,                            9,                       3,                       0.001613
12,                            9,                       3,                       0.001651
12,                            9,                       3,                       0.001647
12,                            9,                       3,                       0.001751
12,                            9,                       3,                       0.001736
12,                            9,                       3,                       0.001687
12,                            9,                       3,                       0.001673
12,                            9,                       3,                       0.00184
12,                            9,                       3,                       0.00206
12,                            9,                       3,                       0.001886
12,                            9,                       3,                       0.002293
12,                            9,                       3,                       0.001727
12,                            9,                       3,                       0.00188
12,                            9,                       3,                       0.001686
12,                            9,                       3,                       0.001567
12,                            9,                       3,                       0.001786
12,                            9,                       3,                       0.001754
12,                            9,                       3,                       0.002419
12,                            9,                       3,                       0.001981
12,                            9,                       3,                       0.001665
12,                            9,                       3,                       0.002219
