COMMENT : The search result by Hill-Climbing for Cauchy_Good Fri Jan 26 15:13:18 2018

tech : Cauchy_Good
algorithm : Hill-Climbing
k : 5
m : 4
w : 6
failed_disk_id : 0
conventional_symbol_number    optimized_symbol_number    reduced_symbol_number    time
30,                            23,                       7,                       0.045941
30,                            23,                       7,                       0.045966
30,                            23,                       7,                       0.045798
30,                            23,                       7,                       0.045605
30,                            23,                       7,                       0.044997
30,                            23,                       7,                       0.04707
30,                            23,                       7,                       0.04587
30,                            23,                       7,                       0.045628
30,                            23,                       7,                       0.04547
30,                            23,                       7,                       0.046412
30,                            23,                       7,                       0.046145
30,                            23,                       7,                       0.045338
30,                            23,                       7,                       0.044648
30,                            23,                       7,                       0.051401
30,                            23,                       7,                       0.046469
30,                            23,                       7,                       0.049071
30,                            23,                       7,                       0.050991
30,                            23,                       7,                       0.049364
30,                            23,                       7,                       0.047935
30,                            23,                       7,                       0.04703
30,                            23,                       7,                       0.045606
30,                            23,                       7,                       0.044642
30,                            23,                       7,                       0.045388
30,                            23,                       7,                       0.045863
30,                            23,                       7,                       0.04648
30,                            23,                       7,                       0.045078
30,                            23,                       7,                       0.045395
30,                            23,                       7,                       0.046423
30,                            23,                       7,                       0.045125
30,                            23,                       7,                       0.046675
30,                            23,                       7,                       0.045675
30,                            23,                       7,                       0.047156
30,                            23,                       7,                       0.044585
30,                            23,                       7,                       0.04517
30,                            23,                       7,                       0.046016
30,                            23,                       7,                       0.047331
30,                            23,                       7,                       0.046698
30,                            23,                       7,                       0.04668
30,                            23,                       7,                       0.050048
30,                            23,                       7,                       0.059565
30,                            23,                       7,                       0.046248
30,                            23,                       7,                       0.049496
30,                            23,                       7,                       0.049905
30,                            23,                       7,                       0.045307
30,                            23,                       7,                       0.044602
30,                            23,                       7,                       0.045064
30,                            23,                       7,                       0.047655
30,                            23,                       7,                       0.046669
30,                            23,                       7,                       0.046172
30,                            23,                       7,                       0.047401
30,                            23,                       7,                       0.047232
30,                            23,                       7,                       0.053502
30,                            23,                       7,                       0.046148
30,                            23,                       7,                       0.049677
30,                            23,                       7,                       0.045145
30,                            23,                       7,                       0.04904
30,                            23,                       7,                       0.045091
30,                            23,                       7,                       0.048472
30,                            23,                       7,                       0.048076
30,                            23,                       7,                       0.050339
30,                            23,                       7,                       0.049026
30,                            23,                       7,                       0.050234
30,                            23,                       7,                       0.047515
30,                            23,                       7,                       0.047897
30,                            23,                       7,                       0.046985
30,                            23,                       7,                       0.045364
30,                            23,                       7,                       0.045411
30,                            23,                       7,                       0.045278
30,                            23,                       7,                       0.045406
30,                            23,                       7,                       0.045459
30,                            23,                       7,                       0.045179
30,                            23,                       7,                       0.047021
30,                            23,                       7,                       0.045805
30,                            23,                       7,                       0.045929
30,                            23,                       7,                       0.045671
30,                            23,                       7,                       0.045402
30,                            23,                       7,                       0.045104
30,                            23,                       7,                       0.046902
30,                            23,                       7,                       0.046191
30,                            23,                       7,                       0.046714
30,                            23,                       7,                       0.050847
30,                            23,                       7,                       0.047006
30,                            23,                       7,                       0.045526
30,                            23,                       7,                       0.046708
30,                            23,                       7,                       0.046838
30,                            23,                       7,                       0.045796
30,                            23,                       7,                       0.047572
30,                            23,                       7,                       0.046953
30,                            23,                       7,                       0.04646
30,                            23,                       7,                       0.04609
30,                            23,                       7,                       0.048167
30,                            23,                       7,                       0.047473
30,                            23,                       7,                       0.049404
30,                            23,                       7,                       0.045506
30,                            23,                       7,                       0.046235
30,                            23,                       7,                       0.046275
30,                            23,                       7,                       0.046639
30,                            23,                       7,                       0.047788
30,                            23,                       7,                       0.049146
30,                            23,                       7,                       0.04751
30,                            23,                       7,                       0.045425
30,                            23,                       7,                       0.047072
30,                            23,                       7,                       0.048059
30,                            23,                       7,                       0.047535
30,                            23,                       7,                       0.046519
30,                            23,                       7,                       0.047269
30,                            23,                       7,                       0.047386
30,                            23,                       7,                       0.046708
30,                            23,                       7,                       0.047261
30,                            23,                       7,                       0.046033
30,                            23,                       7,                       0.046925
30,                            23,                       7,                       0.046978
30,                            23,                       7,                       0.047645
30,                            23,                       7,                       0.046768
30,                            23,                       7,                       0.046267
30,                            23,                       7,                       0.046581
30,                            23,                       7,                       0.046424
30,                            23,                       7,                       0.045898
30,                            23,                       7,                       0.045593
30,                            23,                       7,                       0.046385
30,                            23,                       7,                       0.046175
30,                            23,                       7,                       0.046133
30,                            23,                       7,                       0.045594
30,                            23,                       7,                       0.04732
30,                            23,                       7,                       0.046284
30,                            23,                       7,                       0.049187
30,                            23,                       7,                       0.045729
30,                            23,                       7,                       0.047919
30,                            23,                       7,                       0.046623
30,                            23,                       7,                       0.048927
30,                            23,                       7,                       0.047285
30,                            23,                       7,                       0.046896
30,                            23,                       7,                       0.047119
30,                            23,                       7,                       0.049885
30,                            23,                       7,                       0.047319
30,                            23,                       7,                       0.046114
30,                            23,                       7,                       0.045794
30,                            23,                       7,                       0.046538
30,                            23,                       7,                       0.046034
30,                            23,                       7,                       0.046913
30,                            23,                       7,                       0.049268
30,                            23,                       7,                       0.047028
30,                            23,                       7,                       0.046466
30,                            23,                       7,                       0.046589
30,                            23,                       7,                       0.046216
30,                            23,                       7,                       0.046418
30,                            23,                       7,                       0.046195
30,                            23,                       7,                       0.046246
30,                            23,                       7,                       0.04596
30,                            23,                       7,                       0.04603
30,                            23,                       7,                       0.046179
30,                            23,                       7,                       0.04636
30,                            23,                       7,                       0.046738
30,                            23,                       7,                       0.046382
30,                            23,                       7,                       0.047129
30,                            23,                       7,                       0.045583
30,                            23,                       7,                       0.047149
30,                            23,                       7,                       0.047476
30,                            23,                       7,                       0.050318
30,                            23,                       7,                       0.046438
30,                            23,                       7,                       0.046811
30,                            23,                       7,                       0.046491
30,                            23,                       7,                       0.046647
30,                            23,                       7,                       0.047455
30,                            23,                       7,                       0.046787
30,                            23,                       7,                       0.046959
30,                            23,                       7,                       0.046449
30,                            23,                       7,                       0.046065
30,                            23,                       7,                       0.04645
30,                            23,                       7,                       0.045802
30,                            23,                       7,                       0.04663
30,                            23,                       7,                       0.04627
30,                            23,                       7,                       0.046483
30,                            23,                       7,                       0.045955
30,                            23,                       7,                       0.045841
30,                            23,                       7,                       0.047201
30,                            23,                       7,                       0.04737
30,                            23,                       7,                       0.04608
30,                            23,                       7,                       0.047686
30,                            23,                       7,                       0.046704
30,                            23,                       7,                       0.046701
30,                            23,                       7,                       0.046352
30,                            23,                       7,                       0.046629
30,                            23,                       7,                       0.046341
30,                            23,                       7,                       0.046473
30,                            23,                       7,                       0.046344
30,                            23,                       7,                       0.046304
30,                            23,                       7,                       0.046685
30,                            23,                       7,                       0.047925
30,                            23,                       7,                       0.04694
30,                            23,                       7,                       0.049172
30,                            23,                       7,                       0.046104
30,                            23,                       7,                       0.047579
30,                            23,                       7,                       0.046745
30,                            23,                       7,                       0.046706
30,                            23,                       7,                       0.047227
30,                            23,                       7,                       0.04639
30,                            23,                       7,                       0.047486
30,                            23,                       7,                       0.046267
30,                            23,                       7,                       0.045385
30,                            23,                       7,                       0.046265
30,                            23,                       7,                       0.046005
30,                            23,                       7,                       0.047035
30,                            23,                       7,                       0.046338
30,                            23,                       7,                       0.048425
30,                            23,                       7,                       0.048645
30,                            23,                       7,                       0.047713
30,                            23,                       7,                       0.050515
30,                            23,                       7,                       0.047425
30,                            23,                       7,                       0.047064
30,                            23,                       7,                       0.04742
30,                            23,                       7,                       0.046641
30,                            23,                       7,                       0.046455
30,                            23,                       7,                       0.045891
30,                            23,                       7,                       0.047852
30,                            23,                       7,                       0.047672
30,                            23,                       7,                       0.046588
30,                            23,                       7,                       0.050768
30,                            23,                       7,                       0.047351
30,                            23,                       7,                       0.048491
30,                            23,                       7,                       0.047781
30,                            23,                       7,                       0.045275
30,                            23,                       7,                       0.047889
30,                            23,                       7,                       0.04675
30,                            23,                       7,                       0.046498
30,                            23,                       7,                       0.046962
30,                            23,                       7,                       0.046702
30,                            23,                       7,                       0.046358
30,                            23,                       7,                       0.050847
30,                            23,                       7,                       0.047238
30,                            23,                       7,                       0.046373
30,                            23,                       7,                       0.046718
30,                            23,                       7,                       0.048017
30,                            23,                       7,                       0.048435
30,                            23,                       7,                       0.046858
30,                            23,                       7,                       0.047636
30,                            23,                       7,                       0.046714
30,                            23,                       7,                       0.048352
30,                            23,                       7,                       0.048783
30,                            23,                       7,                       0.046426
30,                            23,                       7,                       0.047104
30,                            23,                       7,                       0.04697
30,                            23,                       7,                       0.046504
30,                            23,                       7,                       0.048212
30,                            23,                       7,                       0.046621
30,                            23,                       7,                       0.046906
30,                            23,                       7,                       0.045918
30,                            23,                       7,                       0.046332
30,                            23,                       7,                       0.04731
30,                            23,                       7,                       0.046405
30,                            23,                       7,                       0.047566
30,                            23,                       7,                       0.04748
30,                            23,                       7,                       0.04686
30,                            23,                       7,                       0.046801
30,                            23,                       7,                       0.048503
30,                            23,                       7,                       0.049733
30,                            23,                       7,                       0.046577
30,                            23,                       7,                       0.04675
30,                            23,                       7,                       0.048058
30,                            23,                       7,                       0.047146
30,                            23,                       7,                       0.047013
30,                            23,                       7,                       0.048208
30,                            23,                       7,                       0.04833
30,                            23,                       7,                       0.047866
30,                            23,                       7,                       0.047569
30,                            23,                       7,                       0.047148
30,                            23,                       7,                       0.045427
30,                            23,                       7,                       0.045745
30,                            23,                       7,                       0.045699
30,                            23,                       7,                       0.046915
30,                            23,                       7,                       0.046652
30,                            23,                       7,                       0.045745
30,                            23,                       7,                       0.046665
30,                            23,                       7,                       0.049147
30,                            23,                       7,                       0.047795
30,                            23,                       7,                       0.046683
30,                            23,                       7,                       0.049645
30,                            23,                       7,                       0.046942
30,                            23,                       7,                       0.046899
30,                            23,                       7,                       0.047523
30,                            23,                       7,                       0.047098
30,                            23,                       7,                       0.046731
30,                            23,                       7,                       0.047043
30,                            23,                       7,                       0.048993
30,                            23,                       7,                       0.049178
30,                            23,                       7,                       0.046103
30,                            23,                       7,                       0.046858
30,                            23,                       7,                       0.047464
30,                            23,                       7,                       0.048535
30,                            23,                       7,                       0.049138
30,                            23,                       7,                       0.049371
30,                            23,                       7,                       0.04721
30,                            23,                       7,                       0.0492
30,                            23,                       7,                       0.046681
30,                            23,                       7,                       0.04671
30,                            23,                       7,                       0.049323
30,                            23,                       7,                       0.048161
30,                            23,                       7,                       0.050333
30,                            23,                       7,                       0.047886
30,                            23,                       7,                       0.0516
