COMMENT : The search result by Hill-Climbing for Cauchy_Good Fri Jan 26 15:13:35 2018

tech : Cauchy_Good
algorithm : Hill-Climbing
k : 8
m : 2
w : 8
failed_disk_id : 0
conventional_symbol_number    optimized_symbol_number    reduced_symbol_number    time
64,                            50,                       14,                       0.016901
64,                            50,                       14,                       0.015755
64,                            50,                       14,                       0.017143
64,                            50,                       14,                       0.016139
64,                            50,                       14,                       0.016458
64,                            50,                       14,                       0.016862
64,                            50,                       14,                       0.01555
64,                            50,                       14,                       0.016735
64,                            50,                       14,                       0.016942
64,                            50,                       14,                       0.015745
64,                            50,                       14,                       0.015626
64,                            50,                       14,                       0.015814
64,                            50,                       14,                       0.01607
64,                            50,                       14,                       0.016236
64,                            50,                       14,                       0.016528
64,                            50,                       14,                       0.01946
64,                            50,                       14,                       0.016366
64,                            50,                       14,                       0.017683
64,                            50,                       14,                       0.020734
64,                            50,                       14,                       0.016217
64,                            50,                       14,                       0.015898
64,                            50,                       14,                       0.015781
64,                            50,                       14,                       0.015738
64,                            50,                       14,                       0.016002
64,                            50,                       14,                       0.015831
64,                            50,                       14,                       0.016025
64,                            50,                       14,                       0.016007
64,                            50,                       14,                       0.015999
64,                            50,                       14,                       0.016514
64,                            50,                       14,                       0.016163
64,                            50,                       14,                       0.016056
64,                            50,                       14,                       0.016047
64,                            50,                       14,                       0.015548
64,                            50,                       14,                       0.016162
64,                            50,                       14,                       0.016363
64,                            50,                       14,                       0.016034
64,                            50,                       14,                       0.01593
64,                            50,                       14,                       0.01615
64,                            50,                       14,                       0.01608
64,                            50,                       14,                       0.016979
64,                            50,                       14,                       0.015968
64,                            50,                       14,                       0.016501
64,                            50,                       14,                       0.015963
64,                            50,                       14,                       0.015579
64,                            50,                       14,                       0.016054
64,                            50,                       14,                       0.015798
64,                            50,                       14,                       0.015923
64,                            50,                       14,                       0.016413
64,                            50,                       14,                       0.016464
64,                            50,                       14,                       0.017101
64,                            50,                       14,                       0.015891
64,                            50,                       14,                       0.016881
64,                            50,                       14,                       0.015515
64,                            50,                       14,                       0.016216
64,                            50,                       14,                       0.015997
64,                            50,                       14,                       0.016318
64,                            50,                       14,                       0.015713
64,                            50,                       14,                       0.01632
64,                            50,                       14,                       0.016701
64,                            50,                       14,                       0.016733
64,                            50,                       14,                       0.016189
64,                            50,                       14,                       0.016311
64,                            50,                       14,                       0.015827
64,                            50,                       14,                       0.016503
64,                            50,                       14,                       0.015877
64,                            50,                       14,                       0.016598
64,                            50,                       14,                       0.016236
64,                            50,                       14,                       0.017204
64,                            50,                       14,                       0.015574
64,                            50,                       14,                       0.015997
64,                            50,                       14,                       0.015668
64,                            50,                       14,                       0.016634
64,                            50,                       14,                       0.015762
64,                            50,                       14,                       0.016159
64,                            50,                       14,                       0.01607
64,                            50,                       14,                       0.017796
64,                            50,                       14,                       0.016028
64,                            50,                       14,                       0.015716
64,                            50,                       14,                       0.016206
64,                            50,                       14,                       0.01611
64,                            50,                       14,                       0.015863
64,                            50,                       14,                       0.016616
64,                            50,                       14,                       0.016201
64,                            50,                       14,                       0.016186
64,                            50,                       14,                       0.016535
64,                            50,                       14,                       0.016555
64,                            50,                       14,                       0.01603
64,                            50,                       14,                       0.016243
64,                            50,                       14,                       0.017958
64,                            50,                       14,                       0.016547
64,                            50,                       14,                       0.016861
64,                            50,                       14,                       0.016839
64,                            50,                       14,                       0.015847
64,                            50,                       14,                       0.016391
64,                            50,                       14,                       0.017373
64,                            50,                       14,                       0.016032
64,                            50,                       14,                       0.016484
64,                            50,                       14,                       0.016547
64,                            50,                       14,                       0.015529
64,                            50,                       14,                       0.015989
64,                            50,                       14,                       0.016476
64,                            50,                       14,                       0.016376
64,                            50,                       14,                       0.017225
64,                            50,                       14,                       0.016766
64,                            50,                       14,                       0.017214
64,                            50,                       14,                       0.015824
64,                            50,                       14,                       0.016224
64,                            50,                       14,                       0.016439
64,                            50,                       14,                       0.016161
64,                            50,                       14,                       0.01603
64,                            50,                       14,                       0.016841
64,                            50,                       14,                       0.016661
64,                            50,                       14,                       0.016283
64,                            50,                       14,                       0.016307
64,                            50,                       14,                       0.016353
64,                            50,                       14,                       0.016469
64,                            50,                       14,                       0.01606
64,                            50,                       14,                       0.016415
64,                            50,                       14,                       0.017531
64,                            50,                       14,                       0.01667
64,                            50,                       14,                       0.016759
64,                            50,                       14,                       0.01682
64,                            50,                       14,                       0.017078
64,                            50,                       14,                       0.016014
64,                            50,                       14,                       0.016721
64,                            50,                       14,                       0.016081
64,                            50,                       14,                       0.016363
64,                            50,                       14,                       0.016788
64,                            50,                       14,                       0.016109
64,                            50,                       14,                       0.016582
64,                            50,                       14,                       0.016514
64,                            50,                       14,                       0.017211
64,                            50,                       14,                       0.016038
64,                            50,                       14,                       0.015733
64,                            50,                       14,                       0.016821
64,                            50,                       14,                       0.016032
64,                            50,                       14,                       0.015997
64,                            50,                       14,                       0.016445
64,                            50,                       14,                       0.015507
64,                            50,                       14,                       0.016092
64,                            50,                       14,                       0.016475
64,                            50,                       14,                       0.016131
64,                            50,                       14,                       0.017313
64,                            50,                       14,                       0.016416
64,                            50,                       14,                       0.016108
64,                            50,                       14,                       0.016526
64,                            50,                       14,                       0.016027
64,                            50,                       14,                       0.016248
64,                            50,                       14,                       0.016333
64,                            50,                       14,                       0.01629
64,                            50,                       14,                       0.015757
64,                            50,                       14,                       0.016597
64,                            50,                       14,                       0.016464
64,                            50,                       14,                       0.016129
64,                            50,                       14,                       0.018431
64,                            50,                       14,                       0.015994
64,                            50,                       14,                       0.015654
64,                            50,                       14,                       0.015654
64,                            50,                       14,                       0.016206
64,                            50,                       14,                       0.016411
64,                            50,                       14,                       0.016453
64,                            50,                       14,                       0.016182
64,                            50,                       14,                       0.017175
64,                            50,                       14,                       0.016336
64,                            50,                       14,                       0.016507
64,                            50,                       14,                       0.016649
64,                            50,                       14,                       0.016316
64,                            50,                       14,                       0.016598
64,                            50,                       14,                       0.016435
64,                            50,                       14,                       0.015878
64,                            50,                       14,                       0.01636
64,                            50,                       14,                       0.016415
64,                            50,                       14,                       0.016478
64,                            50,                       14,                       0.016
64,                            50,                       14,                       0.016375
64,                            50,                       14,                       0.016839
64,                            50,                       14,                       0.016121
64,                            50,                       14,                       0.017515
64,                            50,                       14,                       0.016241
64,                            50,                       14,                       0.016267
64,                            50,                       14,                       0.016089
64,                            50,                       14,                       0.016034
64,                            50,                       14,                       0.016345
64,                            50,                       14,                       0.017022
64,                            50,                       14,                       0.016134
64,                            50,                       14,                       0.016341
64,                            50,                       14,                       0.01662
64,                            50,                       14,                       0.016578
64,                            50,                       14,                       0.020788
64,                            50,                       14,                       0.016663
64,                            50,                       14,                       0.015734
64,                            50,                       14,                       0.016422
64,                            50,                       14,                       0.016614
64,                            50,                       14,                       0.016706
64,                            50,                       14,                       0.016029
64,                            50,                       14,                       0.016766
64,                            50,                       14,                       0.01643
64,                            50,                       14,                       0.015891
64,                            50,                       14,                       0.01637
64,                            50,                       14,                       0.016445
64,                            50,                       14,                       0.016302
64,                            50,                       14,                       0.016102
64,                            50,                       14,                       0.016176
64,                            50,                       14,                       0.016575
64,                            50,                       14,                       0.015905
64,                            50,                       14,                       0.016811
64,                            50,                       14,                       0.016114
64,                            50,                       14,                       0.016552
64,                            50,                       14,                       0.016202
64,                            50,                       14,                       0.016379
64,                            50,                       14,                       0.01604
64,                            50,                       14,                       0.015754
64,                            50,                       14,                       0.016021
64,                            50,                       14,                       0.017968
64,                            50,                       14,                       0.016587
64,                            50,                       14,                       0.016361
64,                            50,                       14,                       0.016362
64,                            50,                       14,                       0.017093
64,                            50,                       14,                       0.015939
64,                            50,                       14,                       0.01691
64,                            50,                       14,                       0.016411
64,                            50,                       14,                       0.016939
64,                            50,                       14,                       0.015916
64,                            50,                       14,                       0.016468
64,                            50,                       14,                       0.017598
64,                            50,                       14,                       0.016612
64,                            50,                       14,                       0.016619
64,                            50,                       14,                       0.01582
64,                            50,                       14,                       0.017685
64,                            50,                       14,                       0.015937
64,                            50,                       14,                       0.016275
64,                            50,                       14,                       0.016483
64,                            50,                       14,                       0.016718
64,                            50,                       14,                       0.017022
64,                            50,                       14,                       0.016413
64,                            50,                       14,                       0.016041
64,                            50,                       14,                       0.016876
64,                            50,                       14,                       0.017101
64,                            50,                       14,                       0.016912
64,                            50,                       14,                       0.015723
64,                            50,                       14,                       0.016002
64,                            50,                       14,                       0.016544
64,                            50,                       14,                       0.016666
64,                            50,                       14,                       0.020236
64,                            50,                       14,                       0.016734
64,                            50,                       14,                       0.016367
64,                            50,                       14,                       0.01649
64,                            50,                       14,                       0.016854
64,                            50,                       14,                       0.01593
64,                            50,                       14,                       0.015922
64,                            50,                       14,                       0.016794
64,                            50,                       14,                       0.016457
64,                            50,                       14,                       0.016787
64,                            50,                       14,                       0.01679
64,                            50,                       14,                       0.016517
64,                            50,                       14,                       0.017153
64,                            50,                       14,                       0.016484
64,                            50,                       14,                       0.016569
64,                            50,                       14,                       0.016967
64,                            50,                       14,                       0.016316
64,                            50,                       14,                       0.016398
64,                            50,                       14,                       0.016637
64,                            50,                       14,                       0.017086
64,                            50,                       14,                       0.01577
64,                            50,                       14,                       0.016327
64,                            50,                       14,                       0.016469
64,                            50,                       14,                       0.016185
64,                            50,                       14,                       0.016093
64,                            50,                       14,                       0.015977
64,                            50,                       14,                       0.01549
64,                            50,                       14,                       0.015798
64,                            50,                       14,                       0.016121
64,                            50,                       14,                       0.01758
64,                            50,                       14,                       0.016125
64,                            50,                       14,                       0.018686
64,                            50,                       14,                       0.017903
64,                            50,                       14,                       0.016729
64,                            50,                       14,                       0.016381
64,                            50,                       14,                       0.016243
64,                            50,                       14,                       0.015909
64,                            50,                       14,                       0.016109
64,                            50,                       14,                       0.015585
64,                            50,                       14,                       0.016575
64,                            50,                       14,                       0.01616
64,                            50,                       14,                       0.016216
64,                            50,                       14,                       0.016183
64,                            50,                       14,                       0.016505
64,                            50,                       14,                       0.016246
64,                            50,                       14,                       0.016471
64,                            50,                       14,                       0.017817
64,                            50,                       14,                       0.016407
64,                            50,                       14,                       0.015927
64,                            50,                       14,                       0.017486
64,                            50,                       14,                       0.016145
64,                            50,                       14,                       0.018107
64,                            50,                       14,                       0.016198
64,                            50,                       14,                       0.016044
64,                            50,                       14,                       0.015846
64,                            50,                       14,                       0.016935
64,                            50,                       14,                       0.016928
