COMMENT : The search result by Hill-Climbing for Cauchy_Good Fri Jan 26 15:13:35 2018

tech : Cauchy_Good
algorithm : Hill-Climbing
k : 8
m : 2
w : 6
failed_disk_id : 0
conventional_symbol_number    optimized_symbol_number    reduced_symbol_number    time
48,                            38,                       10,                       0.00181
48,                            38,                       10,                       0.001833
48,                            38,                       10,                       0.001898
48,                            38,                       10,                       0.001789
48,                            38,                       10,                       0.001798
48,                            38,                       10,                       0.001804
48,                            38,                       10,                       0.00266
48,                            38,                       10,                       0.001836
48,                            38,                       10,                       0.001773
48,                            38,                       10,                       0.001848
48,                            38,                       10,                       0.001801
48,                            38,                       10,                       0.001834
48,                            38,                       10,                       0.001843
48,                            38,                       10,                       0.002054
48,                            38,                       10,                       0.001826
48,                            38,                       10,                       0.001834
48,                            38,                       10,                       0.001789
48,                            38,                       10,                       0.002048
48,                            38,                       10,                       0.001833
48,                            38,                       10,                       0.002198
48,                            38,                       10,                       0.00191
48,                            38,                       10,                       0.001853
48,                            38,                       10,                       0.001827
48,                            38,                       10,                       0.001802
48,                            38,                       10,                       0.001804
48,                            38,                       10,                       0.001829
48,                            38,                       10,                       0.001796
48,                            38,                       10,                       0.002013
48,                            38,                       10,                       0.001847
48,                            38,                       10,                       0.002104
48,                            38,                       10,                       0.001887
48,                            38,                       10,                       0.00182
48,                            38,                       10,                       0.001891
48,                            38,                       10,                       0.001792
48,                            38,                       10,                       0.001882
48,                            38,                       10,                       0.001816
48,                            38,                       10,                       0.001817
48,                            38,                       10,                       0.003676
48,                            38,                       10,                       0.002863
48,                            38,                       10,                       0.002294
48,                            38,                       10,                       0.001781
48,                            38,                       10,                       0.001853
48,                            38,                       10,                       0.001835
48,                            38,                       10,                       0.00181
48,                            38,                       10,                       0.001769
48,                            38,                       10,                       0.00186
48,                            38,                       10,                       0.002467
48,                            38,                       10,                       0.001761
48,                            38,                       10,                       0.001881
48,                            38,                       10,                       0.001872
48,                            38,                       10,                       0.001827
48,                            38,                       10,                       0.001835
48,                            38,                       10,                       0.001875
48,                            38,                       10,                       0.001877
48,                            38,                       10,                       0.001851
48,                            38,                       10,                       0.001886
48,                            38,                       10,                       0.001795
48,                            38,                       10,                       0.001802
48,                            38,                       10,                       0.001849
48,                            38,                       10,                       0.001844
48,                            38,                       10,                       0.001885
48,                            38,                       10,                       0.001789
48,                            38,                       10,                       0.00182
48,                            38,                       10,                       0.001841
48,                            38,                       10,                       0.001821
48,                            38,                       10,                       0.001816
48,                            38,                       10,                       0.001801
48,                            38,                       10,                       0.001816
48,                            38,                       10,                       0.0017
48,                            38,                       10,                       0.001903
48,                            38,                       10,                       0.001836
48,                            38,                       10,                       0.002074
48,                            38,                       10,                       0.001801
48,                            38,                       10,                       0.001799
48,                            38,                       10,                       0.002006
48,                            38,                       10,                       0.001872
48,                            38,                       10,                       0.001835
48,                            38,                       10,                       0.001843
48,                            38,                       10,                       0.001933
48,                            38,                       10,                       0.001823
48,                            38,                       10,                       0.001824
48,                            38,                       10,                       0.001861
48,                            38,                       10,                       0.001827
48,                            38,                       10,                       0.001833
48,                            38,                       10,                       0.001815
48,                            38,                       10,                       0.001923
48,                            38,                       10,                       0.001811
48,                            38,                       10,                       0.001751
48,                            38,                       10,                       0.001822
48,                            38,                       10,                       0.001905
48,                            38,                       10,                       0.001845
48,                            38,                       10,                       0.001892
48,                            38,                       10,                       0.001809
48,                            38,                       10,                       0.001995
48,                            38,                       10,                       0.001982
48,                            38,                       10,                       0.002255
48,                            38,                       10,                       0.001913
48,                            38,                       10,                       0.001754
48,                            38,                       10,                       0.001828
48,                            38,                       10,                       0.001972
48,                            38,                       10,                       0.001787
48,                            38,                       10,                       0.002397
48,                            38,                       10,                       0.001793
48,                            38,                       10,                       0.001778
48,                            38,                       10,                       0.001832
48,                            38,                       10,                       0.00182
48,                            38,                       10,                       0.001869
48,                            38,                       10,                       0.001806
48,                            38,                       10,                       0.00184
48,                            38,                       10,                       0.001872
48,                            38,                       10,                       0.001816
48,                            38,                       10,                       0.002176
48,                            38,                       10,                       0.002575
48,                            38,                       10,                       0.001919
48,                            38,                       10,                       0.002089
48,                            38,                       10,                       0.001838
48,                            38,                       10,                       0.002095
48,                            38,                       10,                       0.001829
48,                            38,                       10,                       0.001837
48,                            38,                       10,                       0.001859
48,                            38,                       10,                       0.001819
48,                            38,                       10,                       0.002323
48,                            38,                       10,                       0.001862
48,                            38,                       10,                       0.0021
48,                            38,                       10,                       0.001859
48,                            38,                       10,                       0.002013
48,                            38,                       10,                       0.001763
48,                            38,                       10,                       0.002308
48,                            38,                       10,                       0.001837
48,                            38,                       10,                       0.002034
48,                            38,                       10,                       0.001858
48,                            38,                       10,                       0.002347
48,                            38,                       10,                       0.001871
48,                            38,                       10,                       0.002544
48,                            38,                       10,                       0.002525
48,                            38,                       10,                       0.001822
48,                            38,                       10,                       0.002323
48,                            38,                       10,                       0.001879
48,                            38,                       10,                       0.00187
48,                            38,                       10,                       0.001808
48,                            38,                       10,                       0.001815
48,                            38,                       10,                       0.001857
48,                            38,                       10,                       0.001901
48,                            38,                       10,                       0.001904
48,                            38,                       10,                       0.001896
48,                            38,                       10,                       0.00179
48,                            38,                       10,                       0.001758
48,                            38,                       10,                       0.001834
48,                            38,                       10,                       0.001814
48,                            38,                       10,                       0.001821
48,                            38,                       10,                       0.001911
48,                            38,                       10,                       0.001848
48,                            38,                       10,                       0.001926
48,                            38,                       10,                       0.002235
48,                            38,                       10,                       0.001787
48,                            38,                       10,                       0.001828
48,                            38,                       10,                       0.00183
48,                            38,                       10,                       0.001801
48,                            38,                       10,                       0.002258
48,                            38,                       10,                       0.001818
48,                            38,                       10,                       0.001854
48,                            38,                       10,                       0.001844
48,                            38,                       10,                       0.001818
48,                            38,                       10,                       0.001822
48,                            38,                       10,                       0.001874
48,                            38,                       10,                       0.001919
48,                            38,                       10,                       0.001762
48,                            38,                       10,                       0.001831
48,                            38,                       10,                       0.002322
48,                            38,                       10,                       0.002143
48,                            38,                       10,                       0.001822
48,                            38,                       10,                       0.00184
48,                            38,                       10,                       0.001885
48,                            38,                       10,                       0.00192
48,                            38,                       10,                       0.001841
48,                            38,                       10,                       0.001805
48,                            38,                       10,                       0.001942
48,                            38,                       10,                       0.002201
48,                            38,                       10,                       0.001974
48,                            38,                       10,                       0.001783
48,                            38,                       10,                       0.001707
48,                            38,                       10,                       0.001994
48,                            38,                       10,                       0.001832
48,                            38,                       10,                       0.001866
48,                            38,                       10,                       0.001854
48,                            38,                       10,                       0.001771
48,                            38,                       10,                       0.001937
48,                            38,                       10,                       0.001842
48,                            38,                       10,                       0.001966
48,                            38,                       10,                       0.00175
48,                            38,                       10,                       0.001766
48,                            38,                       10,                       0.001893
48,                            38,                       10,                       0.002243
48,                            38,                       10,                       0.001958
48,                            38,                       10,                       0.001984
48,                            38,                       10,                       0.001808
48,                            38,                       10,                       0.001892
48,                            38,                       10,                       0.001822
48,                            38,                       10,                       0.001809
48,                            38,                       10,                       0.001781
48,                            38,                       10,                       0.001828
48,                            38,                       10,                       0.001828
48,                            38,                       10,                       0.001832
48,                            38,                       10,                       0.002571
48,                            38,                       10,                       0.001751
48,                            38,                       10,                       0.001902
48,                            38,                       10,                       0.002149
48,                            38,                       10,                       0.001947
48,                            38,                       10,                       0.001816
48,                            38,                       10,                       0.001861
48,                            38,                       10,                       0.001893
48,                            38,                       10,                       0.001761
48,                            38,                       10,                       0.001916
48,                            38,                       10,                       0.002317
48,                            38,                       10,                       0.001843
48,                            38,                       10,                       0.001821
48,                            38,                       10,                       0.002042
48,                            38,                       10,                       0.002284
48,                            38,                       10,                       0.00183
48,                            38,                       10,                       0.001848
48,                            38,                       10,                       0.001861
48,                            38,                       10,                       0.001883
48,                            38,                       10,                       0.001803
48,                            38,                       10,                       0.001829
48,                            38,                       10,                       0.001779
48,                            38,                       10,                       0.002227
48,                            38,                       10,                       0.001856
48,                            38,                       10,                       0.001795
48,                            38,                       10,                       0.002075
48,                            38,                       10,                       0.001791
48,                            38,                       10,                       0.001889
48,                            38,                       10,                       0.001913
48,                            38,                       10,                       0.002058
48,                            38,                       10,                       0.002148
48,                            38,                       10,                       0.001796
48,                            38,                       10,                       0.001828
48,                            38,                       10,                       0.001987
48,                            38,                       10,                       0.001806
48,                            38,                       10,                       0.002347
48,                            38,                       10,                       0.00186
48,                            38,                       10,                       0.002108
48,                            38,                       10,                       0.001921
48,                            38,                       10,                       0.002377
48,                            38,                       10,                       0.002451
48,                            38,                       10,                       0.001795
48,                            38,                       10,                       0.001913
48,                            38,                       10,                       0.001969
48,                            38,                       10,                       0.001876
48,                            38,                       10,                       0.002359
48,                            38,                       10,                       0.001924
48,                            38,                       10,                       0.001812
48,                            38,                       10,                       0.002098
48,                            38,                       10,                       0.001855
48,                            38,                       10,                       0.002001
48,                            38,                       10,                       0.001857
48,                            38,                       10,                       0.002274
48,                            38,                       10,                       0.001903
48,                            38,                       10,                       0.001767
48,                            38,                       10,                       0.001955
48,                            38,                       10,                       0.001947
48,                            38,                       10,                       0.001898
48,                            38,                       10,                       0.002129
48,                            38,                       10,                       0.001958
48,                            38,                       10,                       0.002054
48,                            38,                       10,                       0.001904
48,                            38,                       10,                       0.001978
48,                            38,                       10,                       0.001827
48,                            38,                       10,                       0.001849
48,                            38,                       10,                       0.001889
48,                            38,                       10,                       0.001838
48,                            38,                       10,                       0.002319
48,                            38,                       10,                       0.001846
48,                            38,                       10,                       0.001797
48,                            38,                       10,                       0.001902
48,                            38,                       10,                       0.00183
48,                            38,                       10,                       0.001929
48,                            38,                       10,                       0.001844
48,                            38,                       10,                       0.002107
48,                            38,                       10,                       0.001828
48,                            38,                       10,                       0.001819
48,                            38,                       10,                       0.002187
48,                            38,                       10,                       0.001767
48,                            38,                       10,                       0.001863
48,                            38,                       10,                       0.00207
48,                            38,                       10,                       0.001807
48,                            38,                       10,                       0.002164
48,                            38,                       10,                       0.001842
48,                            38,                       10,                       0.00184
48,                            38,                       10,                       0.001756
48,                            38,                       10,                       0.001822
48,                            38,                       10,                       0.001812
48,                            38,                       10,                       0.00198
48,                            38,                       10,                       0.002349
48,                            38,                       10,                       0.001913
48,                            38,                       10,                       0.001856
48,                            38,                       10,                       0.002438
48,                            38,                       10,                       0.001788
48,                            38,                       10,                       0.001815
48,                            38,                       10,                       0.002085
48,                            38,                       10,                       0.002156
