COMMENT : The search result by Hill-Climbing for Cauchy_Good Fri Jan 26 15:13:15 2018

tech : Cauchy_Good
algorithm : Hill-Climbing
k : 2
m : 2
w : 5
failed_disk_id : 0
conventional_symbol_number    optimized_symbol_number    reduced_symbol_number    time
10,                            8,                       2,                       0.000557
10,                            8,                       2,                       0.000592
10,                            8,                       2,                       0.000578
10,                            8,                       2,                       0.000611
10,                            8,                       2,                       0.00053
10,                            8,                       2,                       0.000555
10,                            8,                       2,                       0.000555
10,                            8,                       2,                       0.000578
10,                            8,                       2,                       0.000539
10,                            8,                       2,                       0.000567
10,                            8,                       2,                       0.000531
10,                            8,                       2,                       0.000579
10,                            8,                       2,                       0.000584
10,                            8,                       2,                       0.000543
10,                            8,                       2,                       0.000621
10,                            8,                       2,                       0.000543
10,                            8,                       2,                       0.000715
10,                            8,                       2,                       0.000615
10,                            8,                       2,                       0.000919
10,                            8,                       2,                       0.000545
10,                            8,                       2,                       0.000594
10,                            8,                       2,                       0.0006
10,                            8,                       2,                       0.000712
10,                            8,                       2,                       0.000578
10,                            8,                       2,                       0.00054
10,                            8,                       2,                       0.000529
10,                            8,                       2,                       0.000569
10,                            8,                       2,                       0.000585
10,                            8,                       2,                       0.000529
10,                            8,                       2,                       0.000703
10,                            8,                       2,                       0.000583
10,                            8,                       2,                       0.000556
10,                            8,                       2,                       0.00053
10,                            8,                       2,                       0.000583
10,                            8,                       2,                       0.000554
10,                            8,                       2,                       0.000524
10,                            8,                       2,                       0.00054
10,                            8,                       2,                       0.000578
10,                            8,                       2,                       0.000624
10,                            8,                       2,                       0.000583
10,                            8,                       2,                       0.00057
10,                            8,                       2,                       0.000582
10,                            8,                       2,                       0.00054
10,                            8,                       2,                       0.000537
10,                            8,                       2,                       0.000525
10,                            8,                       2,                       0.000621
10,                            8,                       2,                       0.000581
10,                            8,                       2,                       0.000644
10,                            8,                       2,                       0.000526
10,                            8,                       2,                       0.000567
10,                            8,                       2,                       0.000846
10,                            8,                       2,                       0.000592
10,                            8,                       2,                       0.00057
10,                            8,                       2,                       0.000613
10,                            8,                       2,                       0.00054
10,                            8,                       2,                       0.000802
10,                            8,                       2,                       0.000548
10,                            8,                       2,                       0.000651
10,                            8,                       2,                       0.000576
10,                            8,                       2,                       0.000558
10,                            8,                       2,                       0.000548
10,                            8,                       2,                       0.000549
10,                            8,                       2,                       0.000591
10,                            8,                       2,                       0.000528
10,                            8,                       2,                       0.000544
10,                            8,                       2,                       0.000597
10,                            8,                       2,                       0.000542
10,                            8,                       2,                       0.000621
10,                            8,                       2,                       0.000541
10,                            8,                       2,                       0.00062
10,                            8,                       2,                       0.000527
10,                            8,                       2,                       0.000611
10,                            8,                       2,                       0.000579
10,                            8,                       2,                       0.000545
10,                            8,                       2,                       0.000701
10,                            8,                       2,                       0.000565
10,                            8,                       2,                       0.000578
10,                            8,                       2,                       0.000565
10,                            8,                       2,                       0.000708
10,                            8,                       2,                       0.000589
10,                            8,                       2,                       0.000525
10,                            8,                       2,                       0.000542
10,                            8,                       2,                       0.00053
10,                            8,                       2,                       0.000552
10,                            8,                       2,                       0.000605
10,                            8,                       2,                       0.000561
10,                            8,                       2,                       0.000541
10,                            8,                       2,                       0.000587
10,                            8,                       2,                       0.00068
10,                            8,                       2,                       0.000593
10,                            8,                       2,                       0.000591
10,                            8,                       2,                       0.000577
10,                            8,                       2,                       0.000565
10,                            8,                       2,                       0.000526
10,                            8,                       2,                       0.000629
10,                            8,                       2,                       0.00059
10,                            8,                       2,                       0.000927
10,                            8,                       2,                       0.000594
10,                            8,                       2,                       0.000555
10,                            8,                       2,                       0.00068
10,                            8,                       2,                       0.000603
10,                            8,                       2,                       0.000541
10,                            8,                       2,                       0.000583
10,                            8,                       2,                       0.000543
10,                            8,                       2,                       0.000536
10,                            8,                       2,                       0.000593
10,                            8,                       2,                       0.000538
10,                            8,                       2,                       0.000607
10,                            8,                       2,                       0.000573
10,                            8,                       2,                       0.000566
10,                            8,                       2,                       0.000629
10,                            8,                       2,                       0.000587
10,                            8,                       2,                       0.000542
10,                            8,                       2,                       0.000541
10,                            8,                       2,                       0.000659
10,                            8,                       2,                       0.000568
10,                            8,                       2,                       0.000588
10,                            8,                       2,                       0.00054
10,                            8,                       2,                       0.000592
10,                            8,                       2,                       0.000591
10,                            8,                       2,                       0.000582
10,                            8,                       2,                       0.000581
10,                            8,                       2,                       0.000564
10,                            8,                       2,                       0.000538
10,                            8,                       2,                       0.00057
10,                            8,                       2,                       0.000554
10,                            8,                       2,                       0.000585
10,                            8,                       2,                       0.000602
10,                            8,                       2,                       0.000604
10,                            8,                       2,                       0.000602
10,                            8,                       2,                       0.001006
10,                            8,                       2,                       0.00062
10,                            8,                       2,                       0.000621
10,                            8,                       2,                       0.000576
10,                            8,                       2,                       0.000596
10,                            8,                       2,                       0.000857
10,                            8,                       2,                       0.000539
10,                            8,                       2,                       0.000597
10,                            8,                       2,                       0.000557
10,                            8,                       2,                       0.000524
10,                            8,                       2,                       0.000556
10,                            8,                       2,                       0.000617
10,                            8,                       2,                       0.000581
10,                            8,                       2,                       0.000531
10,                            8,                       2,                       0.00054
10,                            8,                       2,                       0.000581
10,                            8,                       2,                       0.000819
10,                            8,                       2,                       0.000529
10,                            8,                       2,                       0.000525
10,                            8,                       2,                       0.000587
10,                            8,                       2,                       0.000555
10,                            8,                       2,                       0.000537
10,                            8,                       2,                       0.000708
10,                            8,                       2,                       0.000618
10,                            8,                       2,                       0.000563
10,                            8,                       2,                       0.000611
10,                            8,                       2,                       0.000592
10,                            8,                       2,                       0.000539
10,                            8,                       2,                       0.000538
10,                            8,                       2,                       0.000614
10,                            8,                       2,                       0.000522
10,                            8,                       2,                       0.00058
10,                            8,                       2,                       0.000527
10,                            8,                       2,                       0.000604
10,                            8,                       2,                       0.000548
10,                            8,                       2,                       0.000626
10,                            8,                       2,                       0.000553
10,                            8,                       2,                       0.00054
10,                            8,                       2,                       0.000524
10,                            8,                       2,                       0.000758
10,                            8,                       2,                       0.000562
10,                            8,                       2,                       0.000529
10,                            8,                       2,                       0.000637
10,                            8,                       2,                       0.000579
10,                            8,                       2,                       0.000557
10,                            8,                       2,                       0.000585
10,                            8,                       2,                       0.000599
10,                            8,                       2,                       0.000819
10,                            8,                       2,                       0.000535
10,                            8,                       2,                       0.000543
10,                            8,                       2,                       0.00056
10,                            8,                       2,                       0.000596
10,                            8,                       2,                       0.000542
10,                            8,                       2,                       0.000583
10,                            8,                       2,                       0.000635
10,                            8,                       2,                       0.000656
10,                            8,                       2,                       0.00058
10,                            8,                       2,                       0.000623
10,                            8,                       2,                       0.000573
10,                            8,                       2,                       0.000643
10,                            8,                       2,                       0.000527
10,                            8,                       2,                       0.000549
10,                            8,                       2,                       0.000541
10,                            8,                       2,                       0.000978
10,                            8,                       2,                       0.000526
10,                            8,                       2,                       0.00055
10,                            8,                       2,                       0.000539
10,                            8,                       2,                       0.000622
10,                            8,                       2,                       0.000526
10,                            8,                       2,                       0.000579
10,                            8,                       2,                       0.000578
10,                            8,                       2,                       0.000525
10,                            8,                       2,                       0.000595
10,                            8,                       2,                       0.000588
10,                            8,                       2,                       0.000538
10,                            8,                       2,                       0.000539
10,                            8,                       2,                       0.000617
10,                            8,                       2,                       0.000554
10,                            8,                       2,                       0.000534
10,                            8,                       2,                       0.000572
10,                            8,                       2,                       0.000607
10,                            8,                       2,                       0.000612
10,                            8,                       2,                       0.000562
10,                            8,                       2,                       0.000612
10,                            8,                       2,                       0.000556
10,                            8,                       2,                       0.000586
10,                            8,                       2,                       0.000604
10,                            8,                       2,                       0.000617
10,                            8,                       2,                       0.00054
10,                            8,                       2,                       0.000565
10,                            8,                       2,                       0.000586
10,                            8,                       2,                       0.00055
10,                            8,                       2,                       0.000596
10,                            8,                       2,                       0.000553
10,                            8,                       2,                       0.000601
10,                            8,                       2,                       0.000599
10,                            8,                       2,                       0.000573
10,                            8,                       2,                       0.000569
10,                            8,                       2,                       0.00055
10,                            8,                       2,                       0.000622
10,                            8,                       2,                       0.00059
10,                            8,                       2,                       0.000548
10,                            8,                       2,                       0.000581
10,                            8,                       2,                       0.000574
10,                            8,                       2,                       0.000526
10,                            8,                       2,                       0.00066
10,                            8,                       2,                       0.000786
10,                            8,                       2,                       0.000562
10,                            8,                       2,                       0.000571
10,                            8,                       2,                       0.000613
10,                            8,                       2,                       0.000541
10,                            8,                       2,                       0.000543
10,                            8,                       2,                       0.000526
10,                            8,                       2,                       0.000536
10,                            8,                       2,                       0.000593
10,                            8,                       2,                       0.00065
10,                            8,                       2,                       0.000579
10,                            8,                       2,                       0.000602
10,                            8,                       2,                       0.00053
10,                            8,                       2,                       0.000627
10,                            8,                       2,                       0.000555
10,                            8,                       2,                       0.000579
10,                            8,                       2,                       0.000584
10,                            8,                       2,                       0.000529
10,                            8,                       2,                       0.00054
10,                            8,                       2,                       0.000556
10,                            8,                       2,                       0.000596
10,                            8,                       2,                       0.000581
10,                            8,                       2,                       0.00057
10,                            8,                       2,                       0.000685
10,                            8,                       2,                       0.000581
10,                            8,                       2,                       0.000778
10,                            8,                       2,                       0.00054
10,                            8,                       2,                       0.000708
10,                            8,                       2,                       0.000622
10,                            8,                       2,                       0.000585
10,                            8,                       2,                       0.000524
10,                            8,                       2,                       0.000596
10,                            8,                       2,                       0.00059
10,                            8,                       2,                       0.000601
10,                            8,                       2,                       0.000541
10,                            8,                       2,                       0.000728
10,                            8,                       2,                       0.000681
10,                            8,                       2,                       0.000689
10,                            8,                       2,                       0.000612
10,                            8,                       2,                       0.000618
10,                            8,                       2,                       0.000548
10,                            8,                       2,                       0.000591
10,                            8,                       2,                       0.000619
10,                            8,                       2,                       0.000623
10,                            8,                       2,                       0.000578
10,                            8,                       2,                       0.000582
10,                            8,                       2,                       0.000539
10,                            8,                       2,                       0.000525
10,                            8,                       2,                       0.00073
10,                            8,                       2,                       0.00054
10,                            8,                       2,                       0.000593
10,                            8,                       2,                       0.000579
10,                            8,                       2,                       0.00059
10,                            8,                       2,                       0.000595
10,                            8,                       2,                       0.000538
10,                            8,                       2,                       0.000613
10,                            8,                       2,                       0.000554
10,                            8,                       2,                       0.000579
10,                            8,                       2,                       0.000539
10,                            8,                       2,                       0.00061
10,                            8,                       2,                       0.000597
10,                            8,                       2,                       0.000594
10,                            8,                       2,                       0.000577
10,                            8,                       2,                       0.00058
