COMMENT : The search result by Hill-Climbing for Cauchy_Good Fri Jan 26 15:13:29 2018

tech : Cauchy_Good
algorithm : Hill-Climbing
k : 7
m : 6
w : 6
failed_disk_id : 0
conventional_symbol_number    optimized_symbol_number    reduced_symbol_number    time
42,                            32,                       10,                       0.187976
42,                            32,                       10,                       0.197994
42,                            32,                       10,                       0.186459
42,                            32,                       10,                       0.189406
42,                            32,                       10,                       0.18539
42,                            32,                       10,                       0.18591
42,                            32,                       10,                       0.187988
42,                            32,                       10,                       0.187933
42,                            32,                       10,                       0.199984
42,                            32,                       10,                       0.199471
42,                            32,                       10,                       0.197157
42,                            32,                       10,                       0.184469
42,                            32,                       10,                       0.200151
42,                            32,                       10,                       0.200262
42,                            32,                       10,                       0.195421
42,                            32,                       10,                       0.19795
42,                            32,                       10,                       0.202047
42,                            32,                       10,                       0.19326
42,                            32,                       10,                       0.204775
42,                            32,                       10,                       0.187064
42,                            32,                       10,                       0.188575
42,                            32,                       10,                       0.186796
42,                            32,                       10,                       0.183717
42,                            32,                       10,                       0.183162
42,                            32,                       10,                       0.186238
42,                            32,                       10,                       0.183872
42,                            32,                       10,                       0.184195
42,                            32,                       10,                       0.182561
42,                            32,                       10,                       0.185956
42,                            32,                       10,                       0.18347
42,                            32,                       10,                       0.18626
42,                            32,                       10,                       0.184848
42,                            32,                       10,                       0.183119
42,                            32,                       10,                       0.186052
42,                            32,                       10,                       0.182972
42,                            32,                       10,                       0.196346
42,                            32,                       10,                       0.199224
42,                            32,                       10,                       0.226419
42,                            32,                       10,                       0.208216
42,                            32,                       10,                       0.20029
42,                            32,                       10,                       0.192649
42,                            32,                       10,                       0.223328
42,                            32,                       10,                       0.189217
42,                            32,                       10,                       0.228238
42,                            32,                       10,                       0.188279
42,                            32,                       10,                       0.190979
42,                            32,                       10,                       0.190845
42,                            32,                       10,                       0.190412
42,                            32,                       10,                       0.18825
42,                            32,                       10,                       0.196997
42,                            32,                       10,                       0.191383
42,                            32,                       10,                       0.19167
42,                            32,                       10,                       0.193507
42,                            32,                       10,                       0.187335
42,                            32,                       10,                       0.192153
42,                            32,                       10,                       0.192913
42,                            32,                       10,                       0.19479
42,                            32,                       10,                       0.189139
42,                            32,                       10,                       0.19442
42,                            32,                       10,                       0.187663
42,                            32,                       10,                       0.18807
42,                            32,                       10,                       0.187242
42,                            32,                       10,                       0.191397
42,                            32,                       10,                       0.189754
42,                            32,                       10,                       0.193215
42,                            32,                       10,                       0.187939
42,                            32,                       10,                       0.184531
42,                            32,                       10,                       0.189657
42,                            32,                       10,                       0.188371
42,                            32,                       10,                       0.187355
42,                            32,                       10,                       0.186617
42,                            32,                       10,                       0.184302
42,                            32,                       10,                       0.18718
42,                            32,                       10,                       0.185065
42,                            32,                       10,                       0.190233
42,                            32,                       10,                       0.186149
42,                            32,                       10,                       0.187585
42,                            32,                       10,                       0.189923
42,                            32,                       10,                       0.186544
42,                            32,                       10,                       0.188482
42,                            32,                       10,                       0.190146
42,                            32,                       10,                       0.190321
42,                            32,                       10,                       0.199179
42,                            32,                       10,                       0.194521
42,                            32,                       10,                       0.202077
42,                            32,                       10,                       0.193202
42,                            32,                       10,                       0.189563
42,                            32,                       10,                       0.19144
42,                            32,                       10,                       0.194693
42,                            32,                       10,                       0.189858
42,                            32,                       10,                       0.190437
42,                            32,                       10,                       0.188712
42,                            32,                       10,                       0.188149
42,                            32,                       10,                       0.191091
42,                            32,                       10,                       0.191888
42,                            32,                       10,                       0.190444
42,                            32,                       10,                       0.190778
42,                            32,                       10,                       0.191594
42,                            32,                       10,                       0.190377
42,                            32,                       10,                       0.196041
42,                            32,                       10,                       0.189822
42,                            32,                       10,                       0.191144
42,                            32,                       10,                       0.192672
42,                            32,                       10,                       0.190895
42,                            32,                       10,                       0.191287
42,                            32,                       10,                       0.18995
42,                            32,                       10,                       0.188289
42,                            32,                       10,                       0.188223
42,                            32,                       10,                       0.190943
42,                            32,                       10,                       0.190165
42,                            32,                       10,                       0.19627
42,                            32,                       10,                       0.192442
42,                            32,                       10,                       0.191733
42,                            32,                       10,                       0.199853
42,                            32,                       10,                       0.197262
42,                            32,                       10,                       0.196753
42,                            32,                       10,                       0.189953
42,                            32,                       10,                       0.18966
42,                            32,                       10,                       0.192272
42,                            32,                       10,                       0.19291
42,                            32,                       10,                       0.195468
42,                            32,                       10,                       0.20107
42,                            32,                       10,                       0.188943
42,                            32,                       10,                       0.190157
42,                            32,                       10,                       0.191393
42,                            32,                       10,                       0.189236
42,                            32,                       10,                       0.191752
42,                            32,                       10,                       0.189265
42,                            32,                       10,                       0.19068
42,                            32,                       10,                       0.192315
42,                            32,                       10,                       0.19293
42,                            32,                       10,                       0.191444
42,                            32,                       10,                       0.192554
42,                            32,                       10,                       0.191099
42,                            32,                       10,                       0.189749
42,                            32,                       10,                       0.187993
42,                            32,                       10,                       0.189837
42,                            32,                       10,                       0.188924
42,                            32,                       10,                       0.192679
42,                            32,                       10,                       0.189359
42,                            32,                       10,                       0.190144
42,                            32,                       10,                       0.194235
42,                            32,                       10,                       0.187409
42,                            32,                       10,                       0.188505
42,                            32,                       10,                       0.191448
42,                            32,                       10,                       0.188735
42,                            32,                       10,                       0.189509
42,                            32,                       10,                       0.1895
42,                            32,                       10,                       0.190439
42,                            32,                       10,                       0.188266
42,                            32,                       10,                       0.188065
42,                            32,                       10,                       0.193081
42,                            32,                       10,                       0.188524
42,                            32,                       10,                       0.191319
42,                            32,                       10,                       0.18845
42,                            32,                       10,                       0.188172
42,                            32,                       10,                       0.187417
42,                            32,                       10,                       0.191584
42,                            32,                       10,                       0.19131
42,                            32,                       10,                       0.189138
42,                            32,                       10,                       0.190906
42,                            32,                       10,                       0.191536
42,                            32,                       10,                       0.190718
42,                            32,                       10,                       0.189584
42,                            32,                       10,                       0.189741
42,                            32,                       10,                       0.195294
42,                            32,                       10,                       0.190506
42,                            32,                       10,                       0.189488
42,                            32,                       10,                       0.188293
42,                            32,                       10,                       0.191009
42,                            32,                       10,                       0.191008
42,                            32,                       10,                       0.192002
42,                            32,                       10,                       0.189293
42,                            32,                       10,                       0.192752
42,                            32,                       10,                       0.196366
42,                            32,                       10,                       0.191363
42,                            32,                       10,                       0.189513
42,                            32,                       10,                       0.189161
42,                            32,                       10,                       0.196391
42,                            32,                       10,                       0.189389
42,                            32,                       10,                       0.190355
42,                            32,                       10,                       0.191267
42,                            32,                       10,                       0.189741
42,                            32,                       10,                       0.191449
42,                            32,                       10,                       0.191744
42,                            32,                       10,                       0.188947
42,                            32,                       10,                       0.199436
42,                            32,                       10,                       0.190283
42,                            32,                       10,                       0.194432
42,                            32,                       10,                       0.197842
42,                            32,                       10,                       0.190125
42,                            32,                       10,                       0.188487
42,                            32,                       10,                       0.189892
42,                            32,                       10,                       0.208944
42,                            32,                       10,                       0.189565
42,                            32,                       10,                       0.194418
42,                            32,                       10,                       0.189137
42,                            32,                       10,                       0.191241
42,                            32,                       10,                       0.192599
42,                            32,                       10,                       0.190762
42,                            32,                       10,                       0.191258
42,                            32,                       10,                       0.188989
42,                            32,                       10,                       0.192872
42,                            32,                       10,                       0.186284
42,                            32,                       10,                       0.195899
42,                            32,                       10,                       0.190258
42,                            32,                       10,                       0.19339
42,                            32,                       10,                       0.216536
42,                            32,                       10,                       0.189999
42,                            32,                       10,                       0.189823
42,                            32,                       10,                       0.188188
42,                            32,                       10,                       0.191237
42,                            32,                       10,                       0.197574
42,                            32,                       10,                       0.190127
42,                            32,                       10,                       0.212031
42,                            32,                       10,                       0.211173
42,                            32,                       10,                       0.19355
42,                            32,                       10,                       0.192785
42,                            32,                       10,                       0.190841
42,                            32,                       10,                       0.1881
42,                            32,                       10,                       0.213586
42,                            32,                       10,                       0.196116
42,                            32,                       10,                       0.197039
42,                            32,                       10,                       0.189873
42,                            32,                       10,                       0.46412
42,                            32,                       10,                       0.19077
42,                            32,                       10,                       0.189361
42,                            32,                       10,                       0.187449
42,                            32,                       10,                       0.189055
42,                            32,                       10,                       0.197884
42,                            32,                       10,                       0.199127
42,                            32,                       10,                       0.188054
42,                            32,                       10,                       0.191611
42,                            32,                       10,                       0.191088
42,                            32,                       10,                       0.205997
42,                            32,                       10,                       0.190124
42,                            32,                       10,                       0.189693
42,                            32,                       10,                       0.190477
42,                            32,                       10,                       0.190302
42,                            32,                       10,                       0.190357
42,                            32,                       10,                       0.192297
42,                            32,                       10,                       0.192642
42,                            32,                       10,                       0.191165
42,                            32,                       10,                       0.192975
42,                            32,                       10,                       0.191215
42,                            32,                       10,                       0.193431
42,                            32,                       10,                       0.190019
42,                            32,                       10,                       0.199098
42,                            32,                       10,                       0.188124
42,                            32,                       10,                       0.194037
42,                            32,                       10,                       0.195655
42,                            32,                       10,                       0.192831
42,                            32,                       10,                       0.198561
42,                            32,                       10,                       0.193663
42,                            32,                       10,                       0.200348
42,                            32,                       10,                       0.19958
42,                            32,                       10,                       0.19313
42,                            32,                       10,                       0.194137
42,                            32,                       10,                       0.195511
42,                            32,                       10,                       0.194334
42,                            32,                       10,                       0.198498
42,                            32,                       10,                       0.190387
42,                            32,                       10,                       0.191554
42,                            32,                       10,                       0.193799
42,                            32,                       10,                       0.189137
42,                            32,                       10,                       0.192182
42,                            32,                       10,                       0.187963
42,                            32,                       10,                       0.186132
42,                            32,                       10,                       0.189539
42,                            32,                       10,                       0.192581
42,                            32,                       10,                       0.186499
42,                            32,                       10,                       0.190561
42,                            32,                       10,                       0.190158
42,                            32,                       10,                       0.190088
42,                            32,                       10,                       0.192188
42,                            32,                       10,                       0.19142
42,                            32,                       10,                       0.191163
42,                            32,                       10,                       0.194597
42,                            32,                       10,                       0.190148
42,                            32,                       10,                       0.198338
42,                            32,                       10,                       0.191104
42,                            32,                       10,                       0.194923
42,                            32,                       10,                       0.196096
42,                            32,                       10,                       0.192671
42,                            32,                       10,                       0.193298
42,                            32,                       10,                       0.189796
42,                            32,                       10,                       0.194386
42,                            32,                       10,                       0.192221
42,                            32,                       10,                       0.205694
42,                            32,                       10,                       0.188914
42,                            32,                       10,                       0.198932
42,                            32,                       10,                       0.19593
42,                            32,                       10,                       0.212601
42,                            32,                       10,                       0.19257
42,                            32,                       10,                       0.191043
42,                            32,                       10,                       0.197569
42,                            32,                       10,                       0.193072
42,                            32,                       10,                       0.193903
42,                            32,                       10,                       0.196193
42,                            32,                       10,                       0.192107
