COMMENT : The search result by Hill-Climbing for Cauchy_Good Fri Jan 26 15:13:20 2018

tech : Cauchy_Good
algorithm : Hill-Climbing
k : 6
m : 2
w : 6
failed_disk_id : 0
conventional_symbol_number    optimized_symbol_number    reduced_symbol_number    time
36,                            27,                       9,                       0.001699
36,                            27,                       9,                       0.001638
36,                            27,                       9,                       0.001787
36,                            27,                       9,                       0.001984
36,                            27,                       9,                       0.001717
36,                            27,                       9,                       0.001642
36,                            27,                       9,                       0.001647
36,                            27,                       9,                       0.00171
36,                            27,                       9,                       0.001598
36,                            27,                       9,                       0.001589
36,                            27,                       9,                       0.001606
36,                            27,                       9,                       0.001674
36,                            27,                       9,                       0.001666
36,                            27,                       9,                       0.001659
36,                            27,                       9,                       0.001783
36,                            27,                       9,                       0.001631
36,                            27,                       9,                       0.002256
36,                            27,                       9,                       0.001744
36,                            27,                       9,                       0.002003
36,                            27,                       9,                       0.00162
36,                            27,                       9,                       0.001685
36,                            27,                       9,                       0.001639
36,                            27,                       9,                       0.001794
36,                            27,                       9,                       0.001564
36,                            27,                       9,                       0.001639
36,                            27,                       9,                       0.001703
36,                            27,                       9,                       0.001746
36,                            27,                       9,                       0.001669
36,                            27,                       9,                       0.001849
36,                            27,                       9,                       0.001654
36,                            27,                       9,                       0.001653
36,                            27,                       9,                       0.001598
36,                            27,                       9,                       0.001585
36,                            27,                       9,                       0.00168
36,                            27,                       9,                       0.001585
36,                            27,                       9,                       0.001652
36,                            27,                       9,                       0.001602
36,                            27,                       9,                       0.001668
36,                            27,                       9,                       0.002348
36,                            27,                       9,                       0.001821
36,                            27,                       9,                       0.001663
36,                            27,                       9,                       0.001618
36,                            27,                       9,                       0.001605
36,                            27,                       9,                       0.001645
36,                            27,                       9,                       0.001698
36,                            27,                       9,                       0.001653
36,                            27,                       9,                       0.001659
36,                            27,                       9,                       0.001947
36,                            27,                       9,                       0.001591
36,                            27,                       9,                       0.001675
36,                            27,                       9,                       0.001828
36,                            27,                       9,                       0.001634
36,                            27,                       9,                       0.001631
36,                            27,                       9,                       0.001589
36,                            27,                       9,                       0.002129
36,                            27,                       9,                       0.001614
36,                            27,                       9,                       0.001596
36,                            27,                       9,                       0.001679
36,                            27,                       9,                       0.001603
36,                            27,                       9,                       0.001786
36,                            27,                       9,                       0.001709
36,                            27,                       9,                       0.001647
36,                            27,                       9,                       0.001657
36,                            27,                       9,                       0.001774
36,                            27,                       9,                       0.001607
36,                            27,                       9,                       0.001702
36,                            27,                       9,                       0.001659
36,                            27,                       9,                       0.001653
36,                            27,                       9,                       0.001667
36,                            27,                       9,                       0.001672
36,                            27,                       9,                       0.001733
36,                            27,                       9,                       0.00201
36,                            27,                       9,                       0.001636
36,                            27,                       9,                       0.002216
36,                            27,                       9,                       0.001617
36,                            27,                       9,                       0.001663
36,                            27,                       9,                       0.001593
36,                            27,                       9,                       0.001673
36,                            27,                       9,                       0.001569
36,                            27,                       9,                       0.002144
36,                            27,                       9,                       0.001702
36,                            27,                       9,                       0.00165
36,                            27,                       9,                       0.001631
36,                            27,                       9,                       0.001713
36,                            27,                       9,                       0.002656
36,                            27,                       9,                       0.001638
36,                            27,                       9,                       0.001618
36,                            27,                       9,                       0.001641
36,                            27,                       9,                       0.00194
36,                            27,                       9,                       0.001742
36,                            27,                       9,                       0.001695
36,                            27,                       9,                       0.002097
36,                            27,                       9,                       0.00164
36,                            27,                       9,                       0.001846
36,                            27,                       9,                       0.001795
36,                            27,                       9,                       0.001656
36,                            27,                       9,                       0.001654
36,                            27,                       9,                       0.002359
36,                            27,                       9,                       0.001668
36,                            27,                       9,                       0.00183
36,                            27,                       9,                       0.001629
36,                            27,                       9,                       0.001668
36,                            27,                       9,                       0.00167
36,                            27,                       9,                       0.001641
36,                            27,                       9,                       0.001608
36,                            27,                       9,                       0.001656
36,                            27,                       9,                       0.00168
36,                            27,                       9,                       0.001622
36,                            27,                       9,                       0.001629
36,                            27,                       9,                       0.001607
36,                            27,                       9,                       0.002684
36,                            27,                       9,                       0.001728
36,                            27,                       9,                       0.002586
36,                            27,                       9,                       0.001679
36,                            27,                       9,                       0.001806
36,                            27,                       9,                       0.001638
36,                            27,                       9,                       0.002208
36,                            27,                       9,                       0.001831
36,                            27,                       9,                       0.001611
36,                            27,                       9,                       0.001671
36,                            27,                       9,                       0.001606
36,                            27,                       9,                       0.001889
36,                            27,                       9,                       0.001731
36,                            27,                       9,                       0.001755
36,                            27,                       9,                       0.001661
36,                            27,                       9,                       0.003514
36,                            27,                       9,                       0.001728
36,                            27,                       9,                       0.001662
36,                            27,                       9,                       0.001591
36,                            27,                       9,                       0.001819
36,                            27,                       9,                       0.001635
36,                            27,                       9,                       0.001746
36,                            27,                       9,                       0.001698
36,                            27,                       9,                       0.001656
36,                            27,                       9,                       0.001744
36,                            27,                       9,                       0.001786
36,                            27,                       9,                       0.001693
36,                            27,                       9,                       0.00197
36,                            27,                       9,                       0.001981
36,                            27,                       9,                       0.002588
36,                            27,                       9,                       0.001621
36,                            27,                       9,                       0.001625
36,                            27,                       9,                       0.001593
36,                            27,                       9,                       0.001706
36,                            27,                       9,                       0.0018
36,                            27,                       9,                       0.001614
36,                            27,                       9,                       0.001607
36,                            27,                       9,                       0.001727
36,                            27,                       9,                       0.001667
36,                            27,                       9,                       0.001628
36,                            27,                       9,                       0.001647
36,                            27,                       9,                       0.001635
36,                            27,                       9,                       0.001702
36,                            27,                       9,                       0.001683
36,                            27,                       9,                       0.001623
36,                            27,                       9,                       0.001626
36,                            27,                       9,                       0.001612
36,                            27,                       9,                       0.00187
36,                            27,                       9,                       0.001752
36,                            27,                       9,                       0.001697
36,                            27,                       9,                       0.001634
36,                            27,                       9,                       0.001636
36,                            27,                       9,                       0.001687
36,                            27,                       9,                       0.001664
36,                            27,                       9,                       0.001624
36,                            27,                       9,                       0.001701
36,                            27,                       9,                       0.002019
36,                            27,                       9,                       0.001758
36,                            27,                       9,                       0.001679
36,                            27,                       9,                       0.001718
36,                            27,                       9,                       0.001738
36,                            27,                       9,                       0.001679
36,                            27,                       9,                       0.00165
36,                            27,                       9,                       0.001664
36,                            27,                       9,                       0.001677
36,                            27,                       9,                       0.001908
36,                            27,                       9,                       0.001687
36,                            27,                       9,                       0.002166
36,                            27,                       9,                       0.00159
36,                            27,                       9,                       0.001682
36,                            27,                       9,                       0.001701
36,                            27,                       9,                       0.001712
36,                            27,                       9,                       0.001602
36,                            27,                       9,                       0.001767
36,                            27,                       9,                       0.001739
36,                            27,                       9,                       0.001589
36,                            27,                       9,                       0.0016
36,                            27,                       9,                       0.001631
36,                            27,                       9,                       0.001774
36,                            27,                       9,                       0.001872
36,                            27,                       9,                       0.001855
36,                            27,                       9,                       0.001969
36,                            27,                       9,                       0.001776
36,                            27,                       9,                       0.001672
36,                            27,                       9,                       0.001688
36,                            27,                       9,                       0.001761
36,                            27,                       9,                       0.001671
36,                            27,                       9,                       0.001692
36,                            27,                       9,                       0.001605
36,                            27,                       9,                       0.001669
36,                            27,                       9,                       0.001772
36,                            27,                       9,                       0.001694
36,                            27,                       9,                       0.001687
36,                            27,                       9,                       0.001718
36,                            27,                       9,                       0.001734
36,                            27,                       9,                       0.001878
36,                            27,                       9,                       0.001664
36,                            27,                       9,                       0.001625
36,                            27,                       9,                       0.001652
36,                            27,                       9,                       0.002174
36,                            27,                       9,                       0.002268
36,                            27,                       9,                       0.001885
36,                            27,                       9,                       0.001654
36,                            27,                       9,                       0.001696
36,                            27,                       9,                       0.001669
36,                            27,                       9,                       0.001678
36,                            27,                       9,                       0.00166
36,                            27,                       9,                       0.001699
36,                            27,                       9,                       0.001632
36,                            27,                       9,                       0.001646
36,                            27,                       9,                       0.001689
36,                            27,                       9,                       0.001578
36,                            27,                       9,                       0.001699
36,                            27,                       9,                       0.001732
36,                            27,                       9,                       0.001656
36,                            27,                       9,                       0.001621
36,                            27,                       9,                       0.001874
36,                            27,                       9,                       0.001588
36,                            27,                       9,                       0.001897
36,                            27,                       9,                       0.00167
36,                            27,                       9,                       0.002043
36,                            27,                       9,                       0.001685
36,                            27,                       9,                       0.001662
36,                            27,                       9,                       0.001636
36,                            27,                       9,                       0.00161
36,                            27,                       9,                       0.001613
36,                            27,                       9,                       0.001801
36,                            27,                       9,                       0.001665
36,                            27,                       9,                       0.00162
36,                            27,                       9,                       0.001832
36,                            27,                       9,                       0.001727
36,                            27,                       9,                       0.001782
36,                            27,                       9,                       0.001656
36,                            27,                       9,                       0.001696
36,                            27,                       9,                       0.001687
36,                            27,                       9,                       0.002018
36,                            27,                       9,                       0.001672
36,                            27,                       9,                       0.001611
36,                            27,                       9,                       0.001695
36,                            27,                       9,                       0.002074
36,                            27,                       9,                       0.001695
36,                            27,                       9,                       0.001652
36,                            27,                       9,                       0.001661
36,                            27,                       9,                       0.001629
36,                            27,                       9,                       0.001574
36,                            27,                       9,                       0.002001
36,                            27,                       9,                       0.001708
36,                            27,                       9,                       0.001631
36,                            27,                       9,                       0.001673
36,                            27,                       9,                       0.001611
36,                            27,                       9,                       0.001691
36,                            27,                       9,                       0.001632
36,                            27,                       9,                       0.001659
36,                            27,                       9,                       0.00164
36,                            27,                       9,                       0.001903
36,                            27,                       9,                       0.001877
36,                            27,                       9,                       0.001885
36,                            27,                       9,                       0.001822
36,                            27,                       9,                       0.001635
36,                            27,                       9,                       0.001646
36,                            27,                       9,                       0.001647
36,                            27,                       9,                       0.002139
36,                            27,                       9,                       0.001666
36,                            27,                       9,                       0.001664
36,                            27,                       9,                       0.001642
36,                            27,                       9,                       0.001665
36,                            27,                       9,                       0.001615
36,                            27,                       9,                       0.00175
36,                            27,                       9,                       0.00166
36,                            27,                       9,                       0.001849
36,                            27,                       9,                       0.001945
36,                            27,                       9,                       0.001607
36,                            27,                       9,                       0.001617
36,                            27,                       9,                       0.001634
36,                            27,                       9,                       0.001744
36,                            27,                       9,                       0.001654
36,                            27,                       9,                       0.002603
36,                            27,                       9,                       0.001913
36,                            27,                       9,                       0.001936
36,                            27,                       9,                       0.001707
36,                            27,                       9,                       0.001741
36,                            27,                       9,                       0.001588
36,                            27,                       9,                       0.001654
36,                            27,                       9,                       0.001667
36,                            27,                       9,                       0.001694
36,                            27,                       9,                       0.001619
36,                            27,                       9,                       0.001706
36,                            27,                       9,                       0.00162
36,                            27,                       9,                       0.00168
36,                            27,                       9,                       0.001938
