COMMENT : The search result by Hill-Climbing for Cauchy_Good Fri Jan 26 15:13:17 2018

tech : Cauchy_Good
algorithm : Hill-Climbing
k : 5
m : 2
w : 3
failed_disk_id : 0
conventional_symbol_number    optimized_symbol_number    reduced_symbol_number    time
15,                            12,                       3,                       0.000134
15,                            12,                       3,                       6.6e-05
15,                            12,                       3,                       6.6e-05
15,                            12,                       3,                       6.4e-05
15,                            12,                       3,                       7.9e-05
15,                            12,                       3,                       6.5e-05
15,                            12,                       3,                       9.4e-05
15,                            12,                       3,                       6.5e-05
15,                            12,                       3,                       6.7e-05
15,                            12,                       3,                       8e-05
15,                            12,                       3,                       6.5e-05
15,                            12,                       3,                       6.6e-05
15,                            12,                       3,                       6.5e-05
15,                            12,                       3,                       6.4e-05
15,                            12,                       3,                       6.6e-05
15,                            12,                       3,                       6.4e-05
15,                            12,                       3,                       8.1e-05
15,                            12,                       3,                       6.5e-05
15,                            12,                       3,                       7.8e-05
15,                            12,                       3,                       6.4e-05
15,                            12,                       3,                       6.6e-05
15,                            12,                       3,                       6.5e-05
15,                            12,                       3,                       6.6e-05
15,                            12,                       3,                       6.4e-05
15,                            12,                       3,                       6.4e-05
15,                            12,                       3,                       6.5e-05
15,                            12,                       3,                       6.3e-05
15,                            12,                       3,                       6.4e-05
15,                            12,                       3,                       6.4e-05
15,                            12,                       3,                       6.4e-05
15,                            12,                       3,                       7.7e-05
15,                            12,                       3,                       0.000169
15,                            12,                       3,                       6.5e-05
15,                            12,                       3,                       9.4e-05
15,                            12,                       3,                       6.6e-05
15,                            12,                       3,                       0.000132
15,                            12,                       3,                       6.6e-05
15,                            12,                       3,                       6.5e-05
15,                            12,                       3,                       7.8e-05
15,                            12,                       3,                       0.000116
15,                            12,                       3,                       0.00011
15,                            12,                       3,                       6.5e-05
15,                            12,                       3,                       6.4e-05
15,                            12,                       3,                       6.5e-05
15,                            12,                       3,                       6.3e-05
15,                            12,                       3,                       6.8e-05
15,                            12,                       3,                       9.9e-05
15,                            12,                       3,                       6.6e-05
15,                            12,                       3,                       6.6e-05
15,                            12,                       3,                       6.7e-05
15,                            12,                       3,                       6.7e-05
15,                            12,                       3,                       6.3e-05
15,                            12,                       3,                       6.3e-05
15,                            12,                       3,                       0.000105
15,                            12,                       3,                       9e-05
15,                            12,                       3,                       6.5e-05
15,                            12,                       3,                       6.8e-05
15,                            12,                       3,                       6.6e-05
15,                            12,                       3,                       0.000111
15,                            12,                       3,                       6.4e-05
15,                            12,                       3,                       6.4e-05
15,                            12,                       3,                       6.7e-05
15,                            12,                       3,                       6.7e-05
15,                            12,                       3,                       6.4e-05
15,                            12,                       3,                       6.4e-05
15,                            12,                       3,                       7.8e-05
15,                            12,                       3,                       8.1e-05
15,                            12,                       3,                       6.6e-05
15,                            12,                       3,                       6.5e-05
15,                            12,                       3,                       6.5e-05
15,                            12,                       3,                       6.5e-05
15,                            12,                       3,                       6.6e-05
15,                            12,                       3,                       6.5e-05
15,                            12,                       3,                       0.000117
15,                            12,                       3,                       7.7e-05
15,                            12,                       3,                       7.9e-05
15,                            12,                       3,                       6.4e-05
15,                            12,                       3,                       0.000103
15,                            12,                       3,                       0.000102
15,                            12,                       3,                       7.9e-05
15,                            12,                       3,                       6.4e-05
15,                            12,                       3,                       6.5e-05
15,                            12,                       3,                       7.9e-05
15,                            12,                       3,                       0.000152
15,                            12,                       3,                       7.6e-05
15,                            12,                       3,                       6.5e-05
15,                            12,                       3,                       6.3e-05
15,                            12,                       3,                       6.4e-05
15,                            12,                       3,                       7.8e-05
15,                            12,                       3,                       0.000162
15,                            12,                       3,                       6.7e-05
15,                            12,                       3,                       6.5e-05
15,                            12,                       3,                       0.000104
15,                            12,                       3,                       6.7e-05
15,                            12,                       3,                       6.5e-05
15,                            12,                       3,                       6.5e-05
15,                            12,                       3,                       6.4e-05
15,                            12,                       3,                       6.3e-05
15,                            12,                       3,                       0.000118
15,                            12,                       3,                       6.7e-05
15,                            12,                       3,                       9.1e-05
15,                            12,                       3,                       0.000111
15,                            12,                       3,                       7.8e-05
15,                            12,                       3,                       8.1e-05
15,                            12,                       3,                       6.7e-05
15,                            12,                       3,                       9.3e-05
15,                            12,                       3,                       6.5e-05
15,                            12,                       3,                       6.4e-05
15,                            12,                       3,                       0.000153
15,                            12,                       3,                       6.5e-05
15,                            12,                       3,                       6.7e-05
15,                            12,                       3,                       0.000162
15,                            12,                       3,                       6.6e-05
15,                            12,                       3,                       6.5e-05
15,                            12,                       3,                       6.8e-05
15,                            12,                       3,                       6.5e-05
15,                            12,                       3,                       8.1e-05
15,                            12,                       3,                       7.9e-05
15,                            12,                       3,                       6.7e-05
15,                            12,                       3,                       9.3e-05
15,                            12,                       3,                       6.8e-05
15,                            12,                       3,                       0.000122
15,                            12,                       3,                       6.6e-05
15,                            12,                       3,                       6.7e-05
15,                            12,                       3,                       6.7e-05
15,                            12,                       3,                       9.6e-05
15,                            12,                       3,                       6.5e-05
15,                            12,                       3,                       6.5e-05
15,                            12,                       3,                       8.2e-05
15,                            12,                       3,                       6.5e-05
15,                            12,                       3,                       0.000104
15,                            12,                       3,                       8.1e-05
15,                            12,                       3,                       6.5e-05
15,                            12,                       3,                       6.7e-05
15,                            12,                       3,                       7.9e-05
15,                            12,                       3,                       6.7e-05
15,                            12,                       3,                       0.000138
15,                            12,                       3,                       6.4e-05
15,                            12,                       3,                       8e-05
15,                            12,                       3,                       6.4e-05
15,                            12,                       3,                       6.7e-05
15,                            12,                       3,                       6.6e-05
15,                            12,                       3,                       6.4e-05
15,                            12,                       3,                       9.6e-05
15,                            12,                       3,                       6.5e-05
15,                            12,                       3,                       8e-05
15,                            12,                       3,                       7.7e-05
15,                            12,                       3,                       7.9e-05
15,                            12,                       3,                       9.6e-05
15,                            12,                       3,                       6.7e-05
15,                            12,                       3,                       6.7e-05
15,                            12,                       3,                       6.5e-05
15,                            12,                       3,                       0.000117
15,                            12,                       3,                       9.4e-05
15,                            12,                       3,                       7.5e-05
15,                            12,                       3,                       6.4e-05
15,                            12,                       3,                       6.5e-05
15,                            12,                       3,                       6.7e-05
15,                            12,                       3,                       7.1e-05
15,                            12,                       3,                       7.5e-05
15,                            12,                       3,                       0.000107
15,                            12,                       3,                       6.5e-05
15,                            12,                       3,                       6.4e-05
15,                            12,                       3,                       6.5e-05
15,                            12,                       3,                       6.9e-05
15,                            12,                       3,                       6.7e-05
15,                            12,                       3,                       8.2e-05
15,                            12,                       3,                       6.6e-05
15,                            12,                       3,                       6.7e-05
15,                            12,                       3,                       0.000104
15,                            12,                       3,                       6.5e-05
15,                            12,                       3,                       8.2e-05
15,                            12,                       3,                       6.6e-05
15,                            12,                       3,                       6.5e-05
15,                            12,                       3,                       6.7e-05
15,                            12,                       3,                       8e-05
15,                            12,                       3,                       9.3e-05
15,                            12,                       3,                       6.4e-05
15,                            12,                       3,                       6.6e-05
15,                            12,                       3,                       6.4e-05
15,                            12,                       3,                       0.00011
15,                            12,                       3,                       6.5e-05
15,                            12,                       3,                       7.6e-05
15,                            12,                       3,                       8.2e-05
15,                            12,                       3,                       6.7e-05
15,                            12,                       3,                       8.1e-05
15,                            12,                       3,                       7.6e-05
15,                            12,                       3,                       6.6e-05
15,                            12,                       3,                       0.000144
15,                            12,                       3,                       7.9e-05
15,                            12,                       3,                       0.000129
15,                            12,                       3,                       0.00012
15,                            12,                       3,                       9.5e-05
15,                            12,                       3,                       9.6e-05
15,                            12,                       3,                       6.4e-05
15,                            12,                       3,                       7.8e-05
15,                            12,                       3,                       6.8e-05
15,                            12,                       3,                       6.6e-05
15,                            12,                       3,                       6.5e-05
15,                            12,                       3,                       0.000141
15,                            12,                       3,                       6.4e-05
15,                            12,                       3,                       6.6e-05
15,                            12,                       3,                       7.9e-05
15,                            12,                       3,                       6.4e-05
15,                            12,                       3,                       0.000117
15,                            12,                       3,                       6.7e-05
15,                            12,                       3,                       6.5e-05
15,                            12,                       3,                       8e-05
15,                            12,                       3,                       8.1e-05
15,                            12,                       3,                       6.5e-05
15,                            12,                       3,                       6.4e-05
15,                            12,                       3,                       6.6e-05
15,                            12,                       3,                       6.7e-05
15,                            12,                       3,                       6.5e-05
15,                            12,                       3,                       7.2e-05
15,                            12,                       3,                       8.2e-05
15,                            12,                       3,                       6.4e-05
15,                            12,                       3,                       6.6e-05
15,                            12,                       3,                       6.4e-05
15,                            12,                       3,                       8e-05
15,                            12,                       3,                       0.000139
15,                            12,                       3,                       6.7e-05
15,                            12,                       3,                       6.6e-05
15,                            12,                       3,                       6.6e-05
15,                            12,                       3,                       6.7e-05
15,                            12,                       3,                       6.5e-05
15,                            12,                       3,                       6.6e-05
15,                            12,                       3,                       0.000245
15,                            12,                       3,                       6.4e-05
15,                            12,                       3,                       0.000111
15,                            12,                       3,                       8e-05
15,                            12,                       3,                       6.9e-05
15,                            12,                       3,                       6.5e-05
15,                            12,                       3,                       6.5e-05
15,                            12,                       3,                       0.000257
15,                            12,                       3,                       6.5e-05
15,                            12,                       3,                       8e-05
15,                            12,                       3,                       6.5e-05
15,                            12,                       3,                       7.8e-05
15,                            12,                       3,                       6.8e-05
15,                            12,                       3,                       8.1e-05
15,                            12,                       3,                       6.5e-05
15,                            12,                       3,                       6.4e-05
15,                            12,                       3,                       6.5e-05
15,                            12,                       3,                       6.6e-05
15,                            12,                       3,                       6.7e-05
15,                            12,                       3,                       6.5e-05
15,                            12,                       3,                       6.6e-05
15,                            12,                       3,                       9.1e-05
15,                            12,                       3,                       6.9e-05
15,                            12,                       3,                       6.6e-05
15,                            12,                       3,                       6.3e-05
15,                            12,                       3,                       7.6e-05
15,                            12,                       3,                       0.000166
15,                            12,                       3,                       0.000116
15,                            12,                       3,                       6.8e-05
15,                            12,                       3,                       0.000182
15,                            12,                       3,                       6.4e-05
15,                            12,                       3,                       0.000119
15,                            12,                       3,                       8.2e-05
15,                            12,                       3,                       6.5e-05
15,                            12,                       3,                       9.7e-05
15,                            12,                       3,                       6.5e-05
15,                            12,                       3,                       9.5e-05
15,                            12,                       3,                       6.4e-05
15,                            12,                       3,                       6.4e-05
15,                            12,                       3,                       6.4e-05
15,                            12,                       3,                       6.5e-05
15,                            12,                       3,                       6.5e-05
15,                            12,                       3,                       6.4e-05
15,                            12,                       3,                       6.5e-05
15,                            12,                       3,                       6.4e-05
15,                            12,                       3,                       6.6e-05
15,                            12,                       3,                       6.5e-05
15,                            12,                       3,                       8.2e-05
15,                            12,                       3,                       0.000107
15,                            12,                       3,                       6.5e-05
15,                            12,                       3,                       8e-05
15,                            12,                       3,                       0.000105
15,                            12,                       3,                       6.5e-05
15,                            12,                       3,                       6.6e-05
15,                            12,                       3,                       9.6e-05
15,                            12,                       3,                       0.000145
15,                            12,                       3,                       6.7e-05
15,                            12,                       3,                       0.000106
15,                            12,                       3,                       6.6e-05
15,                            12,                       3,                       6.4e-05
15,                            12,                       3,                       6.6e-05
15,                            12,                       3,                       0.000141
15,                            12,                       3,                       9.4e-05
15,                            12,                       3,                       6.7e-05
15,                            12,                       3,                       6.3e-05
15,                            12,                       3,                       6.6e-05
15,                            12,                       3,                       6.6e-05
15,                            12,                       3,                       6.7e-05
15,                            12,                       3,                       6.7e-05
15,                            12,                       3,                       6.6e-05
15,                            12,                       3,                       0.00011
15,                            12,                       3,                       6.7e-05
15,                            12,                       3,                       6.7e-05
