COMMENT : The search result by Hill-Climbing for Cauchy_Good Fri Jan 26 15:13:35 2018

tech : Cauchy_Good
algorithm : Hill-Climbing
k : 8
m : 3
w : 5
failed_disk_id : 0
conventional_symbol_number    optimized_symbol_number    reduced_symbol_number    time
40,                            32,                       8,                       0.005152
40,                            32,                       8,                       0.005008
40,                            32,                       8,                       0.006615
40,                            32,                       8,                       0.005445
40,                            32,                       8,                       0.00543
40,                            32,                       8,                       0.005082
40,                            32,                       8,                       0.005036
40,                            32,                       8,                       0.005007
40,                            32,                       8,                       0.006366
40,                            32,                       8,                       0.005058
40,                            32,                       8,                       0.005248
40,                            32,                       8,                       0.004993
40,                            32,                       8,                       0.005086
40,                            32,                       8,                       0.005054
40,                            32,                       8,                       0.005453
40,                            32,                       8,                       0.005376
40,                            32,                       8,                       0.005106
40,                            32,                       8,                       0.006119
40,                            32,                       8,                       0.005197
40,                            32,                       8,                       0.005057
40,                            32,                       8,                       0.005122
40,                            32,                       8,                       0.005114
40,                            32,                       8,                       0.005201
40,                            32,                       8,                       0.004992
40,                            32,                       8,                       0.005265
40,                            32,                       8,                       0.005016
40,                            32,                       8,                       0.005302
40,                            32,                       8,                       0.005654
40,                            32,                       8,                       0.00511
40,                            32,                       8,                       0.004938
40,                            32,                       8,                       0.005
40,                            32,                       8,                       0.00501
40,                            32,                       8,                       0.005353
40,                            32,                       8,                       0.005014
40,                            32,                       8,                       0.006793
40,                            32,                       8,                       0.005498
40,                            32,                       8,                       0.00531
40,                            32,                       8,                       0.00514
40,                            32,                       8,                       0.005043
40,                            32,                       8,                       0.005493
40,                            32,                       8,                       0.005006
40,                            32,                       8,                       0.005139
40,                            32,                       8,                       0.00557
40,                            32,                       8,                       0.005172
40,                            32,                       8,                       0.006177
40,                            32,                       8,                       0.005259
40,                            32,                       8,                       0.005066
40,                            32,                       8,                       0.00523
40,                            32,                       8,                       0.005271
40,                            32,                       8,                       0.005427
40,                            32,                       8,                       0.005137
40,                            32,                       8,                       0.00543
40,                            32,                       8,                       0.005104
40,                            32,                       8,                       0.00504
40,                            32,                       8,                       0.005053
40,                            32,                       8,                       0.005133
40,                            32,                       8,                       0.006453
40,                            32,                       8,                       0.005174
40,                            32,                       8,                       0.005073
40,                            32,                       8,                       0.005286
40,                            32,                       8,                       0.005074
40,                            32,                       8,                       0.005086
40,                            32,                       8,                       0.005644
40,                            32,                       8,                       0.005222
40,                            32,                       8,                       0.006288
40,                            32,                       8,                       0.005012
40,                            32,                       8,                       0.00545
40,                            32,                       8,                       0.005248
40,                            32,                       8,                       0.005609
40,                            32,                       8,                       0.005388
40,                            32,                       8,                       0.006239
40,                            32,                       8,                       0.005248
40,                            32,                       8,                       0.005001
40,                            32,                       8,                       0.005261
40,                            32,                       8,                       0.005028
40,                            32,                       8,                       0.005177
40,                            32,                       8,                       0.005309
40,                            32,                       8,                       0.005654
40,                            32,                       8,                       0.005003
40,                            32,                       8,                       0.005457
40,                            32,                       8,                       0.005096
40,                            32,                       8,                       0.005475
40,                            32,                       8,                       0.005956
40,                            32,                       8,                       0.005178
40,                            32,                       8,                       0.006147
40,                            32,                       8,                       0.005105
40,                            32,                       8,                       0.005238
40,                            32,                       8,                       0.007357
40,                            32,                       8,                       0.00537
40,                            32,                       8,                       0.005152
40,                            32,                       8,                       0.005156
40,                            32,                       8,                       0.005429
40,                            32,                       8,                       0.005293
40,                            32,                       8,                       0.00556
40,                            32,                       8,                       0.00522
40,                            32,                       8,                       0.005037
40,                            32,                       8,                       0.005224
40,                            32,                       8,                       0.005712
40,                            32,                       8,                       0.00573
40,                            32,                       8,                       0.00544
40,                            32,                       8,                       0.00502
40,                            32,                       8,                       0.005615
40,                            32,                       8,                       0.005182
40,                            32,                       8,                       0.005424
40,                            32,                       8,                       0.005722
40,                            32,                       8,                       0.005177
40,                            32,                       8,                       0.005072
40,                            32,                       8,                       0.005253
40,                            32,                       8,                       0.005213
40,                            32,                       8,                       0.005361
40,                            32,                       8,                       0.00518
40,                            32,                       8,                       0.00522
40,                            32,                       8,                       0.005077
40,                            32,                       8,                       0.005748
40,                            32,                       8,                       0.006181
40,                            32,                       8,                       0.005265
40,                            32,                       8,                       0.005417
40,                            32,                       8,                       0.005643
40,                            32,                       8,                       0.005585
40,                            32,                       8,                       0.00522
40,                            32,                       8,                       0.005204
40,                            32,                       8,                       0.005188
40,                            32,                       8,                       0.005187
40,                            32,                       8,                       0.005711
40,                            32,                       8,                       0.005087
40,                            32,                       8,                       0.005288
40,                            32,                       8,                       0.005798
40,                            32,                       8,                       0.00514
40,                            32,                       8,                       0.005387
40,                            32,                       8,                       0.005206
40,                            32,                       8,                       0.005397
40,                            32,                       8,                       0.005246
40,                            32,                       8,                       0.005185
40,                            32,                       8,                       0.005135
40,                            32,                       8,                       0.005382
40,                            32,                       8,                       0.005491
40,                            32,                       8,                       0.005065
40,                            32,                       8,                       0.005226
40,                            32,                       8,                       0.005966
40,                            32,                       8,                       0.005415
40,                            32,                       8,                       0.005078
40,                            32,                       8,                       0.005092
40,                            32,                       8,                       0.005257
40,                            32,                       8,                       0.005719
40,                            32,                       8,                       0.005034
40,                            32,                       8,                       0.004955
40,                            32,                       8,                       0.00514
40,                            32,                       8,                       0.005288
40,                            32,                       8,                       0.005174
40,                            32,                       8,                       0.005192
40,                            32,                       8,                       0.005044
40,                            32,                       8,                       0.005666
40,                            32,                       8,                       0.005394
40,                            32,                       8,                       0.00568
40,                            32,                       8,                       0.005594
40,                            32,                       8,                       0.005047
40,                            32,                       8,                       0.005148
40,                            32,                       8,                       0.005105
40,                            32,                       8,                       0.005324
40,                            32,                       8,                       0.005074
40,                            32,                       8,                       0.005207
40,                            32,                       8,                       0.005087
40,                            32,                       8,                       0.005396
40,                            32,                       8,                       0.005142
40,                            32,                       8,                       0.00522
40,                            32,                       8,                       0.005131
40,                            32,                       8,                       0.005152
40,                            32,                       8,                       0.005061
40,                            32,                       8,                       0.0063
40,                            32,                       8,                       0.005169
40,                            32,                       8,                       0.005096
40,                            32,                       8,                       0.005329
40,                            32,                       8,                       0.005787
40,                            32,                       8,                       0.005137
40,                            32,                       8,                       0.005274
40,                            32,                       8,                       0.005119
40,                            32,                       8,                       0.005134
40,                            32,                       8,                       0.005253
40,                            32,                       8,                       0.005104
40,                            32,                       8,                       0.005309
40,                            32,                       8,                       0.005117
40,                            32,                       8,                       0.005649
40,                            32,                       8,                       0.00525
40,                            32,                       8,                       0.005142
40,                            32,                       8,                       0.005238
40,                            32,                       8,                       0.005119
40,                            32,                       8,                       0.005935
40,                            32,                       8,                       0.005731
40,                            32,                       8,                       0.005339
40,                            32,                       8,                       0.005527
40,                            32,                       8,                       0.005294
40,                            32,                       8,                       0.005034
40,                            32,                       8,                       0.005693
40,                            32,                       8,                       0.005448
40,                            32,                       8,                       0.006129
40,                            32,                       8,                       0.005183
40,                            32,                       8,                       0.005563
40,                            32,                       8,                       0.00552
40,                            32,                       8,                       0.005408
40,                            32,                       8,                       0.005231
40,                            32,                       8,                       0.005245
40,                            32,                       8,                       0.005048
40,                            32,                       8,                       0.005025
40,                            32,                       8,                       0.005551
40,                            32,                       8,                       0.005511
40,                            32,                       8,                       0.00524
40,                            32,                       8,                       0.005267
40,                            32,                       8,                       0.00556
40,                            32,                       8,                       0.004975
40,                            32,                       8,                       0.005117
40,                            32,                       8,                       0.005071
40,                            32,                       8,                       0.005686
40,                            32,                       8,                       0.009106
40,                            32,                       8,                       0.007915
40,                            32,                       8,                       0.005238
40,                            32,                       8,                       0.005541
40,                            32,                       8,                       0.005683
40,                            32,                       8,                       0.005891
40,                            32,                       8,                       0.00523
40,                            32,                       8,                       0.005056
40,                            32,                       8,                       0.005391
40,                            32,                       8,                       0.005389
40,                            32,                       8,                       0.005894
40,                            32,                       8,                       0.005068
40,                            32,                       8,                       0.006136
40,                            32,                       8,                       0.00533
40,                            32,                       8,                       0.005954
40,                            32,                       8,                       0.00513
40,                            32,                       8,                       0.005403
40,                            32,                       8,                       0.005163
40,                            32,                       8,                       0.0051
40,                            32,                       8,                       0.005118
40,                            32,                       8,                       0.005087
40,                            32,                       8,                       0.005183
40,                            32,                       8,                       0.005441
40,                            32,                       8,                       0.005552
40,                            32,                       8,                       0.005408
40,                            32,                       8,                       0.005067
40,                            32,                       8,                       0.005151
40,                            32,                       8,                       0.005136
40,                            32,                       8,                       0.005338
40,                            32,                       8,                       0.005962
40,                            32,                       8,                       0.005269
40,                            32,                       8,                       0.005238
40,                            32,                       8,                       0.004967
40,                            32,                       8,                       0.006036
40,                            32,                       8,                       0.005512
40,                            32,                       8,                       0.005369
40,                            32,                       8,                       0.005322
40,                            32,                       8,                       0.005235
40,                            32,                       8,                       0.006117
40,                            32,                       8,                       0.005321
40,                            32,                       8,                       0.005213
40,                            32,                       8,                       0.005291
40,                            32,                       8,                       0.005035
40,                            32,                       8,                       0.005337
40,                            32,                       8,                       0.005055
40,                            32,                       8,                       0.005176
40,                            32,                       8,                       0.005667
40,                            32,                       8,                       0.005396
40,                            32,                       8,                       0.005078
40,                            32,                       8,                       0.005225
40,                            32,                       8,                       0.005394
40,                            32,                       8,                       0.006044
40,                            32,                       8,                       0.005084
40,                            32,                       8,                       0.005296
40,                            32,                       8,                       0.005201
40,                            32,                       8,                       0.00566
40,                            32,                       8,                       0.005636
40,                            32,                       8,                       0.005491
40,                            32,                       8,                       0.005098
40,                            32,                       8,                       0.006595
40,                            32,                       8,                       0.005418
40,                            32,                       8,                       0.005004
40,                            32,                       8,                       0.005377
40,                            32,                       8,                       0.005679
40,                            32,                       8,                       0.005465
40,                            32,                       8,                       0.005271
40,                            32,                       8,                       0.005531
40,                            32,                       8,                       0.006021
40,                            32,                       8,                       0.005095
40,                            32,                       8,                       0.005535
40,                            32,                       8,                       0.005192
40,                            32,                       8,                       0.005295
40,                            32,                       8,                       0.005709
40,                            32,                       8,                       0.005653
40,                            32,                       8,                       0.005145
40,                            32,                       8,                       0.005278
40,                            32,                       8,                       0.005265
40,                            32,                       8,                       0.005127
40,                            32,                       8,                       0.005785
40,                            32,                       8,                       0.00521
40,                            32,                       8,                       0.005724
40,                            32,                       8,                       0.006119
40,                            32,                       8,                       0.00548
40,                            32,                       8,                       0.005136
40,                            32,                       8,                       0.0057
40,                            32,                       8,                       0.006062
40,                            32,                       8,                       0.00566
40,                            32,                       8,                       0.005065
