COMMENT : The search result by Hill-Climbing for Cauchy_Good Fri Jan 26 15:13:26 2018

tech : Cauchy_Good
algorithm : Hill-Climbing
k : 7
m : 2
w : 4
failed_disk_id : 0
conventional_symbol_number    optimized_symbol_number    reduced_symbol_number    time
28,                            23,                       5,                       0.000274
28,                            23,                       5,                       0.000212
28,                            23,                       5,                       0.000449
28,                            23,                       5,                       0.000209
28,                            23,                       5,                       0.000205
28,                            23,                       5,                       0.000241
28,                            23,                       5,                       0.000216
28,                            23,                       5,                       0.000199
28,                            23,                       5,                       0.000199
28,                            23,                       5,                       0.000211
28,                            23,                       5,                       0.000206
28,                            23,                       5,                       0.000204
28,                            23,                       5,                       0.000199
28,                            23,                       5,                       0.00026
28,                            23,                       5,                       0.00026
28,                            23,                       5,                       0.000216
28,                            23,                       5,                       0.000223
28,                            23,                       5,                       0.000267
28,                            23,                       5,                       0.000233
28,                            23,                       5,                       0.000244
28,                            23,                       5,                       0.000199
28,                            23,                       5,                       0.000281
28,                            23,                       5,                       0.000203
28,                            23,                       5,                       0.000255
28,                            23,                       5,                       0.000197
28,                            23,                       5,                       0.000204
28,                            23,                       5,                       0.00025
28,                            23,                       5,                       0.000197
28,                            23,                       5,                       0.000242
28,                            23,                       5,                       0.000205
28,                            23,                       5,                       0.000198
28,                            23,                       5,                       0.0002
28,                            23,                       5,                       0.000198
28,                            23,                       5,                       0.000199
28,                            23,                       5,                       0.000211
28,                            23,                       5,                       0.000198
28,                            23,                       5,                       0.000213
28,                            23,                       5,                       0.000198
28,                            23,                       5,                       0.000338
28,                            23,                       5,                       0.000379
28,                            23,                       5,                       0.000204
28,                            23,                       5,                       0.00034
28,                            23,                       5,                       0.000198
28,                            23,                       5,                       0.000391
28,                            23,                       5,                       0.00021
28,                            23,                       5,                       0.000254
28,                            23,                       5,                       0.000203
28,                            23,                       5,                       0.000205
28,                            23,                       5,                       0.000205
28,                            23,                       5,                       0.000322
28,                            23,                       5,                       0.000214
28,                            23,                       5,                       0.000197
28,                            23,                       5,                       0.00034
28,                            23,                       5,                       0.000198
28,                            23,                       5,                       0.000238
28,                            23,                       5,                       0.000204
28,                            23,                       5,                       0.000202
28,                            23,                       5,                       0.000253
28,                            23,                       5,                       0.000258
28,                            23,                       5,                       0.000228
28,                            23,                       5,                       0.000201
28,                            23,                       5,                       0.000234
28,                            23,                       5,                       0.000201
28,                            23,                       5,                       0.000242
28,                            23,                       5,                       0.000205
28,                            23,                       5,                       0.000205
28,                            23,                       5,                       0.00021
28,                            23,                       5,                       0.000197
28,                            23,                       5,                       0.000285
28,                            23,                       5,                       0.000208
28,                            23,                       5,                       0.000321
28,                            23,                       5,                       0.000239
28,                            23,                       5,                       0.000192
28,                            23,                       5,                       0.000197
28,                            23,                       5,                       0.000198
28,                            23,                       5,                       0.000198
28,                            23,                       5,                       0.000197
28,                            23,                       5,                       0.000218
28,                            23,                       5,                       0.000255
28,                            23,                       5,                       0.000293
28,                            23,                       5,                       0.000204
28,                            23,                       5,                       0.000225
28,                            23,                       5,                       0.000203
28,                            23,                       5,                       0.000223
28,                            23,                       5,                       0.000203
28,                            23,                       5,                       0.000195
28,                            23,                       5,                       0.000212
28,                            23,                       5,                       0.000786
28,                            23,                       5,                       0.000198
28,                            23,                       5,                       0.000238
28,                            23,                       5,                       0.000204
28,                            23,                       5,                       0.000199
28,                            23,                       5,                       0.000198
28,                            23,                       5,                       0.000205
28,                            23,                       5,                       0.000244
28,                            23,                       5,                       0.00021
28,                            23,                       5,                       0.000217
28,                            23,                       5,                       0.000203
28,                            23,                       5,                       0.000212
28,                            23,                       5,                       0.000196
28,                            23,                       5,                       0.000286
28,                            23,                       5,                       0.000202
28,                            23,                       5,                       0.000204
28,                            23,                       5,                       0.000207
28,                            23,                       5,                       0.000415
28,                            23,                       5,                       0.000204
28,                            23,                       5,                       0.0002
28,                            23,                       5,                       0.000203
28,                            23,                       5,                       0.000358
28,                            23,                       5,                       0.000373
28,                            23,                       5,                       0.000302
28,                            23,                       5,                       0.000203
28,                            23,                       5,                       0.00043
28,                            23,                       5,                       0.000198
28,                            23,                       5,                       0.000199
28,                            23,                       5,                       0.000196
28,                            23,                       5,                       0.000198
28,                            23,                       5,                       0.000198
28,                            23,                       5,                       0.000238
28,                            23,                       5,                       0.000198
28,                            23,                       5,                       0.000205
28,                            23,                       5,                       0.000198
28,                            23,                       5,                       0.000261
28,                            23,                       5,                       0.000212
28,                            23,                       5,                       0.000202
28,                            23,                       5,                       0.00021
28,                            23,                       5,                       0.000259
28,                            23,                       5,                       0.000198
28,                            23,                       5,                       0.000255
28,                            23,                       5,                       0.000203
28,                            23,                       5,                       0.000215
28,                            23,                       5,                       0.000217
28,                            23,                       5,                       0.000199
28,                            23,                       5,                       0.000198
28,                            23,                       5,                       0.000211
28,                            23,                       5,                       0.000304
28,                            23,                       5,                       0.000203
28,                            23,                       5,                       0.00027
28,                            23,                       5,                       0.000198
28,                            23,                       5,                       0.000197
28,                            23,                       5,                       0.000205
28,                            23,                       5,                       0.000393
28,                            23,                       5,                       0.000212
28,                            23,                       5,                       0.000333
28,                            23,                       5,                       0.000275
28,                            23,                       5,                       0.000224
28,                            23,                       5,                       0.000202
28,                            23,                       5,                       0.000203
28,                            23,                       5,                       0.000196
28,                            23,                       5,                       0.000227
28,                            23,                       5,                       0.000212
28,                            23,                       5,                       0.000205
28,                            23,                       5,                       0.000202
28,                            23,                       5,                       0.000197
28,                            23,                       5,                       0.000198
28,                            23,                       5,                       0.000239
28,                            23,                       5,                       0.000304
28,                            23,                       5,                       0.000229
28,                            23,                       5,                       0.000199
28,                            23,                       5,                       0.000205
28,                            23,                       5,                       0.000202
28,                            23,                       5,                       0.000199
28,                            23,                       5,                       0.0002
28,                            23,                       5,                       0.000309
28,                            23,                       5,                       0.000203
28,                            23,                       5,                       0.000281
28,                            23,                       5,                       0.000242
28,                            23,                       5,                       0.000227
28,                            23,                       5,                       0.000198
28,                            23,                       5,                       0.000203
28,                            23,                       5,                       0.000215
28,                            23,                       5,                       0.000198
28,                            23,                       5,                       0.000299
28,                            23,                       5,                       0.000203
28,                            23,                       5,                       0.000236
28,                            23,                       5,                       0.000252
28,                            23,                       5,                       0.00023
28,                            23,                       5,                       0.000268
28,                            23,                       5,                       0.000202
28,                            23,                       5,                       0.000196
28,                            23,                       5,                       0.000203
28,                            23,                       5,                       0.000205
28,                            23,                       5,                       0.000226
28,                            23,                       5,                       0.000204
28,                            23,                       5,                       0.000251
28,                            23,                       5,                       0.000255
28,                            23,                       5,                       0.000265
28,                            23,                       5,                       0.000198
28,                            23,                       5,                       0.000338
28,                            23,                       5,                       0.000198
28,                            23,                       5,                       0.000232
28,                            23,                       5,                       0.000313
28,                            23,                       5,                       0.000381
28,                            23,                       5,                       0.000204
28,                            23,                       5,                       0.000203
28,                            23,                       5,                       0.000202
28,                            23,                       5,                       0.000198
28,                            23,                       5,                       0.000205
28,                            23,                       5,                       0.000215
28,                            23,                       5,                       0.000197
28,                            23,                       5,                       0.000198
28,                            23,                       5,                       0.0002
28,                            23,                       5,                       0.000241
28,                            23,                       5,                       0.000216
28,                            23,                       5,                       0.000198
28,                            23,                       5,                       0.000285
28,                            23,                       5,                       0.000241
28,                            23,                       5,                       0.000198
28,                            23,                       5,                       0.000262
28,                            23,                       5,                       0.000203
28,                            23,                       5,                       0.00027
28,                            23,                       5,                       0.000199
28,                            23,                       5,                       0.000214
28,                            23,                       5,                       0.000202
28,                            23,                       5,                       0.000228
28,                            23,                       5,                       0.000208
28,                            23,                       5,                       0.000198
28,                            23,                       5,                       0.000202
28,                            23,                       5,                       0.000197
28,                            23,                       5,                       0.000204
28,                            23,                       5,                       0.00036
28,                            23,                       5,                       0.000212
28,                            23,                       5,                       0.000205
28,                            23,                       5,                       0.000197
28,                            23,                       5,                       0.000197
28,                            23,                       5,                       0.000198
28,                            23,                       5,                       0.000196
28,                            23,                       5,                       0.000197
28,                            23,                       5,                       0.000208
28,                            23,                       5,                       0.000238
28,                            23,                       5,                       0.000292
28,                            23,                       5,                       0.000207
28,                            23,                       5,                       0.000239
28,                            23,                       5,                       0.000254
28,                            23,                       5,                       0.000203
28,                            23,                       5,                       0.000252
28,                            23,                       5,                       0.000204
28,                            23,                       5,                       0.000265
28,                            23,                       5,                       0.00021
28,                            23,                       5,                       0.000221
28,                            23,                       5,                       0.000206
28,                            23,                       5,                       0.000203
28,                            23,                       5,                       0.000198
28,                            23,                       5,                       0.000213
28,                            23,                       5,                       0.000202
28,                            23,                       5,                       0.000203
28,                            23,                       5,                       0.000202
28,                            23,                       5,                       0.000265
28,                            23,                       5,                       0.000245
28,                            23,                       5,                       0.000203
28,                            23,                       5,                       0.000203
28,                            23,                       5,                       0.000204
28,                            23,                       5,                       0.000203
28,                            23,                       5,                       0.000199
28,                            23,                       5,                       0.000203
28,                            23,                       5,                       0.000253
28,                            23,                       5,                       0.000206
28,                            23,                       5,                       0.000228
28,                            23,                       5,                       0.000231
28,                            23,                       5,                       0.000259
28,                            23,                       5,                       0.000239
28,                            23,                       5,                       0.000203
28,                            23,                       5,                       0.000203
28,                            23,                       5,                       0.000239
28,                            23,                       5,                       0.000239
28,                            23,                       5,                       0.000197
28,                            23,                       5,                       0.000257
28,                            23,                       5,                       0.000279
28,                            23,                       5,                       0.000215
28,                            23,                       5,                       0.000401
28,                            23,                       5,                       0.000197
28,                            23,                       5,                       0.000201
28,                            23,                       5,                       0.000261
28,                            23,                       5,                       0.000198
28,                            23,                       5,                       0.000205
28,                            23,                       5,                       0.000241
28,                            23,                       5,                       0.000225
28,                            23,                       5,                       0.000268
28,                            23,                       5,                       0.000228
28,                            23,                       5,                       0.000256
28,                            23,                       5,                       0.000299
28,                            23,                       5,                       0.0002
28,                            23,                       5,                       0.000377
28,                            23,                       5,                       0.000341
28,                            23,                       5,                       0.000252
28,                            23,                       5,                       0.000255
28,                            23,                       5,                       0.000227
28,                            23,                       5,                       0.000265
28,                            23,                       5,                       0.000197
28,                            23,                       5,                       0.000377
28,                            23,                       5,                       0.000202
28,                            23,                       5,                       0.000263
28,                            23,                       5,                       0.000203
28,                            23,                       5,                       0.000211
28,                            23,                       5,                       0.000215
28,                            23,                       5,                       0.000259
28,                            23,                       5,                       0.000243
28,                            23,                       5,                       0.000199
28,                            23,                       5,                       0.000228
28,                            23,                       5,                       0.00024
