COMMENT : The search result by Hill-Climbing for Cauchy_Good Fri Jan 26 15:13:16 2018

tech : Cauchy_Good
algorithm : Hill-Climbing
k : 3
m : 3
w : 5
failed_disk_id : 0
conventional_symbol_number    optimized_symbol_number    reduced_symbol_number    time
15,                            12,                       3,                       0.003978
15,                            12,                       3,                       0.004053
15,                            12,                       3,                       0.003935
15,                            12,                       3,                       0.004136
15,                            12,                       3,                       0.004968
15,                            12,                       3,                       0.004385
15,                            12,                       3,                       0.004191
15,                            12,                       3,                       0.004025
15,                            12,                       3,                       0.005766
15,                            12,                       3,                       0.005232
15,                            12,                       3,                       0.004126
15,                            12,                       3,                       0.00396
15,                            12,                       3,                       0.004167
15,                            12,                       3,                       0.004043
15,                            12,                       3,                       0.004005
15,                            12,                       3,                       0.004177
15,                            12,                       3,                       0.004088
15,                            12,                       3,                       0.004421
15,                            12,                       3,                       0.004125
15,                            12,                       3,                       0.004127
15,                            12,                       3,                       0.003988
15,                            12,                       3,                       0.004677
15,                            12,                       3,                       0.004154
15,                            12,                       3,                       0.004671
15,                            12,                       3,                       0.004266
15,                            12,                       3,                       0.004042
15,                            12,                       3,                       0.004117
15,                            12,                       3,                       0.003889
15,                            12,                       3,                       0.003957
15,                            12,                       3,                       0.004131
15,                            12,                       3,                       0.004016
15,                            12,                       3,                       0.004008
15,                            12,                       3,                       0.00399
15,                            12,                       3,                       0.004133
15,                            12,                       3,                       0.004448
15,                            12,                       3,                       0.004352
15,                            12,                       3,                       0.003976
15,                            12,                       3,                       0.004133
15,                            12,                       3,                       0.004177
15,                            12,                       3,                       0.004188
15,                            12,                       3,                       0.004427
15,                            12,                       3,                       0.004093
15,                            12,                       3,                       0.003924
15,                            12,                       3,                       0.005177
15,                            12,                       3,                       0.004294
15,                            12,                       3,                       0.003982
15,                            12,                       3,                       0.004217
15,                            12,                       3,                       0.004135
15,                            12,                       3,                       0.004099
15,                            12,                       3,                       0.004171
15,                            12,                       3,                       0.003979
15,                            12,                       3,                       0.004854
15,                            12,                       3,                       0.003979
15,                            12,                       3,                       0.004396
15,                            12,                       3,                       0.004169
15,                            12,                       3,                       0.00404
15,                            12,                       3,                       0.003985
15,                            12,                       3,                       0.004524
15,                            12,                       3,                       0.004751
15,                            12,                       3,                       0.004014
15,                            12,                       3,                       0.004021
15,                            12,                       3,                       0.004222
15,                            12,                       3,                       0.003957
15,                            12,                       3,                       0.00402
15,                            12,                       3,                       0.003987
15,                            12,                       3,                       0.004384
15,                            12,                       3,                       0.003981
15,                            12,                       3,                       0.003946
15,                            12,                       3,                       0.004373
15,                            12,                       3,                       0.004033
15,                            12,                       3,                       0.003921
15,                            12,                       3,                       0.004215
15,                            12,                       3,                       0.004226
15,                            12,                       3,                       0.004034
15,                            12,                       3,                       0.004625
15,                            12,                       3,                       0.004435
15,                            12,                       3,                       0.004024
15,                            12,                       3,                       0.004107
15,                            12,                       3,                       0.004054
15,                            12,                       3,                       0.004048
15,                            12,                       3,                       0.004013
15,                            12,                       3,                       0.004519
15,                            12,                       3,                       0.003899
15,                            12,                       3,                       0.004198
15,                            12,                       3,                       0.00406
15,                            12,                       3,                       0.004431
15,                            12,                       3,                       0.004479
15,                            12,                       3,                       0.004401
15,                            12,                       3,                       0.005092
15,                            12,                       3,                       0.005008
15,                            12,                       3,                       0.00403
15,                            12,                       3,                       0.004735
15,                            12,                       3,                       0.004068
15,                            12,                       3,                       0.004013
15,                            12,                       3,                       0.004657
15,                            12,                       3,                       0.004283
15,                            12,                       3,                       0.004396
15,                            12,                       3,                       0.004032
15,                            12,                       3,                       0.004211
15,                            12,                       3,                       0.004782
15,                            12,                       3,                       0.004071
15,                            12,                       3,                       0.004272
15,                            12,                       3,                       0.004219
15,                            12,                       3,                       0.004545
15,                            12,                       3,                       0.004061
15,                            12,                       3,                       0.003919
15,                            12,                       3,                       0.004347
15,                            12,                       3,                       0.004519
15,                            12,                       3,                       0.003945
15,                            12,                       3,                       0.004772
15,                            12,                       3,                       0.004581
15,                            12,                       3,                       0.004801
15,                            12,                       3,                       0.00407
15,                            12,                       3,                       0.004078
15,                            12,                       3,                       0.004052
15,                            12,                       3,                       0.004007
15,                            12,                       3,                       0.004034
15,                            12,                       3,                       0.004015
15,                            12,                       3,                       0.004288
15,                            12,                       3,                       0.004125
15,                            12,                       3,                       0.00411
15,                            12,                       3,                       0.004548
15,                            12,                       3,                       0.004176
15,                            12,                       3,                       0.004653
15,                            12,                       3,                       0.004121
15,                            12,                       3,                       0.004114
15,                            12,                       3,                       0.004218
15,                            12,                       3,                       0.004375
15,                            12,                       3,                       0.003971
15,                            12,                       3,                       0.004009
15,                            12,                       3,                       0.004
15,                            12,                       3,                       0.004056
15,                            12,                       3,                       0.004463
15,                            12,                       3,                       0.004505
15,                            12,                       3,                       0.004006
15,                            12,                       3,                       0.004104
15,                            12,                       3,                       0.004107
15,                            12,                       3,                       0.004002
15,                            12,                       3,                       0.004062
15,                            12,                       3,                       0.004106
15,                            12,                       3,                       0.003955
15,                            12,                       3,                       0.00402
15,                            12,                       3,                       0.004046
15,                            12,                       3,                       0.004123
15,                            12,                       3,                       0.004156
15,                            12,                       3,                       0.004089
15,                            12,                       3,                       0.00395
15,                            12,                       3,                       0.004205
15,                            12,                       3,                       0.00423
15,                            12,                       3,                       0.004773
15,                            12,                       3,                       0.004021
15,                            12,                       3,                       0.00403
15,                            12,                       3,                       0.004243
15,                            12,                       3,                       0.004418
15,                            12,                       3,                       0.003925
15,                            12,                       3,                       0.003986
15,                            12,                       3,                       0.004014
15,                            12,                       3,                       0.004295
15,                            12,                       3,                       0.00453
15,                            12,                       3,                       0.003982
15,                            12,                       3,                       0.004107
15,                            12,                       3,                       0.005218
15,                            12,                       3,                       0.00405
15,                            12,                       3,                       0.004084
15,                            12,                       3,                       0.00419
15,                            12,                       3,                       0.004035
15,                            12,                       3,                       0.004385
15,                            12,                       3,                       0.004296
15,                            12,                       3,                       0.004028
15,                            12,                       3,                       0.004638
15,                            12,                       3,                       0.004
15,                            12,                       3,                       0.004025
15,                            12,                       3,                       0.004025
15,                            12,                       3,                       0.004067
15,                            12,                       3,                       0.004349
15,                            12,                       3,                       0.004077
15,                            12,                       3,                       0.004703
15,                            12,                       3,                       0.004589
15,                            12,                       3,                       0.004353
15,                            12,                       3,                       0.004278
15,                            12,                       3,                       0.004133
15,                            12,                       3,                       0.004403
15,                            12,                       3,                       0.004023
15,                            12,                       3,                       0.00399
15,                            12,                       3,                       0.004325
15,                            12,                       3,                       0.004019
15,                            12,                       3,                       0.00475
15,                            12,                       3,                       0.004093
15,                            12,                       3,                       0.00405
15,                            12,                       3,                       0.00405
15,                            12,                       3,                       0.004532
15,                            12,                       3,                       0.004066
15,                            12,                       3,                       0.004287
15,                            12,                       3,                       0.00412
15,                            12,                       3,                       0.004037
15,                            12,                       3,                       0.004667
15,                            12,                       3,                       0.004116
15,                            12,                       3,                       0.004345
15,                            12,                       3,                       0.004055
15,                            12,                       3,                       0.004206
15,                            12,                       3,                       0.00405
15,                            12,                       3,                       0.00403
15,                            12,                       3,                       0.00418
15,                            12,                       3,                       0.004043
15,                            12,                       3,                       0.004004
15,                            12,                       3,                       0.004218
15,                            12,                       3,                       0.004024
15,                            12,                       3,                       0.00404
15,                            12,                       3,                       0.004046
15,                            12,                       3,                       0.004045
15,                            12,                       3,                       0.004647
15,                            12,                       3,                       0.004484
15,                            12,                       3,                       0.004095
15,                            12,                       3,                       0.004425
15,                            12,                       3,                       0.004377
15,                            12,                       3,                       0.004848
15,                            12,                       3,                       0.004154
15,                            12,                       3,                       0.004035
15,                            12,                       3,                       0.00429
15,                            12,                       3,                       0.004015
15,                            12,                       3,                       0.004681
15,                            12,                       3,                       0.003996
15,                            12,                       3,                       0.004452
15,                            12,                       3,                       0.003927
15,                            12,                       3,                       0.003881
15,                            12,                       3,                       0.004591
15,                            12,                       3,                       0.004007
15,                            12,                       3,                       0.003944
15,                            12,                       3,                       0.004197
15,                            12,                       3,                       0.005346
15,                            12,                       3,                       0.004019
15,                            12,                       3,                       0.004239
15,                            12,                       3,                       0.004018
15,                            12,                       3,                       0.004113
15,                            12,                       3,                       0.00395
15,                            12,                       3,                       0.004468
15,                            12,                       3,                       0.00442
15,                            12,                       3,                       0.00501
15,                            12,                       3,                       0.003966
15,                            12,                       3,                       0.003996
15,                            12,                       3,                       0.003991
15,                            12,                       3,                       0.003979
15,                            12,                       3,                       0.004303
15,                            12,                       3,                       0.004453
15,                            12,                       3,                       0.004059
15,                            12,                       3,                       0.004071
15,                            12,                       3,                       0.004059
15,                            12,                       3,                       0.00405
15,                            12,                       3,                       0.004031
15,                            12,                       3,                       0.004669
15,                            12,                       3,                       0.004343
15,                            12,                       3,                       0.004313
15,                            12,                       3,                       0.004
15,                            12,                       3,                       0.004333
15,                            12,                       3,                       0.004024
15,                            12,                       3,                       0.004475
15,                            12,                       3,                       0.004212
15,                            12,                       3,                       0.004046
15,                            12,                       3,                       0.004147
15,                            12,                       3,                       0.004064
15,                            12,                       3,                       0.004087
15,                            12,                       3,                       0.00444
15,                            12,                       3,                       0.00474
15,                            12,                       3,                       0.00474
15,                            12,                       3,                       0.004661
15,                            12,                       3,                       0.004628
15,                            12,                       3,                       0.003966
15,                            12,                       3,                       0.003962
15,                            12,                       3,                       0.004067
15,                            12,                       3,                       0.004009
15,                            12,                       3,                       0.003975
15,                            12,                       3,                       0.004625
15,                            12,                       3,                       0.003939
15,                            12,                       3,                       0.003944
15,                            12,                       3,                       0.004017
15,                            12,                       3,                       0.004217
15,                            12,                       3,                       0.004242
15,                            12,                       3,                       0.004133
15,                            12,                       3,                       0.005055
15,                            12,                       3,                       0.004742
15,                            12,                       3,                       0.004041
15,                            12,                       3,                       0.004013
15,                            12,                       3,                       0.004203
15,                            12,                       3,                       0.004178
15,                            12,                       3,                       0.004478
15,                            12,                       3,                       0.004248
15,                            12,                       3,                       0.004442
15,                            12,                       3,                       0.004866
15,                            12,                       3,                       0.004534
15,                            12,                       3,                       0.003984
15,                            12,                       3,                       0.004146
15,                            12,                       3,                       0.004185
15,                            12,                       3,                       0.003996
15,                            12,                       3,                       0.004089
15,                            12,                       3,                       0.00407
15,                            12,                       3,                       0.004049
15,                            12,                       3,                       0.004952
15,                            12,                       3,                       0.004301
15,                            12,                       3,                       0.004826
15,                            12,                       3,                       0.004647
