COMMENT : The search result by Hill-Climbing for Cauchy_Good Fri Jan 26 15:13:16 2018

tech : Cauchy_Good
algorithm : Hill-Climbing
k : 3
m : 2
w : 8
failed_disk_id : 0
conventional_symbol_number    optimized_symbol_number    reduced_symbol_number    time
24,                            17,                       7,                       0.016353
24,                            17,                       7,                       0.016252
24,                            17,                       7,                       0.016148
24,                            17,                       7,                       0.016594
24,                            17,                       7,                       0.016922
24,                            17,                       7,                       0.017315
24,                            17,                       7,                       0.015944
24,                            17,                       7,                       0.016039
24,                            17,                       7,                       0.016725
24,                            17,                       7,                       0.01642
24,                            17,                       7,                       0.016262
24,                            17,                       7,                       0.016007
24,                            17,                       7,                       0.015954
24,                            17,                       7,                       0.01653
24,                            17,                       7,                       0.016308
24,                            17,                       7,                       0.016516
24,                            17,                       7,                       0.016739
24,                            17,                       7,                       0.017364
24,                            17,                       7,                       0.017611
24,                            17,                       7,                       0.015853
24,                            17,                       7,                       0.015889
24,                            17,                       7,                       0.016062
24,                            17,                       7,                       0.016296
24,                            17,                       7,                       0.016426
24,                            17,                       7,                       0.017868
24,                            17,                       7,                       0.016076
24,                            17,                       7,                       0.016588
24,                            17,                       7,                       0.01618
24,                            17,                       7,                       0.015779
24,                            17,                       7,                       0.017066
24,                            17,                       7,                       0.016504
24,                            17,                       7,                       0.016014
24,                            17,                       7,                       0.015869
24,                            17,                       7,                       0.016157
24,                            17,                       7,                       0.016722
24,                            17,                       7,                       0.016066
24,                            17,                       7,                       0.016837
24,                            17,                       7,                       0.015734
24,                            17,                       7,                       0.017312
24,                            17,                       7,                       0.016532
24,                            17,                       7,                       0.019523
24,                            17,                       7,                       0.016365
24,                            17,                       7,                       0.016244
24,                            17,                       7,                       0.017273
24,                            17,                       7,                       0.020374
24,                            17,                       7,                       0.016169
24,                            17,                       7,                       0.016814
24,                            17,                       7,                       0.016312
24,                            17,                       7,                       0.015997
24,                            17,                       7,                       0.017242
24,                            17,                       7,                       0.016272
24,                            17,                       7,                       0.017423
24,                            17,                       7,                       0.017946
24,                            17,                       7,                       0.016392
24,                            17,                       7,                       0.016791
24,                            17,                       7,                       0.017113
24,                            17,                       7,                       0.016893
24,                            17,                       7,                       0.015886
24,                            17,                       7,                       0.016529
24,                            17,                       7,                       0.015662
24,                            17,                       7,                       0.016901
24,                            17,                       7,                       0.016256
24,                            17,                       7,                       0.016208
24,                            17,                       7,                       0.016126
24,                            17,                       7,                       0.016839
24,                            17,                       7,                       0.017255
24,                            17,                       7,                       0.016182
24,                            17,                       7,                       0.015903
24,                            17,                       7,                       0.015845
24,                            17,                       7,                       0.016672
24,                            17,                       7,                       0.016097
24,                            17,                       7,                       0.015791
24,                            17,                       7,                       0.016429
24,                            17,                       7,                       0.015939
24,                            17,                       7,                       0.016447
24,                            17,                       7,                       0.01637
24,                            17,                       7,                       0.016146
24,                            17,                       7,                       0.015958
24,                            17,                       7,                       0.0165
24,                            17,                       7,                       0.016714
24,                            17,                       7,                       0.016507
24,                            17,                       7,                       0.015907
24,                            17,                       7,                       0.01709
24,                            17,                       7,                       0.016663
24,                            17,                       7,                       0.01659
24,                            17,                       7,                       0.017139
24,                            17,                       7,                       0.016999
24,                            17,                       7,                       0.018261
24,                            17,                       7,                       0.017042
24,                            17,                       7,                       0.016592
24,                            17,                       7,                       0.016472
24,                            17,                       7,                       0.016304
24,                            17,                       7,                       0.016273
24,                            17,                       7,                       0.017146
24,                            17,                       7,                       0.016341
24,                            17,                       7,                       0.016226
24,                            17,                       7,                       0.01672
24,                            17,                       7,                       0.016435
24,                            17,                       7,                       0.016658
24,                            17,                       7,                       0.016493
24,                            17,                       7,                       0.016437
24,                            17,                       7,                       0.016173
24,                            17,                       7,                       0.016688
24,                            17,                       7,                       0.016642
24,                            17,                       7,                       0.016851
24,                            17,                       7,                       0.017092
24,                            17,                       7,                       0.016728
24,                            17,                       7,                       0.016346
24,                            17,                       7,                       0.016321
24,                            17,                       7,                       0.016844
24,                            17,                       7,                       0.016284
24,                            17,                       7,                       0.018081
24,                            17,                       7,                       0.017459
24,                            17,                       7,                       0.017978
24,                            17,                       7,                       0.016686
24,                            17,                       7,                       0.017139
24,                            17,                       7,                       0.016491
24,                            17,                       7,                       0.016956
24,                            17,                       7,                       0.016663
24,                            17,                       7,                       0.017007
24,                            17,                       7,                       0.016184
24,                            17,                       7,                       0.016485
24,                            17,                       7,                       0.017234
24,                            17,                       7,                       0.016417
24,                            17,                       7,                       0.016712
24,                            17,                       7,                       0.016362
24,                            17,                       7,                       0.016469
24,                            17,                       7,                       0.016694
24,                            17,                       7,                       0.017383
24,                            17,                       7,                       0.016131
24,                            17,                       7,                       0.017138
24,                            17,                       7,                       0.016488
24,                            17,                       7,                       0.017918
24,                            17,                       7,                       0.017754
24,                            17,                       7,                       0.016549
24,                            17,                       7,                       0.016644
24,                            17,                       7,                       0.016287
24,                            17,                       7,                       0.015942
24,                            17,                       7,                       0.016119
24,                            17,                       7,                       0.016064
24,                            17,                       7,                       0.016437
24,                            17,                       7,                       0.016109
24,                            17,                       7,                       0.016359
24,                            17,                       7,                       0.016116
24,                            17,                       7,                       0.016835
24,                            17,                       7,                       0.016568
24,                            17,                       7,                       0.016721
24,                            17,                       7,                       0.016659
24,                            17,                       7,                       0.01616
24,                            17,                       7,                       0.016418
24,                            17,                       7,                       0.016757
24,                            17,                       7,                       0.016167
24,                            17,                       7,                       0.016035
24,                            17,                       7,                       0.01678
24,                            17,                       7,                       0.017276
24,                            17,                       7,                       0.01621
24,                            17,                       7,                       0.016454
24,                            17,                       7,                       0.017406
24,                            17,                       7,                       0.016385
24,                            17,                       7,                       0.016218
24,                            17,                       7,                       0.016031
24,                            17,                       7,                       0.016611
24,                            17,                       7,                       0.016119
24,                            17,                       7,                       0.016281
24,                            17,                       7,                       0.016445
24,                            17,                       7,                       0.016268
24,                            17,                       7,                       0.016452
24,                            17,                       7,                       0.016437
24,                            17,                       7,                       0.016541
24,                            17,                       7,                       0.016037
24,                            17,                       7,                       0.016614
24,                            17,                       7,                       0.016485
24,                            17,                       7,                       0.016807
24,                            17,                       7,                       0.017655
24,                            17,                       7,                       0.016848
24,                            17,                       7,                       0.016544
24,                            17,                       7,                       0.01662
24,                            17,                       7,                       0.016408
24,                            17,                       7,                       0.016292
24,                            17,                       7,                       0.017604
24,                            17,                       7,                       0.016765
24,                            17,                       7,                       0.017096
24,                            17,                       7,                       0.017218
24,                            17,                       7,                       0.01624
24,                            17,                       7,                       0.017233
24,                            17,                       7,                       0.016455
24,                            17,                       7,                       0.016853
24,                            17,                       7,                       0.016545
24,                            17,                       7,                       0.016983
24,                            17,                       7,                       0.019146
24,                            17,                       7,                       0.015918
24,                            17,                       7,                       0.016034
24,                            17,                       7,                       0.018069
24,                            17,                       7,                       0.016099
24,                            17,                       7,                       0.016625
24,                            17,                       7,                       0.016883
24,                            17,                       7,                       0.016432
24,                            17,                       7,                       0.01663
24,                            17,                       7,                       0.01727
24,                            17,                       7,                       0.01682
24,                            17,                       7,                       0.016967
24,                            17,                       7,                       0.016289
24,                            17,                       7,                       0.016482
24,                            17,                       7,                       0.016216
24,                            17,                       7,                       0.016474
24,                            17,                       7,                       0.016438
24,                            17,                       7,                       0.016805
24,                            17,                       7,                       0.016333
24,                            17,                       7,                       0.016161
24,                            17,                       7,                       0.016857
24,                            17,                       7,                       0.015989
24,                            17,                       7,                       0.016463
24,                            17,                       7,                       0.015965
24,                            17,                       7,                       0.015824
24,                            17,                       7,                       0.016642
24,                            17,                       7,                       0.016793
24,                            17,                       7,                       0.016526
24,                            17,                       7,                       0.018138
24,                            17,                       7,                       0.018121
24,                            17,                       7,                       0.016279
24,                            17,                       7,                       0.017825
24,                            17,                       7,                       0.016252
24,                            17,                       7,                       0.01723
24,                            17,                       7,                       0.016616
24,                            17,                       7,                       0.018525
24,                            17,                       7,                       0.016511
24,                            17,                       7,                       0.016791
24,                            17,                       7,                       0.01728
24,                            17,                       7,                       0.01639
24,                            17,                       7,                       0.01682
24,                            17,                       7,                       0.016631
24,                            17,                       7,                       0.016771
24,                            17,                       7,                       0.016294
24,                            17,                       7,                       0.016358
24,                            17,                       7,                       0.016681
24,                            17,                       7,                       0.017153
24,                            17,                       7,                       0.016934
24,                            17,                       7,                       0.017489
24,                            17,                       7,                       0.016643
24,                            17,                       7,                       0.016512
24,                            17,                       7,                       0.016719
24,                            17,                       7,                       0.016765
24,                            17,                       7,                       0.016507
24,                            17,                       7,                       0.01677
24,                            17,                       7,                       0.016762
24,                            17,                       7,                       0.017587
24,                            17,                       7,                       0.017583
24,                            17,                       7,                       0.016693
24,                            17,                       7,                       0.016269
24,                            17,                       7,                       0.016889
24,                            17,                       7,                       0.016542
24,                            17,                       7,                       0.016706
24,                            17,                       7,                       0.017105
24,                            17,                       7,                       0.016439
24,                            17,                       7,                       0.016686
24,                            17,                       7,                       0.019257
24,                            17,                       7,                       0.01646
24,                            17,                       7,                       0.016329
24,                            17,                       7,                       0.017189
24,                            17,                       7,                       0.017277
24,                            17,                       7,                       0.017381
24,                            17,                       7,                       0.017233
24,                            17,                       7,                       0.017164
24,                            17,                       7,                       0.016441
24,                            17,                       7,                       0.016452
24,                            17,                       7,                       0.015858
24,                            17,                       7,                       0.016022
24,                            17,                       7,                       0.016595
24,                            17,                       7,                       0.018002
24,                            17,                       7,                       0.016428
24,                            17,                       7,                       0.016636
24,                            17,                       7,                       0.016657
24,                            17,                       7,                       0.016736
24,                            17,                       7,                       0.017877
24,                            17,                       7,                       0.017909
24,                            17,                       7,                       0.016214
24,                            17,                       7,                       0.016856
24,                            17,                       7,                       0.01619
24,                            17,                       7,                       0.017352
24,                            17,                       7,                       0.017065
24,                            17,                       7,                       0.017016
24,                            17,                       7,                       0.016536
24,                            17,                       7,                       0.017565
24,                            17,                       7,                       0.016302
24,                            17,                       7,                       0.016926
24,                            17,                       7,                       0.016687
24,                            17,                       7,                       0.01738
24,                            17,                       7,                       0.016199
24,                            17,                       7,                       0.017175
24,                            17,                       7,                       0.016664
24,                            17,                       7,                       0.016508
24,                            17,                       7,                       0.016854
24,                            17,                       7,                       0.016945
24,                            17,                       7,                       0.016202
24,                            17,                       7,                       0.018617
24,                            17,                       7,                       0.018647
24,                            17,                       7,                       0.016869
24,                            17,                       7,                       0.018381
24,                            17,                       7,                       0.018383
24,                            17,                       7,                       0.016691
