COMMENT : The search result by Hill-Climbing for Cauchy_Good Fri Jan 26 15:13:19 2018

tech : Cauchy_Good
algorithm : Hill-Climbing
k : 5
m : 4
w : 8
failed_disk_id : 0
conventional_symbol_number    optimized_symbol_number    reduced_symbol_number    time
40,                            30,                       10,                       0.47345
40,                            30,                       10,                       0.486617
40,                            30,                       10,                       0.474194
40,                            30,                       10,                       0.478754
40,                            30,                       10,                       0.474978
40,                            30,                       10,                       0.481838
40,                            30,                       10,                       0.490608
40,                            30,                       10,                       0.474828
40,                            30,                       10,                       0.509273
40,                            30,                       10,                       0.499021
40,                            30,                       10,                       0.49633
40,                            30,                       10,                       0.467893
40,                            30,                       10,                       0.479697
40,                            30,                       10,                       0.519153
40,                            30,                       10,                       0.500953
40,                            30,                       10,                       0.508049
40,                            30,                       10,                       0.494593
40,                            30,                       10,                       0.503392
40,                            30,                       10,                       0.505995
40,                            30,                       10,                       0.474972
40,                            30,                       10,                       0.469731
40,                            30,                       10,                       0.473095
40,                            30,                       10,                       0.477312
40,                            30,                       10,                       0.470298
40,                            30,                       10,                       0.479254
40,                            30,                       10,                       0.482147
40,                            30,                       10,                       0.47498
40,                            30,                       10,                       0.486446
40,                            30,                       10,                       0.468001
40,                            30,                       10,                       0.48021
40,                            30,                       10,                       0.471512
40,                            30,                       10,                       0.474289
40,                            30,                       10,                       0.469809
40,                            30,                       10,                       0.474101
40,                            30,                       10,                       0.484965
40,                            30,                       10,                       0.492421
40,                            30,                       10,                       0.506673
40,                            30,                       10,                       0.487631
40,                            30,                       10,                       0.497309
40,                            30,                       10,                       0.493818
40,                            30,                       10,                       0.47666
40,                            30,                       10,                       0.486082
40,                            30,                       10,                       0.480118
40,                            30,                       10,                       0.513591
40,                            30,                       10,                       0.480401
40,                            30,                       10,                       0.485865
40,                            30,                       10,                       0.485631
40,                            30,                       10,                       0.492296
40,                            30,                       10,                       0.486598
40,                            30,                       10,                       0.560032
40,                            30,                       10,                       0.481875
40,                            30,                       10,                       0.496058
40,                            30,                       10,                       0.491865
40,                            30,                       10,                       0.507113
40,                            30,                       10,                       0.492087
40,                            30,                       10,                       0.503548
40,                            30,                       10,                       0.485671
40,                            30,                       10,                       0.502096
40,                            30,                       10,                       0.490348
40,                            30,                       10,                       0.53475
40,                            30,                       10,                       0.505776
40,                            30,                       10,                       0.503968
40,                            30,                       10,                       0.493042
40,                            30,                       10,                       0.504861
40,                            30,                       10,                       0.489283
40,                            30,                       10,                       0.479221
40,                            30,                       10,                       0.480831
40,                            30,                       10,                       0.481086
40,                            30,                       10,                       0.484945
40,                            30,                       10,                       0.48074
40,                            30,                       10,                       0.481122
40,                            30,                       10,                       0.489877
40,                            30,                       10,                       0.477311
40,                            30,                       10,                       0.477804
40,                            30,                       10,                       0.486411
40,                            30,                       10,                       0.484059
40,                            30,                       10,                       0.477946
40,                            30,                       10,                       0.485948
40,                            30,                       10,                       0.484122
40,                            30,                       10,                       0.481167
40,                            30,                       10,                       0.500946
40,                            30,                       10,                       0.49238
40,                            30,                       10,                       0.515198
40,                            30,                       10,                       0.49817
40,                            30,                       10,                       0.501109
40,                            30,                       10,                       0.489077
40,                            30,                       10,                       0.52283
40,                            30,                       10,                       0.496656
40,                            30,                       10,                       0.495527
40,                            30,                       10,                       0.485085
40,                            30,                       10,                       0.485079
40,                            30,                       10,                       0.486588
40,                            30,                       10,                       0.494327
40,                            30,                       10,                       0.493465
40,                            30,                       10,                       0.484917
40,                            30,                       10,                       0.485769
40,                            30,                       10,                       0.48355
40,                            30,                       10,                       0.485609
40,                            30,                       10,                       0.492828
40,                            30,                       10,                       0.483622
40,                            30,                       10,                       0.487628
40,                            30,                       10,                       0.49171
40,                            30,                       10,                       0.489953
40,                            30,                       10,                       0.492552
40,                            30,                       10,                       0.501638
40,                            30,                       10,                       0.490925
40,                            30,                       10,                       0.486123
40,                            30,                       10,                       0.508413
40,                            30,                       10,                       0.496626
40,                            30,                       10,                       0.488841
40,                            30,                       10,                       0.490841
40,                            30,                       10,                       0.488194
40,                            30,                       10,                       0.511062
40,                            30,                       10,                       0.493371
40,                            30,                       10,                       0.491226
40,                            30,                       10,                       0.489802
40,                            30,                       10,                       0.499683
40,                            30,                       10,                       0.494264
40,                            30,                       10,                       0.48758
40,                            30,                       10,                       0.488421
40,                            30,                       10,                       0.487235
40,                            30,                       10,                       0.488556
40,                            30,                       10,                       0.485599
40,                            30,                       10,                       0.483129
40,                            30,                       10,                       0.490985
40,                            30,                       10,                       0.498812
40,                            30,                       10,                       0.491242
40,                            30,                       10,                       0.495554
40,                            30,                       10,                       0.495467
40,                            30,                       10,                       0.496746
40,                            30,                       10,                       0.495242
40,                            30,                       10,                       0.489607
40,                            30,                       10,                       0.491128
40,                            30,                       10,                       0.493097
40,                            30,                       10,                       0.486286
40,                            30,                       10,                       0.484663
40,                            30,                       10,                       0.490974
40,                            30,                       10,                       0.492471
40,                            30,                       10,                       0.488676
40,                            30,                       10,                       0.813075
40,                            30,                       10,                       0.484642
40,                            30,                       10,                       0.485502
40,                            30,                       10,                       0.488584
40,                            30,                       10,                       0.505762
40,                            30,                       10,                       0.488743
40,                            30,                       10,                       0.48822
40,                            30,                       10,                       0.484987
40,                            30,                       10,                       0.486654
40,                            30,                       10,                       0.484158
40,                            30,                       10,                       0.483325
40,                            30,                       10,                       0.487567
40,                            30,                       10,                       0.485925
40,                            30,                       10,                       0.485187
40,                            30,                       10,                       0.498916
40,                            30,                       10,                       0.491867
40,                            30,                       10,                       0.486726
40,                            30,                       10,                       0.485828
40,                            30,                       10,                       0.485245
40,                            30,                       10,                       0.50484
40,                            30,                       10,                       0.487257
40,                            30,                       10,                       0.488947
40,                            30,                       10,                       0.487821
40,                            30,                       10,                       0.491401
40,                            30,                       10,                       0.485717
40,                            30,                       10,                       0.488498
40,                            30,                       10,                       0.493449
40,                            30,                       10,                       0.487919
40,                            30,                       10,                       0.489186
40,                            30,                       10,                       0.487379
40,                            30,                       10,                       0.486589
40,                            30,                       10,                       0.488871
40,                            30,                       10,                       0.487973
40,                            30,                       10,                       0.485955
40,                            30,                       10,                       0.495757
40,                            30,                       10,                       0.502238
40,                            30,                       10,                       0.488165
40,                            30,                       10,                       0.506485
40,                            30,                       10,                       0.498402
40,                            30,                       10,                       0.490889
40,                            30,                       10,                       0.490812
40,                            30,                       10,                       0.492111
40,                            30,                       10,                       0.487771
40,                            30,                       10,                       0.483545
40,                            30,                       10,                       0.482434
40,                            30,                       10,                       0.488869
40,                            30,                       10,                       0.484038
40,                            30,                       10,                       0.485708
40,                            30,                       10,                       0.485093
40,                            30,                       10,                       0.503982
40,                            30,                       10,                       0.496548
40,                            30,                       10,                       0.487502
40,                            30,                       10,                       0.483306
40,                            30,                       10,                       0.488593
40,                            30,                       10,                       0.502248
40,                            30,                       10,                       0.48608
40,                            30,                       10,                       0.491432
40,                            30,                       10,                       0.490116
40,                            30,                       10,                       0.487995
40,                            30,                       10,                       0.486159
40,                            30,                       10,                       0.484389
40,                            30,                       10,                       0.487431
40,                            30,                       10,                       0.487958
40,                            30,                       10,                       0.488402
40,                            30,                       10,                       0.487663
40,                            30,                       10,                       0.499086
40,                            30,                       10,                       0.521495
40,                            30,                       10,                       0.489261
40,                            30,                       10,                       0.482133
40,                            30,                       10,                       0.537061
40,                            30,                       10,                       0.485363
40,                            30,                       10,                       0.49441
40,                            30,                       10,                       0.480709
40,                            30,                       10,                       0.520818
40,                            30,                       10,                       0.488118
40,                            30,                       10,                       0.502747
40,                            30,                       10,                       0.499911
40,                            30,                       10,                       0.49081
40,                            30,                       10,                       0.503676
40,                            30,                       10,                       0.500501
40,                            30,                       10,                       0.514431
40,                            30,                       10,                       0.489096
40,                            30,                       10,                       0.490027
40,                            30,                       10,                       0.486688
40,                            30,                       10,                       0.485935
40,                            30,                       10,                       0.484966
40,                            30,                       10,                       0.487076
40,                            30,                       10,                       0.488375
40,                            30,                       10,                       0.4807
40,                            30,                       10,                       0.494527
40,                            30,                       10,                       0.499619
40,                            30,                       10,                       0.486763
40,                            30,                       10,                       0.488277
40,                            30,                       10,                       0.484756
40,                            30,                       10,                       0.489152
40,                            30,                       10,                       0.489554
40,                            30,                       10,                       0.495804
40,                            30,                       10,                       0.487025
40,                            30,                       10,                       0.497498
40,                            30,                       10,                       0.496787
40,                            30,                       10,                       0.493011
40,                            30,                       10,                       0.484903
40,                            30,                       10,                       0.488843
40,                            30,                       10,                       0.499065
40,                            30,                       10,                       0.492049
40,                            30,                       10,                       0.485801
40,                            30,                       10,                       0.485933
40,                            30,                       10,                       0.486749
40,                            30,                       10,                       0.492158
40,                            30,                       10,                       0.492113
40,                            30,                       10,                       0.492055
40,                            30,                       10,                       0.491093
40,                            30,                       10,                       0.483734
40,                            30,                       10,                       0.501674
40,                            30,                       10,                       0.488747
40,                            30,                       10,                       0.497584
40,                            30,                       10,                       0.510591
40,                            30,                       10,                       0.48539
40,                            30,                       10,                       0.488721
40,                            30,                       10,                       0.521934
40,                            30,                       10,                       0.501281
40,                            30,                       10,                       0.49266
40,                            30,                       10,                       0.49555
40,                            30,                       10,                       0.50792
40,                            30,                       10,                       0.490118
40,                            30,                       10,                       0.492888
40,                            30,                       10,                       0.488694
40,                            30,                       10,                       0.480772
40,                            30,                       10,                       0.48281
40,                            30,                       10,                       0.49101
40,                            30,                       10,                       0.495144
40,                            30,                       10,                       0.493953
40,                            30,                       10,                       0.485787
40,                            30,                       10,                       0.507774
40,                            30,                       10,                       0.492485
40,                            30,                       10,                       0.506919
40,                            30,                       10,                       0.489041
40,                            30,                       10,                       0.498375
40,                            30,                       10,                       0.498228
40,                            30,                       10,                       0.505428
40,                            30,                       10,                       0.507026
40,                            30,                       10,                       0.496008
40,                            30,                       10,                       0.492329
40,                            30,                       10,                       0.489948
40,                            30,                       10,                       0.490439
40,                            30,                       10,                       0.489703
40,                            30,                       10,                       0.493258
40,                            30,                       10,                       0.491715
40,                            30,                       10,                       0.500288
40,                            30,                       10,                       0.505333
40,                            30,                       10,                       0.514942
40,                            30,                       10,                       0.498086
40,                            30,                       10,                       0.493683
40,                            30,                       10,                       0.491034
40,                            30,                       10,                       0.502855
40,                            30,                       10,                       0.494209
40,                            30,                       10,                       0.502935
40,                            30,                       10,                       0.505152
40,                            30,                       10,                       0.523546
40,                            30,                       10,                       0.500658
40,                            30,                       10,                       0.512027
