COMMENT : The search result by Hill-Climbing for Cauchy_Good Fri Jan 26 15:13:24 2018

tech : Cauchy_Good
algorithm : Hill-Climbing
k : 6
m : 6
w : 5
failed_disk_id : 0
conventional_symbol_number    optimized_symbol_number    reduced_symbol_number    time
30,                            22,                       8,                       0.058996
30,                            22,                       8,                       0.056243
30,                            22,                       8,                       0.057002
30,                            22,                       8,                       0.058085
30,                            22,                       8,                       0.057365
30,                            22,                       8,                       0.056896
30,                            22,                       8,                       0.057599
30,                            22,                       8,                       0.060538
30,                            22,                       8,                       0.061669
30,                            22,                       8,                       0.059111
30,                            22,                       8,                       0.06246
30,                            22,                       8,                       0.057889
30,                            22,                       8,                       0.060188
30,                            22,                       8,                       0.060762
30,                            22,                       8,                       0.060956
30,                            22,                       8,                       0.060062
30,                            22,                       8,                       0.060391
30,                            22,                       8,                       0.059003
30,                            22,                       8,                       0.061337
30,                            22,                       8,                       0.058797
30,                            22,                       8,                       0.056017
30,                            22,                       8,                       0.05745
30,                            22,                       8,                       0.057312
30,                            22,                       8,                       0.057042
30,                            22,                       8,                       0.057417
30,                            22,                       8,                       0.056499
30,                            22,                       8,                       0.055926
30,                            22,                       8,                       0.057935
30,                            22,                       8,                       0.057543
30,                            22,                       8,                       0.05814
30,                            22,                       8,                       0.057112
30,                            22,                       8,                       0.056842
30,                            22,                       8,                       0.057898
30,                            22,                       8,                       0.056263
30,                            22,                       8,                       0.056524
30,                            22,                       8,                       0.058175
30,                            22,                       8,                       0.059364
30,                            22,                       8,                       0.062106
30,                            22,                       8,                       0.078176
30,                            22,                       8,                       0.068462
30,                            22,                       8,                       0.057617
30,                            22,                       8,                       0.060091
30,                            22,                       8,                       0.056005
30,                            22,                       8,                       0.058305
30,                            22,                       8,                       0.060781
30,                            22,                       8,                       0.058417
30,                            22,                       8,                       0.060171
30,                            22,                       8,                       0.060766
30,                            22,                       8,                       0.056909
30,                            22,                       8,                       0.057609
30,                            22,                       8,                       0.057618
30,                            22,                       8,                       0.058533
30,                            22,                       8,                       0.060703
30,                            22,                       8,                       0.060314
30,                            22,                       8,                       0.057597
30,                            22,                       8,                       0.057976
30,                            22,                       8,                       0.057406
30,                            22,                       8,                       0.057713
30,                            22,                       8,                       0.060417
30,                            22,                       8,                       0.058087
30,                            22,                       8,                       0.0606
30,                            22,                       8,                       0.059552
30,                            22,                       8,                       0.056994
30,                            22,                       8,                       0.058127
30,                            22,                       8,                       0.056114
30,                            22,                       8,                       0.062562
30,                            22,                       8,                       0.05877
30,                            22,                       8,                       0.058404
30,                            22,                       8,                       0.057777
30,                            22,                       8,                       0.057192
30,                            22,                       8,                       0.056686
30,                            22,                       8,                       0.057586
30,                            22,                       8,                       0.057938
30,                            22,                       8,                       0.056223
30,                            22,                       8,                       0.057488
30,                            22,                       8,                       0.056334
30,                            22,                       8,                       0.05593
30,                            22,                       8,                       0.057728
30,                            22,                       8,                       0.056586
30,                            22,                       8,                       0.057601
30,                            22,                       8,                       0.057349
30,                            22,                       8,                       0.062296
30,                            22,                       8,                       0.05773
30,                            22,                       8,                       0.060591
30,                            22,                       8,                       0.057887
30,                            22,                       8,                       0.060231
30,                            22,                       8,                       0.057062
30,                            22,                       8,                       0.060474
30,                            22,                       8,                       0.057728
30,                            22,                       8,                       0.067535
30,                            22,                       8,                       0.058435
30,                            22,                       8,                       0.058003
30,                            22,                       8,                       0.058551
30,                            22,                       8,                       0.05812
30,                            22,                       8,                       0.058366
30,                            22,                       8,                       0.059007
30,                            22,                       8,                       0.058902
30,                            22,                       8,                       0.057965
30,                            22,                       8,                       0.057994
30,                            22,                       8,                       0.058358
30,                            22,                       8,                       0.059368
30,                            22,                       8,                       0.057308
30,                            22,                       8,                       0.058755
30,                            22,                       8,                       0.058888
30,                            22,                       8,                       0.060227
30,                            22,                       8,                       0.058665
30,                            22,                       8,                       0.05861
30,                            22,                       8,                       0.060925
30,                            22,                       8,                       0.057935
30,                            22,                       8,                       0.059417
30,                            22,                       8,                       0.05865
30,                            22,                       8,                       0.05799
30,                            22,                       8,                       0.059925
30,                            22,                       8,                       0.057995
30,                            22,                       8,                       0.058191
30,                            22,                       8,                       0.058781
30,                            22,                       8,                       0.059659
30,                            22,                       8,                       0.058742
30,                            22,                       8,                       0.058059
30,                            22,                       8,                       0.058194
30,                            22,                       8,                       0.058367
30,                            22,                       8,                       0.059704
30,                            22,                       8,                       0.058355
30,                            22,                       8,                       0.058064
30,                            22,                       8,                       0.059345
30,                            22,                       8,                       0.057801
30,                            22,                       8,                       0.058398
30,                            22,                       8,                       0.05772
30,                            22,                       8,                       0.057012
30,                            22,                       8,                       0.05815
30,                            22,                       8,                       0.059944
30,                            22,                       8,                       0.059635
30,                            22,                       8,                       0.057994
30,                            22,                       8,                       0.05789
30,                            22,                       8,                       0.057857
30,                            22,                       8,                       0.057456
30,                            22,                       8,                       0.059512
30,                            22,                       8,                       0.057535
30,                            22,                       8,                       0.059309
30,                            22,                       8,                       0.057475
30,                            22,                       8,                       0.058141
30,                            22,                       8,                       0.05817
30,                            22,                       8,                       0.057583
30,                            22,                       8,                       0.058384
30,                            22,                       8,                       0.05906
30,                            22,                       8,                       0.058877
30,                            22,                       8,                       0.058497
30,                            22,                       8,                       0.059227
30,                            22,                       8,                       0.05772
30,                            22,                       8,                       0.058765
30,                            22,                       8,                       0.057463
30,                            22,                       8,                       0.058269
30,                            22,                       8,                       0.058489
30,                            22,                       8,                       0.059353
30,                            22,                       8,                       0.057521
30,                            22,                       8,                       0.057195
30,                            22,                       8,                       0.057654
30,                            22,                       8,                       0.058092
30,                            22,                       8,                       0.059673
30,                            22,                       8,                       0.059298
30,                            22,                       8,                       0.057475
30,                            22,                       8,                       0.058195
30,                            22,                       8,                       0.057191
30,                            22,                       8,                       0.058471
30,                            22,                       8,                       0.059848
30,                            22,                       8,                       0.059292
30,                            22,                       8,                       0.057119
30,                            22,                       8,                       0.058391
30,                            22,                       8,                       0.058448
30,                            22,                       8,                       0.058868
30,                            22,                       8,                       0.059295
30,                            22,                       8,                       0.058825
30,                            22,                       8,                       0.057226
30,                            22,                       8,                       0.059638
30,                            22,                       8,                       0.059766
30,                            22,                       8,                       0.057321
30,                            22,                       8,                       0.060377
30,                            22,                       8,                       0.058378
30,                            22,                       8,                       0.060315
30,                            22,                       8,                       0.057275
30,                            22,                       8,                       0.057795
30,                            22,                       8,                       0.060508
30,                            22,                       8,                       0.062475
30,                            22,                       8,                       0.058427
30,                            22,                       8,                       0.058531
30,                            22,                       8,                       0.058238
30,                            22,                       8,                       0.058759
30,                            22,                       8,                       0.058319
30,                            22,                       8,                       0.059085
30,                            22,                       8,                       0.06012
30,                            22,                       8,                       0.062499
30,                            22,                       8,                       0.062045
30,                            22,                       8,                       0.059908
30,                            22,                       8,                       0.061447
30,                            22,                       8,                       0.060198
30,                            22,                       8,                       0.058174
30,                            22,                       8,                       0.057057
30,                            22,                       8,                       0.058373
30,                            22,                       8,                       0.058643
30,                            22,                       8,                       0.059238
30,                            22,                       8,                       0.059877
30,                            22,                       8,                       0.057797
30,                            22,                       8,                       0.057239
30,                            22,                       8,                       0.05917
30,                            22,                       8,                       0.059594
30,                            22,                       8,                       0.060815
30,                            22,                       8,                       0.058977
30,                            22,                       8,                       0.058042
30,                            22,                       8,                       0.05794
30,                            22,                       8,                       0.058234
30,                            22,                       8,                       0.058519
30,                            22,                       8,                       0.059021
30,                            22,                       8,                       0.061049
30,                            22,                       8,                       0.058517
30,                            22,                       8,                       0.061991
30,                            22,                       8,                       0.058664
30,                            22,                       8,                       0.061577
30,                            22,                       8,                       0.059483
30,                            22,                       8,                       0.059801
30,                            22,                       8,                       0.057536
30,                            22,                       8,                       0.063876
30,                            22,                       8,                       0.059205
30,                            22,                       8,                       0.057065
30,                            22,                       8,                       0.058909
30,                            22,                       8,                       0.058627
30,                            22,                       8,                       0.059632
30,                            22,                       8,                       0.058667
30,                            22,                       8,                       0.057926
30,                            22,                       8,                       0.057475
30,                            22,                       8,                       0.062607
30,                            22,                       8,                       0.064348
30,                            22,                       8,                       0.05757
30,                            22,                       8,                       0.057282
30,                            22,                       8,                       0.05773
30,                            22,                       8,                       0.058157
30,                            22,                       8,                       0.05998
30,                            22,                       8,                       0.058665
30,                            22,                       8,                       0.065071
30,                            22,                       8,                       0.059218
30,                            22,                       8,                       0.062914
30,                            22,                       8,                       0.06315
30,                            22,                       8,                       0.059107
30,                            22,                       8,                       0.069296
30,                            22,                       8,                       0.057921
30,                            22,                       8,                       0.057901
30,                            22,                       8,                       0.059125
30,                            22,                       8,                       0.058082
30,                            22,                       8,                       0.059169
30,                            22,                       8,                       0.057788
30,                            22,                       8,                       0.059423
30,                            22,                       8,                       0.059785
30,                            22,                       8,                       0.059224
30,                            22,                       8,                       0.059044
30,                            22,                       8,                       0.060865
30,                            22,                       8,                       0.06237
30,                            22,                       8,                       0.073394
30,                            22,                       8,                       0.059722
30,                            22,                       8,                       0.05761
30,                            22,                       8,                       0.059647
30,                            22,                       8,                       0.058646
30,                            22,                       8,                       0.058847
30,                            22,                       8,                       0.058393
30,                            22,                       8,                       0.061165
30,                            22,                       8,                       0.058783
30,                            22,                       8,                       0.060275
30,                            22,                       8,                       0.058047
30,                            22,                       8,                       0.058448
30,                            22,                       8,                       0.057333
30,                            22,                       8,                       0.057706
30,                            22,                       8,                       0.057748
30,                            22,                       8,                       0.059069
30,                            22,                       8,                       0.057105
30,                            22,                       8,                       0.058259
30,                            22,                       8,                       0.063301
30,                            22,                       8,                       0.06342
30,                            22,                       8,                       0.058209
30,                            22,                       8,                       0.058609
30,                            22,                       8,                       0.0607
30,                            22,                       8,                       0.062047
30,                            22,                       8,                       0.056641
30,                            22,                       8,                       0.058083
30,                            22,                       8,                       0.058932
30,                            22,                       8,                       0.057971
30,                            22,                       8,                       0.058271
30,                            22,                       8,                       0.060549
30,                            22,                       8,                       0.05981
30,                            22,                       8,                       0.058638
30,                            22,                       8,                       0.060454
30,                            22,                       8,                       0.05895
30,                            22,                       8,                       0.059448
30,                            22,                       8,                       0.059937
30,                            22,                       8,                       0.063731
30,                            22,                       8,                       0.061118
30,                            22,                       8,                       0.061696
30,                            22,                       8,                       0.059185
30,                            22,                       8,                       0.06148
30,                            22,                       8,                       0.063999
30,                            22,                       8,                       0.06307
30,                            22,                       8,                       0.062074
30,                            22,                       8,                       0.060011
