COMMENT : The search result by Hill-Climbing for Cauchy_Good Fri Jan 26 15:13:21 2018

tech : Cauchy_Good
algorithm : Hill-Climbing
k : 6
m : 4
w : 5
failed_disk_id : 0
conventional_symbol_number    optimized_symbol_number    reduced_symbol_number    time
30,                            22,                       8,                       0.014021
30,                            22,                       8,                       0.013067
30,                            22,                       8,                       0.012956
30,                            22,                       8,                       0.012973
30,                            22,                       8,                       0.013274
30,                            22,                       8,                       0.015209
30,                            22,                       8,                       0.012906
30,                            22,                       8,                       0.01344
30,                            22,                       8,                       0.01456
30,                            22,                       8,                       0.01296
30,                            22,                       8,                       0.013213
30,                            22,                       8,                       0.015787
30,                            22,                       8,                       0.013869
30,                            22,                       8,                       0.013619
30,                            22,                       8,                       0.013533
30,                            22,                       8,                       0.013954
30,                            22,                       8,                       0.014186
30,                            22,                       8,                       0.0135
30,                            22,                       8,                       0.014133
30,                            22,                       8,                       0.013461
30,                            22,                       8,                       0.01299
30,                            22,                       8,                       0.012991
30,                            22,                       8,                       0.013454
30,                            22,                       8,                       0.013479
30,                            22,                       8,                       0.013254
30,                            22,                       8,                       0.013367
30,                            22,                       8,                       0.012661
30,                            22,                       8,                       0.01379
30,                            22,                       8,                       0.013133
30,                            22,                       8,                       0.012998
30,                            22,                       8,                       0.012848
30,                            22,                       8,                       0.013871
30,                            22,                       8,                       0.013531
30,                            22,                       8,                       0.012845
30,                            22,                       8,                       0.013127
30,                            22,                       8,                       0.013875
30,                            22,                       8,                       0.013641
30,                            22,                       8,                       0.012635
30,                            22,                       8,                       0.01288
30,                            22,                       8,                       0.013112
30,                            22,                       8,                       0.015716
30,                            22,                       8,                       0.019534
30,                            22,                       8,                       0.013319
30,                            22,                       8,                       0.015041
30,                            22,                       8,                       0.012925
30,                            22,                       8,                       0.013267
30,                            22,                       8,                       0.013992
30,                            22,                       8,                       0.015185
30,                            22,                       8,                       0.013071
30,                            22,                       8,                       0.019664
30,                            22,                       8,                       0.012927
30,                            22,                       8,                       0.013944
30,                            22,                       8,                       0.013355
30,                            22,                       8,                       0.013308
30,                            22,                       8,                       0.014261
30,                            22,                       8,                       0.013497
30,                            22,                       8,                       0.013703
30,                            22,                       8,                       0.013784
30,                            22,                       8,                       0.013325
30,                            22,                       8,                       0.014227
30,                            22,                       8,                       0.013167
30,                            22,                       8,                       0.01397
30,                            22,                       8,                       0.012996
30,                            22,                       8,                       0.012857
30,                            22,                       8,                       0.013743
30,                            22,                       8,                       0.013023
30,                            22,                       8,                       0.01378
30,                            22,                       8,                       0.013243
30,                            22,                       8,                       0.01369
30,                            22,                       8,                       0.013244
30,                            22,                       8,                       0.013446
30,                            22,                       8,                       0.014103
30,                            22,                       8,                       0.01351
30,                            22,                       8,                       0.014528
30,                            22,                       8,                       0.013085
30,                            22,                       8,                       0.013265
30,                            22,                       8,                       0.013793
30,                            22,                       8,                       0.013752
30,                            22,                       8,                       0.013767
30,                            22,                       8,                       0.014144
30,                            22,                       8,                       0.014378
30,                            22,                       8,                       0.013548
30,                            22,                       8,                       0.013632
30,                            22,                       8,                       0.012849
30,                            22,                       8,                       0.01457
30,                            22,                       8,                       0.012976
30,                            22,                       8,                       0.013651
30,                            22,                       8,                       0.013307
30,                            22,                       8,                       0.014107
30,                            22,                       8,                       0.013978
30,                            22,                       8,                       0.013292
30,                            22,                       8,                       0.013677
30,                            22,                       8,                       0.013967
30,                            22,                       8,                       0.013525
30,                            22,                       8,                       0.013176
30,                            22,                       8,                       0.01361
30,                            22,                       8,                       0.013004
30,                            22,                       8,                       0.014484
30,                            22,                       8,                       0.013788
30,                            22,                       8,                       0.013397
30,                            22,                       8,                       0.013825
30,                            22,                       8,                       0.014015
30,                            22,                       8,                       0.013237
30,                            22,                       8,                       0.014239
30,                            22,                       8,                       0.014121
30,                            22,                       8,                       0.013455
30,                            22,                       8,                       0.014161
30,                            22,                       8,                       0.013981
30,                            22,                       8,                       0.013935
30,                            22,                       8,                       0.014942
30,                            22,                       8,                       0.013809
30,                            22,                       8,                       0.013453
30,                            22,                       8,                       0.014424
30,                            22,                       8,                       0.013432
30,                            22,                       8,                       0.013237
30,                            22,                       8,                       0.014867
30,                            22,                       8,                       0.012892
30,                            22,                       8,                       0.013816
30,                            22,                       8,                       0.014205
30,                            22,                       8,                       0.014672
30,                            22,                       8,                       0.013578
30,                            22,                       8,                       0.013681
30,                            22,                       8,                       0.013335
30,                            22,                       8,                       0.013359
30,                            22,                       8,                       0.013584
30,                            22,                       8,                       0.013785
30,                            22,                       8,                       0.013737
30,                            22,                       8,                       0.013124
30,                            22,                       8,                       0.014339
30,                            22,                       8,                       0.013362
30,                            22,                       8,                       0.014962
30,                            22,                       8,                       0.013544
30,                            22,                       8,                       0.013459
30,                            22,                       8,                       0.014305
30,                            22,                       8,                       0.013593
30,                            22,                       8,                       0.013586
30,                            22,                       8,                       0.012979
30,                            22,                       8,                       0.01376
30,                            22,                       8,                       0.013597
30,                            22,                       8,                       0.012812
30,                            22,                       8,                       0.013374
30,                            22,                       8,                       0.012947
30,                            22,                       8,                       0.013608
30,                            22,                       8,                       0.013238
30,                            22,                       8,                       0.013119
30,                            22,                       8,                       0.012952
30,                            22,                       8,                       0.013109
30,                            22,                       8,                       0.013322
30,                            22,                       8,                       0.013077
30,                            22,                       8,                       0.013442
30,                            22,                       8,                       0.014506
30,                            22,                       8,                       0.013682
30,                            22,                       8,                       0.01402
30,                            22,                       8,                       0.015637
30,                            22,                       8,                       0.014216
30,                            22,                       8,                       0.013101
30,                            22,                       8,                       0.013459
30,                            22,                       8,                       0.014077
30,                            22,                       8,                       0.014921
30,                            22,                       8,                       0.013768
30,                            22,                       8,                       0.013373
30,                            22,                       8,                       0.013308
30,                            22,                       8,                       0.013405
30,                            22,                       8,                       0.014013
30,                            22,                       8,                       0.013314
30,                            22,                       8,                       0.013619
30,                            22,                       8,                       0.013754
30,                            22,                       8,                       0.013168
30,                            22,                       8,                       0.013213
30,                            22,                       8,                       0.014188
30,                            22,                       8,                       0.013363
30,                            22,                       8,                       0.013713
30,                            22,                       8,                       0.012972
30,                            22,                       8,                       0.013661
30,                            22,                       8,                       0.013615
30,                            22,                       8,                       0.013181
30,                            22,                       8,                       0.013372
30,                            22,                       8,                       0.013674
30,                            22,                       8,                       0.020183
30,                            22,                       8,                       0.013004
30,                            22,                       8,                       0.013282
30,                            22,                       8,                       0.013115
30,                            22,                       8,                       0.013984
30,                            22,                       8,                       0.013115
30,                            22,                       8,                       0.01357
30,                            22,                       8,                       0.013632
30,                            22,                       8,                       0.013358
30,                            22,                       8,                       0.012901
30,                            22,                       8,                       0.013128
30,                            22,                       8,                       0.013235
30,                            22,                       8,                       0.014607
30,                            22,                       8,                       0.013018
30,                            22,                       8,                       0.013258
30,                            22,                       8,                       0.013993
30,                            22,                       8,                       0.013184
30,                            22,                       8,                       0.014098
30,                            22,                       8,                       0.014016
30,                            22,                       8,                       0.014109
30,                            22,                       8,                       0.013729
30,                            22,                       8,                       0.01338
30,                            22,                       8,                       0.013608
30,                            22,                       8,                       0.013428
30,                            22,                       8,                       0.013726
30,                            22,                       8,                       0.014078
30,                            22,                       8,                       0.014821
30,                            22,                       8,                       0.015025
30,                            22,                       8,                       0.014302
30,                            22,                       8,                       0.01391
30,                            22,                       8,                       0.013357
30,                            22,                       8,                       0.013263
30,                            22,                       8,                       0.013761
30,                            22,                       8,                       0.014762
30,                            22,                       8,                       0.014298
30,                            22,                       8,                       0.013493
30,                            22,                       8,                       0.013303
30,                            22,                       8,                       0.014747
30,                            22,                       8,                       0.013667
30,                            22,                       8,                       0.013819
30,                            22,                       8,                       0.013534
30,                            22,                       8,                       0.013023
30,                            22,                       8,                       0.013642
30,                            22,                       8,                       0.013739
30,                            22,                       8,                       0.012987
30,                            22,                       8,                       0.013287
30,                            22,                       8,                       0.013479
30,                            22,                       8,                       0.013901
30,                            22,                       8,                       0.013255
30,                            22,                       8,                       0.013331
30,                            22,                       8,                       0.013941
30,                            22,                       8,                       0.013193
30,                            22,                       8,                       0.013291
30,                            22,                       8,                       0.013452
30,                            22,                       8,                       0.012932
30,                            22,                       8,                       0.014552
30,                            22,                       8,                       0.013892
30,                            22,                       8,                       0.013826
30,                            22,                       8,                       0.013737
30,                            22,                       8,                       0.012733
30,                            22,                       8,                       0.013313
30,                            22,                       8,                       0.014027
30,                            22,                       8,                       0.012935
30,                            22,                       8,                       0.013413
30,                            22,                       8,                       0.013441
30,                            22,                       8,                       0.014034
30,                            22,                       8,                       0.01343
30,                            22,                       8,                       0.013389
30,                            22,                       8,                       0.013081
30,                            22,                       8,                       0.013713
30,                            22,                       8,                       0.013352
30,                            22,                       8,                       0.013364
30,                            22,                       8,                       0.013439
30,                            22,                       8,                       0.013687
30,                            22,                       8,                       0.013545
30,                            22,                       8,                       0.013108
30,                            22,                       8,                       0.013114
30,                            22,                       8,                       0.015334
30,                            22,                       8,                       0.013756
30,                            22,                       8,                       0.012783
30,                            22,                       8,                       0.013938
30,                            22,                       8,                       0.013355
30,                            22,                       8,                       0.013284
30,                            22,                       8,                       0.013229
30,                            22,                       8,                       0.013383
30,                            22,                       8,                       0.013266
30,                            22,                       8,                       0.013689
30,                            22,                       8,                       0.013675
30,                            22,                       8,                       0.01418
30,                            22,                       8,                       0.013289
30,                            22,                       8,                       0.013476
30,                            22,                       8,                       0.014483
30,                            22,                       8,                       0.013572
30,                            22,                       8,                       0.013414
30,                            22,                       8,                       0.013575
30,                            22,                       8,                       0.013288
30,                            22,                       8,                       0.013869
30,                            22,                       8,                       0.013557
30,                            22,                       8,                       0.013353
30,                            22,                       8,                       0.01375
30,                            22,                       8,                       0.014782
30,                            22,                       8,                       0.014265
30,                            22,                       8,                       0.013188
30,                            22,                       8,                       0.013632
30,                            22,                       8,                       0.013279
30,                            22,                       8,                       0.013155
30,                            22,                       8,                       0.013476
30,                            22,                       8,                       0.013471
30,                            22,                       8,                       0.014525
30,                            22,                       8,                       0.013461
30,                            22,                       8,                       0.013581
30,                            22,                       8,                       0.013557
30,                            22,                       8,                       0.013312
30,                            22,                       8,                       0.01337
30,                            22,                       8,                       0.013365
30,                            22,                       8,                       0.013667
30,                            22,                       8,                       0.014549
30,                            22,                       8,                       0.013163
30,                            22,                       8,                       0.01379
30,                            22,                       8,                       0.014077
30,                            22,                       8,                       0.014496
30,                            22,                       8,                       0.014002
