COMMENT : The search result by Hill-Climbing for Cauchy_Good Fri Jan 26 15:13:17 2018

tech : Cauchy_Good
algorithm : Hill-Climbing
k : 4
m : 4
w : 3
failed_disk_id : 0
conventional_symbol_number    optimized_symbol_number    reduced_symbol_number    time
12,                            9,                       3,                       0.000992
12,                            9,                       3,                       0.00088
12,                            9,                       3,                       0.000998
12,                            9,                       3,                       0.000911
12,                            9,                       3,                       0.001177
12,                            9,                       3,                       0.000963
12,                            9,                       3,                       0.000938
12,                            9,                       3,                       0.000914
12,                            9,                       3,                       0.001053
12,                            9,                       3,                       0.000949
12,                            9,                       3,                       0.000946
12,                            9,                       3,                       0.000951
12,                            9,                       3,                       0.000994
12,                            9,                       3,                       0.000943
12,                            9,                       3,                       0.000969
12,                            9,                       3,                       0.000887
12,                            9,                       3,                       0.000946
12,                            9,                       3,                       0.000943
12,                            9,                       3,                       0.000981
12,                            9,                       3,                       0.000976
12,                            9,                       3,                       0.000941
12,                            9,                       3,                       0.000935
12,                            9,                       3,                       0.000959
12,                            9,                       3,                       0.000918
12,                            9,                       3,                       0.000947
12,                            9,                       3,                       0.000938
12,                            9,                       3,                       0.001012
12,                            9,                       3,                       0.000882
12,                            9,                       3,                       0.000974
12,                            9,                       3,                       0.00094
12,                            9,                       3,                       0.001064
12,                            9,                       3,                       0.000933
12,                            9,                       3,                       0.000933
12,                            9,                       3,                       0.00096
12,                            9,                       3,                       0.000966
12,                            9,                       3,                       0.000984
12,                            9,                       3,                       0.000926
12,                            9,                       3,                       0.000961
12,                            9,                       3,                       0.001287
12,                            9,                       3,                       0.000942
12,                            9,                       3,                       0.001121
12,                            9,                       3,                       0.000954
12,                            9,                       3,                       0.000939
12,                            9,                       3,                       0.000977
12,                            9,                       3,                       0.001184
12,                            9,                       3,                       0.000963
12,                            9,                       3,                       0.000945
12,                            9,                       3,                       0.000959
12,                            9,                       3,                       0.001019
12,                            9,                       3,                       0.000956
12,                            9,                       3,                       0.000978
12,                            9,                       3,                       0.000942
12,                            9,                       3,                       0.00115
12,                            9,                       3,                       0.001015
12,                            9,                       3,                       0.000942
12,                            9,                       3,                       0.000934
12,                            9,                       3,                       0.000926
12,                            9,                       3,                       0.000949
12,                            9,                       3,                       0.001146
12,                            9,                       3,                       0.000982
12,                            9,                       3,                       0.001491
12,                            9,                       3,                       0.000949
12,                            9,                       3,                       0.001477
12,                            9,                       3,                       0.000933
12,                            9,                       3,                       0.000956
12,                            9,                       3,                       0.000956
12,                            9,                       3,                       0.000911
12,                            9,                       3,                       0.001072
12,                            9,                       3,                       0.000945
12,                            9,                       3,                       0.000942
12,                            9,                       3,                       0.001248
12,                            9,                       3,                       0.000919
12,                            9,                       3,                       0.000941
12,                            9,                       3,                       0.000919
12,                            9,                       3,                       0.000939
12,                            9,                       3,                       0.000991
12,                            9,                       3,                       0.000939
12,                            9,                       3,                       0.000957
12,                            9,                       3,                       0.00091
12,                            9,                       3,                       0.000934
12,                            9,                       3,                       0.000926
12,                            9,                       3,                       0.000947
12,                            9,                       3,                       0.001006
12,                            9,                       3,                       0.00097
12,                            9,                       3,                       0.000944
12,                            9,                       3,                       0.00134
12,                            9,                       3,                       0.000947
12,                            9,                       3,                       0.000931
12,                            9,                       3,                       0.001062
12,                            9,                       3,                       0.000938
12,                            9,                       3,                       0.001134
12,                            9,                       3,                       0.000938
12,                            9,                       3,                       0.000922
12,                            9,                       3,                       0.001002
12,                            9,                       3,                       0.000951
12,                            9,                       3,                       0.000932
12,                            9,                       3,                       0.000914
12,                            9,                       3,                       0.000944
12,                            9,                       3,                       0.000921
12,                            9,                       3,                       0.001256
12,                            9,                       3,                       0.000991
12,                            9,                       3,                       0.000942
12,                            9,                       3,                       0.000955
12,                            9,                       3,                       0.000949
12,                            9,                       3,                       0.000962
12,                            9,                       3,                       0.000939
12,                            9,                       3,                       0.000917
12,                            9,                       3,                       0.000945
12,                            9,                       3,                       0.000975
12,                            9,                       3,                       0.000948
12,                            9,                       3,                       0.000947
12,                            9,                       3,                       0.00095
12,                            9,                       3,                       0.001513
12,                            9,                       3,                       0.001068
12,                            9,                       3,                       0.000938
12,                            9,                       3,                       0.000895
12,                            9,                       3,                       0.000932
12,                            9,                       3,                       0.000933
12,                            9,                       3,                       0.001445
12,                            9,                       3,                       0.00097
12,                            9,                       3,                       0.000944
12,                            9,                       3,                       0.000973
12,                            9,                       3,                       0.000956
12,                            9,                       3,                       0.001013
12,                            9,                       3,                       0.000944
12,                            9,                       3,                       0.000993
12,                            9,                       3,                       0.000937
12,                            9,                       3,                       0.001031
12,                            9,                       3,                       0.001044
12,                            9,                       3,                       0.000986
12,                            9,                       3,                       0.001041
12,                            9,                       3,                       0.000939
12,                            9,                       3,                       0.001625
12,                            9,                       3,                       0.001153
12,                            9,                       3,                       0.000994
12,                            9,                       3,                       0.001145
12,                            9,                       3,                       0.000999
12,                            9,                       3,                       0.001199
12,                            9,                       3,                       0.000949
12,                            9,                       3,                       0.000976
12,                            9,                       3,                       0.001143
12,                            9,                       3,                       0.00123
12,                            9,                       3,                       0.000934
12,                            9,                       3,                       0.000914
12,                            9,                       3,                       0.000948
12,                            9,                       3,                       0.000933
12,                            9,                       3,                       0.00095
12,                            9,                       3,                       0.000918
12,                            9,                       3,                       0.000949
12,                            9,                       3,                       0.000949
12,                            9,                       3,                       0.000957
12,                            9,                       3,                       0.00094
12,                            9,                       3,                       0.000977
12,                            9,                       3,                       0.000965
12,                            9,                       3,                       0.000945
12,                            9,                       3,                       0.000997
12,                            9,                       3,                       0.000944
12,                            9,                       3,                       0.000976
12,                            9,                       3,                       0.001406
12,                            9,                       3,                       0.000992
12,                            9,                       3,                       0.000939
12,                            9,                       3,                       0.000937
12,                            9,                       3,                       0.000946
12,                            9,                       3,                       0.001027
12,                            9,                       3,                       0.001449
12,                            9,                       3,                       0.000974
12,                            9,                       3,                       0.000966
12,                            9,                       3,                       0.000965
12,                            9,                       3,                       0.000948
12,                            9,                       3,                       0.000958
12,                            9,                       3,                       0.000932
12,                            9,                       3,                       0.001217
12,                            9,                       3,                       0.000936
12,                            9,                       3,                       0.000957
12,                            9,                       3,                       0.000933
12,                            9,                       3,                       0.00093
12,                            9,                       3,                       0.000983
12,                            9,                       3,                       0.001102
12,                            9,                       3,                       0.001379
12,                            9,                       3,                       0.001729
12,                            9,                       3,                       0.000922
12,                            9,                       3,                       0.001009
12,                            9,                       3,                       0.000932
12,                            9,                       3,                       0.000963
12,                            9,                       3,                       0.001118
12,                            9,                       3,                       0.000949
12,                            9,                       3,                       0.001395
12,                            9,                       3,                       0.000959
12,                            9,                       3,                       0.000947
12,                            9,                       3,                       0.000953
12,                            9,                       3,                       0.000952
12,                            9,                       3,                       0.000956
12,                            9,                       3,                       0.001016
12,                            9,                       3,                       0.000899
12,                            9,                       3,                       0.000951
12,                            9,                       3,                       0.000951
12,                            9,                       3,                       0.001
12,                            9,                       3,                       0.001056
12,                            9,                       3,                       0.000964
12,                            9,                       3,                       0.000949
12,                            9,                       3,                       0.00105
12,                            9,                       3,                       0.000979
12,                            9,                       3,                       0.000963
12,                            9,                       3,                       0.000967
12,                            9,                       3,                       0.000936
12,                            9,                       3,                       0.000963
12,                            9,                       3,                       0.00091
12,                            9,                       3,                       0.00104
12,                            9,                       3,                       0.00101
12,                            9,                       3,                       0.000997
12,                            9,                       3,                       0.000904
12,                            9,                       3,                       0.000974
12,                            9,                       3,                       0.000949
12,                            9,                       3,                       0.001324
12,                            9,                       3,                       0.000967
12,                            9,                       3,                       0.001024
12,                            9,                       3,                       0.000938
12,                            9,                       3,                       0.001257
12,                            9,                       3,                       0.00094
12,                            9,                       3,                       0.000935
12,                            9,                       3,                       0.001116
12,                            9,                       3,                       0.001129
12,                            9,                       3,                       0.00098
12,                            9,                       3,                       0.001003
12,                            9,                       3,                       0.000945
12,                            9,                       3,                       0.000945
12,                            9,                       3,                       0.000967
12,                            9,                       3,                       0.000971
12,                            9,                       3,                       0.001036
12,                            9,                       3,                       0.000909
12,                            9,                       3,                       0.001025
12,                            9,                       3,                       0.001026
12,                            9,                       3,                       0.000947
12,                            9,                       3,                       0.001064
12,                            9,                       3,                       0.001077
12,                            9,                       3,                       0.000931
12,                            9,                       3,                       0.000955
12,                            9,                       3,                       0.000975
12,                            9,                       3,                       0.00095
12,                            9,                       3,                       0.001096
12,                            9,                       3,                       0.000934
12,                            9,                       3,                       0.00095
12,                            9,                       3,                       0.000966
12,                            9,                       3,                       0.000934
12,                            9,                       3,                       0.000957
12,                            9,                       3,                       0.000925
12,                            9,                       3,                       0.000978
12,                            9,                       3,                       0.001909
12,                            9,                       3,                       0.000911
12,                            9,                       3,                       0.000939
12,                            9,                       3,                       0.001124
12,                            9,                       3,                       0.00097
12,                            9,                       3,                       0.000942
12,                            9,                       3,                       0.000934
12,                            9,                       3,                       0.000948
12,                            9,                       3,                       0.000983
12,                            9,                       3,                       0.000929
12,                            9,                       3,                       0.000981
12,                            9,                       3,                       0.001234
12,                            9,                       3,                       0.000952
12,                            9,                       3,                       0.000944
12,                            9,                       3,                       0.000968
12,                            9,                       3,                       0.000969
12,                            9,                       3,                       0.001092
12,                            9,                       3,                       0.000942
12,                            9,                       3,                       0.001036
12,                            9,                       3,                       0.00395
12,                            9,                       3,                       0.000991
12,                            9,                       3,                       0.000931
12,                            9,                       3,                       0.00094
12,                            9,                       3,                       0.000934
12,                            9,                       3,                       0.000947
12,                            9,                       3,                       0.000937
12,                            9,                       3,                       0.000939
12,                            9,                       3,                       0.000973
12,                            9,                       3,                       0.000948
12,                            9,                       3,                       0.000957
12,                            9,                       3,                       0.000946
12,                            9,                       3,                       0.000946
12,                            9,                       3,                       0.000996
12,                            9,                       3,                       0.000964
12,                            9,                       3,                       0.000974
12,                            9,                       3,                       0.00093
12,                            9,                       3,                       0.000956
12,                            9,                       3,                       0.000942
12,                            9,                       3,                       0.001237
12,                            9,                       3,                       0.001024
12,                            9,                       3,                       0.000944
12,                            9,                       3,                       0.000945
12,                            9,                       3,                       0.000953
12,                            9,                       3,                       0.000942
12,                            9,                       3,                       0.000943
12,                            9,                       3,                       0.001053
12,                            9,                       3,                       0.000947
12,                            9,                       3,                       0.001003
12,                            9,                       3,                       0.000934
12,                            9,                       3,                       0.001042
12,                            9,                       3,                       0.001003
12,                            9,                       3,                       0.001062
12,                            9,                       3,                       0.001439
