COMMENT : The search result by Hill-Climbing for Cauchy_Good Fri Jan 26 15:13:16 2018

tech : Cauchy_Good
algorithm : Hill-Climbing
k : 4
m : 2
w : 8
failed_disk_id : 0
conventional_symbol_number    optimized_symbol_number    reduced_symbol_number    time
32,                            25,                       7,                       0.0174
32,                            25,                       7,                       0.017156
32,                            25,                       7,                       0.017412
32,                            25,                       7,                       0.017181
32,                            25,                       7,                       0.018587
32,                            25,                       7,                       0.018874
32,                            25,                       7,                       0.016855
32,                            25,                       7,                       0.017502
32,                            25,                       7,                       0.018231
32,                            25,                       7,                       0.017722
32,                            25,                       7,                       0.017548
32,                            25,                       7,                       0.017677
32,                            25,                       7,                       0.01803
32,                            25,                       7,                       0.018481
32,                            25,                       7,                       0.01789
32,                            25,                       7,                       0.018148
32,                            25,                       7,                       0.017672
32,                            25,                       7,                       0.01798
32,                            25,                       7,                       0.018355
32,                            25,                       7,                       0.017742
32,                            25,                       7,                       0.017522
32,                            25,                       7,                       0.017388
32,                            25,                       7,                       0.017494
32,                            25,                       7,                       0.017126
32,                            25,                       7,                       0.018067
32,                            25,                       7,                       0.017166
32,                            25,                       7,                       0.018114
32,                            25,                       7,                       0.017913
32,                            25,                       7,                       0.017447
32,                            25,                       7,                       0.017266
32,                            25,                       7,                       0.017664
32,                            25,                       7,                       0.018241
32,                            25,                       7,                       0.016988
32,                            25,                       7,                       0.019407
32,                            25,                       7,                       0.017957
32,                            25,                       7,                       0.017784
32,                            25,                       7,                       0.017292
32,                            25,                       7,                       0.018196
32,                            25,                       7,                       0.019161
32,                            25,                       7,                       0.017649
32,                            25,                       7,                       0.02204
32,                            25,                       7,                       0.01735
32,                            25,                       7,                       0.018222
32,                            25,                       7,                       0.017389
32,                            25,                       7,                       0.017481
32,                            25,                       7,                       0.018061
32,                            25,                       7,                       0.018837
32,                            25,                       7,                       0.017578
32,                            25,                       7,                       0.018222
32,                            25,                       7,                       0.022776
32,                            25,                       7,                       0.017563
32,                            25,                       7,                       0.01805
32,                            25,                       7,                       0.019594
32,                            25,                       7,                       0.017564
32,                            25,                       7,                       0.017168
32,                            25,                       7,                       0.018555
32,                            25,                       7,                       0.039146
32,                            25,                       7,                       0.017878
32,                            25,                       7,                       0.017868
32,                            25,                       7,                       0.020311
32,                            25,                       7,                       0.017621
32,                            25,                       7,                       0.018108
32,                            25,                       7,                       0.018509
32,                            25,                       7,                       0.018009
32,                            25,                       7,                       0.017707
32,                            25,                       7,                       0.01781
32,                            25,                       7,                       0.017312
32,                            25,                       7,                       0.017465
32,                            25,                       7,                       0.017862
32,                            25,                       7,                       0.017345
32,                            25,                       7,                       0.017919
32,                            25,                       7,                       0.017688
32,                            25,                       7,                       0.017095
32,                            25,                       7,                       0.017587
32,                            25,                       7,                       0.018328
32,                            25,                       7,                       0.017547
32,                            25,                       7,                       0.017857
32,                            25,                       7,                       0.018839
32,                            25,                       7,                       0.019251
32,                            25,                       7,                       0.017092
32,                            25,                       7,                       0.017779
32,                            25,                       7,                       0.018959
32,                            25,                       7,                       0.017786
32,                            25,                       7,                       0.018519
32,                            25,                       7,                       0.017296
32,                            25,                       7,                       0.018151
32,                            25,                       7,                       0.018016
32,                            25,                       7,                       0.0195
32,                            25,                       7,                       0.019087
32,                            25,                       7,                       0.018508
32,                            25,                       7,                       0.017873
32,                            25,                       7,                       0.017732
32,                            25,                       7,                       0.017769
32,                            25,                       7,                       0.018238
32,                            25,                       7,                       0.017929
32,                            25,                       7,                       0.018052
32,                            25,                       7,                       0.017781
32,                            25,                       7,                       0.017596
32,                            25,                       7,                       0.018006
32,                            25,                       7,                       0.018552
32,                            25,                       7,                       0.018152
32,                            25,                       7,                       0.018111
32,                            25,                       7,                       0.017684
32,                            25,                       7,                       0.017364
32,                            25,                       7,                       0.018121
32,                            25,                       7,                       0.01846
32,                            25,                       7,                       0.017511
32,                            25,                       7,                       0.018177
32,                            25,                       7,                       0.018448
32,                            25,                       7,                       0.019019
32,                            25,                       7,                       0.018838
32,                            25,                       7,                       0.017888
32,                            25,                       7,                       0.018127
32,                            25,                       7,                       0.019264
32,                            25,                       7,                       0.018017
32,                            25,                       7,                       0.018386
32,                            25,                       7,                       0.018441
32,                            25,                       7,                       0.018134
32,                            25,                       7,                       0.018231
32,                            25,                       7,                       0.017846
32,                            25,                       7,                       0.01815
32,                            25,                       7,                       0.019481
32,                            25,                       7,                       0.018178
32,                            25,                       7,                       0.018891
32,                            25,                       7,                       0.018494
32,                            25,                       7,                       0.017733
32,                            25,                       7,                       0.018293
32,                            25,                       7,                       0.017858
32,                            25,                       7,                       0.017491
32,                            25,                       7,                       0.018176
32,                            25,                       7,                       0.018017
32,                            25,                       7,                       0.018169
32,                            25,                       7,                       0.019056
32,                            25,                       7,                       0.017807
32,                            25,                       7,                       0.019976
32,                            25,                       7,                       0.018338
32,                            25,                       7,                       0.017452
32,                            25,                       7,                       0.017917
32,                            25,                       7,                       0.018065
32,                            25,                       7,                       0.018487
32,                            25,                       7,                       0.018399
32,                            25,                       7,                       0.018589
32,                            25,                       7,                       0.017425
32,                            25,                       7,                       0.01768
32,                            25,                       7,                       0.017746
32,                            25,                       7,                       0.018134
32,                            25,                       7,                       0.017484
32,                            25,                       7,                       0.017509
32,                            25,                       7,                       0.018096
32,                            25,                       7,                       0.018316
32,                            25,                       7,                       0.017867
32,                            25,                       7,                       0.018416
32,                            25,                       7,                       0.017573
32,                            25,                       7,                       0.01834
32,                            25,                       7,                       0.018096
32,                            25,                       7,                       0.017674
32,                            25,                       7,                       0.017795
32,                            25,                       7,                       0.017803
32,                            25,                       7,                       0.017163
32,                            25,                       7,                       0.0183
32,                            25,                       7,                       0.018111
32,                            25,                       7,                       0.017912
32,                            25,                       7,                       0.017508
32,                            25,                       7,                       0.017627
32,                            25,                       7,                       0.017904
32,                            25,                       7,                       0.018067
32,                            25,                       7,                       0.018784
32,                            25,                       7,                       0.017616
32,                            25,                       7,                       0.017932
32,                            25,                       7,                       0.017943
32,                            25,                       7,                       0.017962
32,                            25,                       7,                       0.020129
32,                            25,                       7,                       0.017978
32,                            25,                       7,                       0.01797
32,                            25,                       7,                       0.018034
32,                            25,                       7,                       0.019004
32,                            25,                       7,                       0.017843
32,                            25,                       7,                       0.017778
32,                            25,                       7,                       0.01835
32,                            25,                       7,                       0.017866
32,                            25,                       7,                       0.01866
32,                            25,                       7,                       0.017704
32,                            25,                       7,                       0.018179
32,                            25,                       7,                       0.01787
32,                            25,                       7,                       0.017685
32,                            25,                       7,                       0.018334
32,                            25,                       7,                       0.017755
32,                            25,                       7,                       0.018866
32,                            25,                       7,                       0.018033
32,                            25,                       7,                       0.018337
32,                            25,                       7,                       0.017638
32,                            25,                       7,                       0.018204
32,                            25,                       7,                       0.017689
32,                            25,                       7,                       0.018574
32,                            25,                       7,                       0.018262
32,                            25,                       7,                       0.019108
32,                            25,                       7,                       0.018779
32,                            25,                       7,                       0.018478
32,                            25,                       7,                       0.01773
32,                            25,                       7,                       0.018486
32,                            25,                       7,                       0.017848
32,                            25,                       7,                       0.018381
32,                            25,                       7,                       0.018401
32,                            25,                       7,                       0.017387
32,                            25,                       7,                       0.018754
32,                            25,                       7,                       0.021335
32,                            25,                       7,                       0.018121
32,                            25,                       7,                       0.017979
32,                            25,                       7,                       0.017488
32,                            25,                       7,                       0.018495
32,                            25,                       7,                       0.017787
32,                            25,                       7,                       0.018725
32,                            25,                       7,                       0.017993
32,                            25,                       7,                       0.019031
32,                            25,                       7,                       0.019052
32,                            25,                       7,                       0.017812
32,                            25,                       7,                       0.018311
32,                            25,                       7,                       0.017752
32,                            25,                       7,                       0.017268
32,                            25,                       7,                       0.018178
32,                            25,                       7,                       0.017841
32,                            25,                       7,                       0.018249
32,                            25,                       7,                       0.018078
32,                            25,                       7,                       0.017623
32,                            25,                       7,                       0.017935
32,                            25,                       7,                       0.01795
32,                            25,                       7,                       0.017996
32,                            25,                       7,                       0.017676
32,                            25,                       7,                       0.018069
32,                            25,                       7,                       0.020461
32,                            25,                       7,                       0.018899
32,                            25,                       7,                       0.018815
32,                            25,                       7,                       0.018676
32,                            25,                       7,                       0.018207
32,                            25,                       7,                       0.018731
32,                            25,                       7,                       0.017911
32,                            25,                       7,                       0.018867
32,                            25,                       7,                       0.019744
32,                            25,                       7,                       0.017821
32,                            25,                       7,                       0.017672
32,                            25,                       7,                       0.017507
32,                            25,                       7,                       0.018074
32,                            25,                       7,                       0.017859
32,                            25,                       7,                       0.017935
32,                            25,                       7,                       0.017457
32,                            25,                       7,                       0.017922
32,                            25,                       7,                       0.018889
32,                            25,                       7,                       0.017869
32,                            25,                       7,                       0.017692
32,                            25,                       7,                       0.018267
32,                            25,                       7,                       0.01811
32,                            25,                       7,                       0.02065
32,                            25,                       7,                       0.017522
32,                            25,                       7,                       0.018312
32,                            25,                       7,                       0.017864
32,                            25,                       7,                       0.018705
32,                            25,                       7,                       0.018839
32,                            25,                       7,                       0.017973
32,                            25,                       7,                       0.020101
32,                            25,                       7,                       0.018373
32,                            25,                       7,                       0.017725
32,                            25,                       7,                       0.017552
32,                            25,                       7,                       0.017742
32,                            25,                       7,                       0.018264
32,                            25,                       7,                       0.018232
32,                            25,                       7,                       0.018244
32,                            25,                       7,                       0.017433
32,                            25,                       7,                       0.018322
32,                            25,                       7,                       0.018305
32,                            25,                       7,                       0.018116
32,                            25,                       7,                       0.018136
32,                            25,                       7,                       0.01752
32,                            25,                       7,                       0.017526
32,                            25,                       7,                       0.018698
32,                            25,                       7,                       0.018766
32,                            25,                       7,                       0.017773
32,                            25,                       7,                       0.018024
32,                            25,                       7,                       0.017773
32,                            25,                       7,                       0.017983
32,                            25,                       7,                       0.019491
32,                            25,                       7,                       0.018597
32,                            25,                       7,                       0.018142
32,                            25,                       7,                       0.018799
32,                            25,                       7,                       0.018941
32,                            25,                       7,                       0.017929
32,                            25,                       7,                       0.01791
32,                            25,                       7,                       0.018213
32,                            25,                       7,                       0.020734
32,                            25,                       7,                       0.018008
32,                            25,                       7,                       0.018903
32,                            25,                       7,                       0.018492
32,                            25,                       7,                       0.018513
32,                            25,                       7,                       0.018458
32,                            25,                       7,                       0.017935
32,                            25,                       7,                       0.019104
32,                            25,                       7,                       0.020297
32,                            25,                       7,                       0.01875
32,                            25,                       7,                       0.020061
32,                            25,                       7,                       0.019076
32,                            25,                       7,                       0.018842
