COMMENT : The search result by Hill-Climbing for Cauchy_Good Fri Jan 26 15:13:20 2018

tech : Cauchy_Good
algorithm : Hill-Climbing
k : 6
m : 2
w : 8
failed_disk_id : 0
conventional_symbol_number    optimized_symbol_number    reduced_symbol_number    time
48,                            37,                       11,                       0.015537
48,                            37,                       11,                       0.016197
48,                            37,                       11,                       0.01611
48,                            37,                       11,                       0.017109
48,                            37,                       11,                       0.016313
48,                            37,                       11,                       0.016252
48,                            37,                       11,                       0.015983
48,                            37,                       11,                       0.015759
48,                            37,                       11,                       0.016018
48,                            37,                       11,                       0.015632
48,                            37,                       11,                       0.015881
48,                            37,                       11,                       0.01721
48,                            37,                       11,                       0.015943
48,                            37,                       11,                       0.017458
48,                            37,                       11,                       0.017037
48,                            37,                       11,                       0.015899
48,                            37,                       11,                       0.016349
48,                            37,                       11,                       0.017461
48,                            37,                       11,                       0.018973
48,                            37,                       11,                       0.015737
48,                            37,                       11,                       0.015592
48,                            37,                       11,                       0.016495
48,                            37,                       11,                       0.016298
48,                            37,                       11,                       0.015494
48,                            37,                       11,                       0.015789
48,                            37,                       11,                       0.015607
48,                            37,                       11,                       0.015673
48,                            37,                       11,                       0.016884
48,                            37,                       11,                       0.015542
48,                            37,                       11,                       0.016181
48,                            37,                       11,                       0.015644
48,                            37,                       11,                       0.016059
48,                            37,                       11,                       0.015608
48,                            37,                       11,                       0.015574
48,                            37,                       11,                       0.016766
48,                            37,                       11,                       0.015605
48,                            37,                       11,                       0.01609
48,                            37,                       11,                       0.017865
48,                            37,                       11,                       0.021883
48,                            37,                       11,                       0.016607
48,                            37,                       11,                       0.015642
48,                            37,                       11,                       0.017304
48,                            37,                       11,                       0.015747
48,                            37,                       11,                       0.015664
48,                            37,                       11,                       0.015754
48,                            37,                       11,                       0.016126
48,                            37,                       11,                       0.017048
48,                            37,                       11,                       0.016551
48,                            37,                       11,                       0.016782
48,                            37,                       11,                       0.017561
48,                            37,                       11,                       0.018401
48,                            37,                       11,                       0.016054
48,                            37,                       11,                       0.016259
48,                            37,                       11,                       0.017079
48,                            37,                       11,                       0.017999
48,                            37,                       11,                       0.016382
48,                            37,                       11,                       0.016379
48,                            37,                       11,                       0.016375
48,                            37,                       11,                       0.017401
48,                            37,                       11,                       0.017701
48,                            37,                       11,                       0.017242
48,                            37,                       11,                       0.016016
48,                            37,                       11,                       0.016271
48,                            37,                       11,                       0.016383
48,                            37,                       11,                       0.015475
48,                            37,                       11,                       0.016059
48,                            37,                       11,                       0.015967
48,                            37,                       11,                       0.015998
48,                            37,                       11,                       0.015645
48,                            37,                       11,                       0.015997
48,                            37,                       11,                       0.015939
48,                            37,                       11,                       0.015626
48,                            37,                       11,                       0.01586
48,                            37,                       11,                       0.016151
48,                            37,                       11,                       0.015912
48,                            37,                       11,                       0.016273
48,                            37,                       11,                       0.016236
48,                            37,                       11,                       0.016208
48,                            37,                       11,                       0.015645
48,                            37,                       11,                       0.015612
48,                            37,                       11,                       0.016167
48,                            37,                       11,                       0.015676
48,                            37,                       11,                       0.016545
48,                            37,                       11,                       0.016514
48,                            37,                       11,                       0.016772
48,                            37,                       11,                       0.016677
48,                            37,                       11,                       0.016073
48,                            37,                       11,                       0.017228
48,                            37,                       11,                       0.015537
48,                            37,                       11,                       0.016726
48,                            37,                       11,                       0.017006
48,                            37,                       11,                       0.016391
48,                            37,                       11,                       0.015827
48,                            37,                       11,                       0.016444
48,                            37,                       11,                       0.015839
48,                            37,                       11,                       0.016508
48,                            37,                       11,                       0.01709
48,                            37,                       11,                       0.016093
48,                            37,                       11,                       0.017715
48,                            37,                       11,                       0.016174
48,                            37,                       11,                       0.015925
48,                            37,                       11,                       0.016771
48,                            37,                       11,                       0.015841
48,                            37,                       11,                       0.016328
48,                            37,                       11,                       0.016072
48,                            37,                       11,                       0.015956
48,                            37,                       11,                       0.016273
48,                            37,                       11,                       0.016096
48,                            37,                       11,                       0.016477
48,                            37,                       11,                       0.01608
48,                            37,                       11,                       0.016239
48,                            37,                       11,                       0.017049
48,                            37,                       11,                       0.016562
48,                            37,                       11,                       0.017202
48,                            37,                       11,                       0.016779
48,                            37,                       11,                       0.016186
48,                            37,                       11,                       0.016572
48,                            37,                       11,                       0.016469
48,                            37,                       11,                       0.01574
48,                            37,                       11,                       0.015937
48,                            37,                       11,                       0.01591
48,                            37,                       11,                       0.016979
48,                            37,                       11,                       0.016455
48,                            37,                       11,                       0.016173
48,                            37,                       11,                       0.016565
48,                            37,                       11,                       0.01733
48,                            37,                       11,                       0.016091
48,                            37,                       11,                       0.018015
48,                            37,                       11,                       0.017885
48,                            37,                       11,                       0.015341
48,                            37,                       11,                       0.016358
48,                            37,                       11,                       0.015644
48,                            37,                       11,                       0.015982
48,                            37,                       11,                       0.016345
48,                            37,                       11,                       0.015732
48,                            37,                       11,                       0.017527
48,                            37,                       11,                       0.015834
48,                            37,                       11,                       0.015976
48,                            37,                       11,                       0.016685
48,                            37,                       11,                       0.016016
48,                            37,                       11,                       0.016833
48,                            37,                       11,                       0.015776
48,                            37,                       11,                       0.015928
48,                            37,                       11,                       0.016695
48,                            37,                       11,                       0.016504
48,                            37,                       11,                       0.016205
48,                            37,                       11,                       0.015886
48,                            37,                       11,                       0.016337
48,                            37,                       11,                       0.016358
48,                            37,                       11,                       0.016529
48,                            37,                       11,                       0.016885
48,                            37,                       11,                       0.016388
48,                            37,                       11,                       0.016426
48,                            37,                       11,                       0.016493
48,                            37,                       11,                       0.015904
48,                            37,                       11,                       0.016903
48,                            37,                       11,                       0.015877
48,                            37,                       11,                       0.016503
48,                            37,                       11,                       0.01592
48,                            37,                       11,                       0.015967
48,                            37,                       11,                       0.016783
48,                            37,                       11,                       0.015878
48,                            37,                       11,                       0.016291
48,                            37,                       11,                       0.015996
48,                            37,                       11,                       0.016299
48,                            37,                       11,                       0.016138
48,                            37,                       11,                       0.016947
48,                            37,                       11,                       0.01592
48,                            37,                       11,                       0.015878
48,                            37,                       11,                       0.015975
48,                            37,                       11,                       0.01626
48,                            37,                       11,                       0.015845
48,                            37,                       11,                       0.016382
48,                            37,                       11,                       0.016759
48,                            37,                       11,                       0.016505
48,                            37,                       11,                       0.016267
48,                            37,                       11,                       0.016678
48,                            37,                       11,                       0.019381
48,                            37,                       11,                       0.016729
48,                            37,                       11,                       0.016637
48,                            37,                       11,                       0.016109
48,                            37,                       11,                       0.016338
48,                            37,                       11,                       0.016051
48,                            37,                       11,                       0.015936
48,                            37,                       11,                       0.015589
48,                            37,                       11,                       0.016449
48,                            37,                       11,                       0.016041
48,                            37,                       11,                       0.015675
48,                            37,                       11,                       0.016354
48,                            37,                       11,                       0.016595
48,                            37,                       11,                       0.017545
48,                            37,                       11,                       0.016173
48,                            37,                       11,                       0.016268
48,                            37,                       11,                       0.015686
48,                            37,                       11,                       0.016814
48,                            37,                       11,                       0.015696
48,                            37,                       11,                       0.017419
48,                            37,                       11,                       0.016269
48,                            37,                       11,                       0.016296
48,                            37,                       11,                       0.016828
48,                            37,                       11,                       0.016727
48,                            37,                       11,                       0.01842
48,                            37,                       11,                       0.016256
48,                            37,                       11,                       0.016335
48,                            37,                       11,                       0.016787
48,                            37,                       11,                       0.01774
48,                            37,                       11,                       0.015613
48,                            37,                       11,                       0.016138
48,                            37,                       11,                       0.0167
48,                            37,                       11,                       0.017207
48,                            37,                       11,                       0.016483
48,                            37,                       11,                       0.016528
48,                            37,                       11,                       0.016742
48,                            37,                       11,                       0.015702
48,                            37,                       11,                       0.016168
48,                            37,                       11,                       0.016486
48,                            37,                       11,                       0.016035
48,                            37,                       11,                       0.017101
48,                            37,                       11,                       0.016606
48,                            37,                       11,                       0.016135
48,                            37,                       11,                       0.015598
48,                            37,                       11,                       0.016312
48,                            37,                       11,                       0.016084
48,                            37,                       11,                       0.016986
48,                            37,                       11,                       0.015791
48,                            37,                       11,                       0.016285
48,                            37,                       11,                       0.01636
48,                            37,                       11,                       0.016268
48,                            37,                       11,                       0.015769
48,                            37,                       11,                       0.016628
48,                            37,                       11,                       0.017121
48,                            37,                       11,                       0.017299
48,                            37,                       11,                       0.017466
48,                            37,                       11,                       0.016417
48,                            37,                       11,                       0.016078
48,                            37,                       11,                       0.017016
48,                            37,                       11,                       0.01613
48,                            37,                       11,                       0.022097
48,                            37,                       11,                       0.016301
48,                            37,                       11,                       0.016071
48,                            37,                       11,                       0.016392
48,                            37,                       11,                       0.016198
48,                            37,                       11,                       0.01638
48,                            37,                       11,                       0.01636
48,                            37,                       11,                       0.015952
48,                            37,                       11,                       0.016201
48,                            37,                       11,                       0.016832
48,                            37,                       11,                       0.016805
48,                            37,                       11,                       0.016278
48,                            37,                       11,                       0.016239
48,                            37,                       11,                       0.016385
48,                            37,                       11,                       0.016854
48,                            37,                       11,                       0.016409
48,                            37,                       11,                       0.015943
48,                            37,                       11,                       0.015976
48,                            37,                       11,                       0.016462
48,                            37,                       11,                       0.016473
48,                            37,                       11,                       0.01621
48,                            37,                       11,                       0.016478
48,                            37,                       11,                       0.016886
48,                            37,                       11,                       0.016029
48,                            37,                       11,                       0.017601
48,                            37,                       11,                       0.016345
48,                            37,                       11,                       0.017355
48,                            37,                       11,                       0.017032
48,                            37,                       11,                       0.016347
48,                            37,                       11,                       0.016089
48,                            37,                       11,                       0.015843
48,                            37,                       11,                       0.015702
48,                            37,                       11,                       0.016275
48,                            37,                       11,                       0.01588
48,                            37,                       11,                       0.016371
48,                            37,                       11,                       0.016203
48,                            37,                       11,                       0.016054
48,                            37,                       11,                       0.016242
48,                            37,                       11,                       0.016531
48,                            37,                       11,                       0.016211
48,                            37,                       11,                       0.016274
48,                            37,                       11,                       0.016528
48,                            37,                       11,                       0.016037
48,                            37,                       11,                       0.016423
48,                            37,                       11,                       0.016446
48,                            37,                       11,                       0.016563
48,                            37,                       11,                       0.0165
48,                            37,                       11,                       0.01602
48,                            37,                       11,                       0.016342
48,                            37,                       11,                       0.016667
48,                            37,                       11,                       0.019615
48,                            37,                       11,                       0.016749
48,                            37,                       11,                       0.018658
48,                            37,                       11,                       0.016394
48,                            37,                       11,                       0.01678
48,                            37,                       11,                       0.015798
48,                            37,                       11,                       0.016699
48,                            37,                       11,                       0.016965
48,                            37,                       11,                       0.019077
48,                            37,                       11,                       0.015743
48,                            37,                       11,                       0.018328
48,                            37,                       11,                       0.017094
48,                            37,                       11,                       0.017784
