COMMENT : The search result by Hill-Climbing for Cauchy_Good Fri Jan 26 15:13:20 2018

tech : Cauchy_Good
algorithm : Hill-Climbing
k : 5
m : 5
w : 8
failed_disk_id : 0
conventional_symbol_number    optimized_symbol_number    reduced_symbol_number    time
40,                            27,                       13,                       1.0318
40,                            27,                       13,                       1.06836
40,                            27,                       13,                       1.05624
40,                            27,                       13,                       1.066
40,                            27,                       13,                       1.05398
40,                            27,                       13,                       1.05215
40,                            27,                       13,                       1.05844
40,                            27,                       13,                       1.03448
40,                            27,                       13,                       1.0517
40,                            27,                       13,                       1.03928
40,                            27,                       13,                       1.05218
40,                            27,                       13,                       1.04434
40,                            27,                       13,                       1.0478
40,                            27,                       13,                       1.15504
40,                            27,                       13,                       1.08259
40,                            27,                       13,                       1.09082
40,                            27,                       13,                       1.07952
40,                            27,                       13,                       1.09499
40,                            27,                       13,                       1.11603
40,                            27,                       13,                       1.13602
40,                            27,                       13,                       1.0282
40,                            27,                       13,                       1.02886
40,                            27,                       13,                       1.03816
40,                            27,                       13,                       1.03123
40,                            27,                       13,                       1.03898
40,                            27,                       13,                       1.03202
40,                            27,                       13,                       1.04333
40,                            27,                       13,                       1.06115
40,                            27,                       13,                       1.02365
40,                            27,                       13,                       1.03273
40,                            27,                       13,                       1.02861
40,                            27,                       13,                       1.03314
40,                            27,                       13,                       1.02165
40,                            27,                       13,                       1.03014
40,                            27,                       13,                       1.06245
40,                            27,                       13,                       1.06975
40,                            27,                       13,                       1.0273
40,                            27,                       13,                       1.06589
40,                            27,                       13,                       1.21949
40,                            27,                       13,                       1.17566
40,                            27,                       13,                       1.05076
40,                            27,                       13,                       1.07572
40,                            27,                       13,                       1.04214
40,                            27,                       13,                       1.12076
40,                            27,                       13,                       1.07542
40,                            27,                       13,                       1.05151
40,                            27,                       13,                       1.08484
40,                            27,                       13,                       1.05537
40,                            27,                       13,                       1.05686
40,                            27,                       13,                       1.1239
40,                            27,                       13,                       1.06065
40,                            27,                       13,                       1.06917
40,                            27,                       13,                       1.06899
40,                            27,                       13,                       1.07304
40,                            27,                       13,                       1.06628
40,                            27,                       13,                       1.06765
40,                            27,                       13,                       1.04483
40,                            27,                       13,                       1.07302
40,                            27,                       13,                       1.06701
40,                            27,                       13,                       1.06392
40,                            27,                       13,                       1.09433
40,                            27,                       13,                       1.08159
40,                            27,                       13,                       1.06206
40,                            27,                       13,                       1.05746
40,                            27,                       13,                       1.0584
40,                            27,                       13,                       1.05227
40,                            27,                       13,                       1.06129
40,                            27,                       13,                       1.05714
40,                            27,                       13,                       1.04841
40,                            27,                       13,                       1.1226
40,                            27,                       13,                       1.03795
40,                            27,                       13,                       1.06417
40,                            27,                       13,                       1.04543
40,                            27,                       13,                       1.03592
40,                            27,                       13,                       1.04707
40,                            27,                       13,                       1.04935
40,                            27,                       13,                       1.06085
40,                            27,                       13,                       1.05273
40,                            27,                       13,                       1.04825
40,                            27,                       13,                       1.03832
40,                            27,                       13,                       1.06653
40,                            27,                       13,                       1.07717
40,                            27,                       13,                       1.08264
40,                            27,                       13,                       1.06805
40,                            27,                       13,                       1.06161
40,                            27,                       13,                       1.06714
40,                            27,                       13,                       1.0642
40,                            27,                       13,                       1.08464
40,                            27,                       13,                       1.06227
40,                            27,                       13,                       1.17333
40,                            27,                       13,                       1.06694
40,                            27,                       13,                       1.05709
40,                            27,                       13,                       1.06205
40,                            27,                       13,                       1.07349
40,                            27,                       13,                       1.06948
40,                            27,                       13,                       1.06917
40,                            27,                       13,                       1.06136
40,                            27,                       13,                       1.0607
40,                            27,                       13,                       1.0627
40,                            27,                       13,                       1.05666
40,                            27,                       13,                       1.05973
40,                            27,                       13,                       1.07032
40,                            27,                       13,                       1.07822
40,                            27,                       13,                       1.0732
40,                            27,                       13,                       1.0902
40,                            27,                       13,                       1.0614
40,                            27,                       13,                       1.08966
40,                            27,                       13,                       1.11085
40,                            27,                       13,                       1.0668
40,                            27,                       13,                       1.07083
40,                            27,                       13,                       1.07122
40,                            27,                       13,                       1.073
40,                            27,                       13,                       1.0882
40,                            27,                       13,                       1.08852
40,                            27,                       13,                       1.06614
40,                            27,                       13,                       1.07245
40,                            27,                       13,                       1.06116
40,                            27,                       13,                       1.066
40,                            27,                       13,                       1.06641
40,                            27,                       13,                       1.0809
40,                            27,                       13,                       1.05897
40,                            27,                       13,                       1.07289
40,                            27,                       13,                       1.06281
40,                            27,                       13,                       1.05976
40,                            27,                       13,                       1.05576
40,                            27,                       13,                       1.0751
40,                            27,                       13,                       1.06049
40,                            27,                       13,                       1.07458
40,                            27,                       13,                       1.06371
40,                            27,                       13,                       1.07375
40,                            27,                       13,                       1.08797
40,                            27,                       13,                       1.07347
40,                            27,                       13,                       1.0587
40,                            27,                       13,                       1.07621
40,                            27,                       13,                       1.06553
40,                            27,                       13,                       1.08099
40,                            27,                       13,                       1.07165
40,                            27,                       13,                       1.07249
40,                            27,                       13,                       1.07453
40,                            27,                       13,                       1.06278
40,                            27,                       13,                       1.05783
40,                            27,                       13,                       1.07528
40,                            27,                       13,                       1.05647
40,                            27,                       13,                       1.05927
40,                            27,                       13,                       1.06926
40,                            27,                       13,                       1.06151
40,                            27,                       13,                       1.05598
40,                            27,                       13,                       1.06626
40,                            27,                       13,                       1.06103
40,                            27,                       13,                       1.05955
40,                            27,                       13,                       1.05688
40,                            27,                       13,                       1.08378
40,                            27,                       13,                       1.05578
40,                            27,                       13,                       1.34318
40,                            27,                       13,                       1.06396
40,                            27,                       13,                       1.06112
40,                            27,                       13,                       1.05543
40,                            27,                       13,                       1.08416
40,                            27,                       13,                       1.10222
40,                            27,                       13,                       1.07368
40,                            27,                       13,                       1.07224
40,                            27,                       13,                       1.05877
40,                            27,                       13,                       1.07869
40,                            27,                       13,                       1.06201
40,                            27,                       13,                       1.06572
40,                            27,                       13,                       1.06526
40,                            27,                       13,                       1.05402
40,                            27,                       13,                       1.0631
40,                            27,                       13,                       1.06361
40,                            27,                       13,                       1.06069
40,                            27,                       13,                       1.06105
40,                            27,                       13,                       1.06885
40,                            27,                       13,                       1.0659
40,                            27,                       13,                       1.07085
40,                            27,                       13,                       1.1049
40,                            27,                       13,                       1.07129
40,                            27,                       13,                       1.08147
40,                            27,                       13,                       1.07701
40,                            27,                       13,                       1.06168
40,                            27,                       13,                       1.05507
40,                            27,                       13,                       1.06059
40,                            27,                       13,                       1.07338
40,                            27,                       13,                       1.0614
40,                            27,                       13,                       1.0676
40,                            27,                       13,                       1.05874
40,                            27,                       13,                       1.06078
40,                            27,                       13,                       1.05699
40,                            27,                       13,                       1.06001
40,                            27,                       13,                       1.06191
40,                            27,                       13,                       1.06451
40,                            27,                       13,                       1.15208
40,                            27,                       13,                       1.06183
40,                            27,                       13,                       1.09454
40,                            27,                       13,                       1.08238
40,                            27,                       13,                       1.05911
40,                            27,                       13,                       1.08192
40,                            27,                       13,                       1.0631
40,                            27,                       13,                       1.06879
40,                            27,                       13,                       1.05705
40,                            27,                       13,                       1.06227
40,                            27,                       13,                       1.06038
40,                            27,                       13,                       1.07015
40,                            27,                       13,                       1.07457
40,                            27,                       13,                       1.05904
40,                            27,                       13,                       1.1028
40,                            27,                       13,                       1.07813
40,                            27,                       13,                       1.07045
40,                            27,                       13,                       1.05135
40,                            27,                       13,                       1.08094
40,                            27,                       13,                       1.09423
40,                            27,                       13,                       1.09849
40,                            27,                       13,                       1.05974
40,                            27,                       13,                       1.0724
40,                            27,                       13,                       1.08968
40,                            27,                       13,                       1.11103
40,                            27,                       13,                       1.12095
40,                            27,                       13,                       1.07547
40,                            27,                       13,                       1.10475
40,                            27,                       13,                       1.10765
40,                            27,                       13,                       1.06965
40,                            27,                       13,                       1.08862
40,                            27,                       13,                       1.06673
40,                            27,                       13,                       1.08887
40,                            27,                       13,                       1.05497
40,                            27,                       13,                       1.06278
40,                            27,                       13,                       1.05805
40,                            27,                       13,                       1.06816
40,                            27,                       13,                       1.05961
40,                            27,                       13,                       1.06118
40,                            27,                       13,                       1.07197
40,                            27,                       13,                       1.14158
40,                            27,                       13,                       1.07327
40,                            27,                       13,                       1.06503
40,                            27,                       13,                       1.93067
40,                            27,                       13,                       1.06654
40,                            27,                       13,                       1.07133
40,                            27,                       13,                       1.09333
40,                            27,                       13,                       1.08743
40,                            27,                       13,                       1.06588
40,                            27,                       13,                       1.06449
40,                            27,                       13,                       1.0746
40,                            27,                       13,                       1.08605
40,                            27,                       13,                       1.05983
40,                            27,                       13,                       1.07241
40,                            27,                       13,                       1.08738
40,                            27,                       13,                       1.06965
40,                            27,                       13,                       1.06744
40,                            27,                       13,                       1.06845
40,                            27,                       13,                       1.06787
40,                            27,                       13,                       1.07194
40,                            27,                       13,                       1.07989
40,                            27,                       13,                       1.08214
40,                            27,                       13,                       1.06211
40,                            27,                       13,                       1.07351
40,                            27,                       13,                       1.06466
40,                            27,                       13,                       1.13001
40,                            27,                       13,                       1.07781
40,                            27,                       13,                       1.06762
40,                            27,                       13,                       1.0892
40,                            27,                       13,                       1.08102
40,                            27,                       13,                       1.07306
40,                            27,                       13,                       1.08488
40,                            27,                       13,                       1.09092
40,                            27,                       13,                       1.0737
40,                            27,                       13,                       1.07581
40,                            27,                       13,                       1.06737
40,                            27,                       13,                       1.05139
40,                            27,                       13,                       1.05093
40,                            27,                       13,                       1.06497
40,                            27,                       13,                       1.07241
40,                            27,                       13,                       1.08118
40,                            27,                       13,                       1.05671
40,                            27,                       13,                       1.06082
40,                            27,                       13,                       1.09075
40,                            27,                       13,                       1.08028
40,                            27,                       13,                       1.06502
40,                            27,                       13,                       1.08661
40,                            27,                       13,                       1.08056
40,                            27,                       13,                       1.08258
40,                            27,                       13,                       1.08527
40,                            27,                       13,                       1.08302
40,                            27,                       13,                       1.07671
40,                            27,                       13,                       1.07011
40,                            27,                       13,                       1.10796
40,                            27,                       13,                       1.07205
40,                            27,                       13,                       1.08081
40,                            27,                       13,                       1.08572
40,                            27,                       13,                       1.08864
40,                            27,                       13,                       1.10542
40,                            27,                       13,                       1.09449
40,                            27,                       13,                       1.11675
40,                            27,                       13,                       1.07619
40,                            27,                       13,                       1.0971
40,                            27,                       13,                       1.07515
40,                            27,                       13,                       1.0975
40,                            27,                       13,                       1.10763
40,                            27,                       13,                       1.0835
40,                            27,                       13,                       1.13642
40,                            27,                       13,                       1.12638
40,                            27,                       13,                       1.10915
