COMMENT : The search result by Hill-Climbing for Cauchy_Good Fri Jan 26 15:13:26 2018

tech : Cauchy_Good
algorithm : Hill-Climbing
k : 6
m : 6
w : 8
failed_disk_id : 0
conventional_symbol_number    optimized_symbol_number    reduced_symbol_number    time
48,                            39,                       9,                       1.72629
48,                            39,                       9,                       1.70724
48,                            39,                       9,                       1.76942
48,                            39,                       9,                       1.74755
48,                            39,                       9,                       1.74473
48,                            39,                       9,                       1.72098
48,                            39,                       9,                       1.7309
48,                            39,                       9,                       1.73939
48,                            39,                       9,                       1.70397
48,                            39,                       9,                       1.74086
48,                            39,                       9,                       1.70219
48,                            39,                       9,                       1.76678
48,                            39,                       9,                       1.70444
48,                            39,                       9,                       1.8261
48,                            39,                       9,                       1.77815
48,                            39,                       9,                       1.77802
48,                            39,                       9,                       1.77082
48,                            39,                       9,                       1.77912
48,                            39,                       9,                       1.83815
48,                            39,                       9,                       1.74483
48,                            39,                       9,                       1.6959
48,                            39,                       9,                       1.70235
48,                            39,                       9,                       1.69805
48,                            39,                       9,                       1.70187
48,                            39,                       9,                       1.69243
48,                            39,                       9,                       1.68443
48,                            39,                       9,                       1.69946
48,                            39,                       9,                       1.70217
48,                            39,                       9,                       1.68751
48,                            39,                       9,                       1.70427
48,                            39,                       9,                       1.67985
48,                            39,                       9,                       1.70342
48,                            39,                       9,                       1.67703
48,                            39,                       9,                       1.67691
48,                            39,                       9,                       1.70418
48,                            39,                       9,                       1.73203
48,                            39,                       9,                       1.8306
48,                            39,                       9,                       1.97113
48,                            39,                       9,                       1.91515
48,                            39,                       9,                       1.83084
48,                            39,                       9,                       1.7445
48,                            39,                       9,                       1.8069
48,                            39,                       9,                       1.81224
48,                            39,                       9,                       1.82723
48,                            39,                       9,                       1.727
48,                            39,                       9,                       1.72066
48,                            39,                       9,                       1.74103
48,                            39,                       9,                       1.74743
48,                            39,                       9,                       1.71516
48,                            39,                       9,                       1.80899
48,                            39,                       9,                       1.78327
48,                            39,                       9,                       1.75196
48,                            39,                       9,                       1.72838
48,                            39,                       9,                       1.7571
48,                            39,                       9,                       1.76437
48,                            39,                       9,                       1.75029
48,                            39,                       9,                       1.71027
48,                            39,                       9,                       1.73935
48,                            39,                       9,                       1.75693
48,                            39,                       9,                       1.72265
48,                            39,                       9,                       1.7846
48,                            39,                       9,                       1.75095
48,                            39,                       9,                       1.74549
48,                            39,                       9,                       1.72306
48,                            39,                       9,                       1.74381
48,                            39,                       9,                       1.85803
48,                            39,                       9,                       1.69255
48,                            39,                       9,                       1.73805
48,                            39,                       9,                       1.70585
48,                            39,                       9,                       1.70741
48,                            39,                       9,                       1.70505
48,                            39,                       9,                       1.71975
48,                            39,                       9,                       1.71654
48,                            39,                       9,                       1.69432
48,                            39,                       9,                       1.71348
48,                            39,                       9,                       1.72635
48,                            39,                       9,                       1.70807
48,                            39,                       9,                       1.70101
48,                            39,                       9,                       1.70783
48,                            39,                       9,                       1.76211
48,                            39,                       9,                       1.74723
48,                            39,                       9,                       1.74227
48,                            39,                       9,                       1.76672
48,                            39,                       9,                       1.77447
48,                            39,                       9,                       1.73423
48,                            39,                       9,                       1.75627
48,                            39,                       9,                       1.73605
48,                            39,                       9,                       1.82355
48,                            39,                       9,                       1.74758
48,                            39,                       9,                       1.88429
48,                            39,                       9,                       1.74987
48,                            39,                       9,                       1.73486
48,                            39,                       9,                       1.73435
48,                            39,                       9,                       1.74143
48,                            39,                       9,                       1.74638
48,                            39,                       9,                       1.7528
48,                            39,                       9,                       1.73714
48,                            39,                       9,                       1.73926
48,                            39,                       9,                       1.73222
48,                            39,                       9,                       1.72756
48,                            39,                       9,                       1.76075
48,                            39,                       9,                       1.74684
48,                            39,                       9,                       1.84279
48,                            39,                       9,                       1.74641
48,                            39,                       9,                       1.75767
48,                            39,                       9,                       1.75686
48,                            39,                       9,                       1.74741
48,                            39,                       9,                       1.77536
48,                            39,                       9,                       1.77115
48,                            39,                       9,                       1.75707
48,                            39,                       9,                       1.76721
48,                            39,                       9,                       1.74057
48,                            39,                       9,                       1.76471
48,                            39,                       9,                       1.75293
48,                            39,                       9,                       1.74231
48,                            39,                       9,                       1.74317
48,                            39,                       9,                       1.76218
48,                            39,                       9,                       1.75112
48,                            39,                       9,                       1.75243
48,                            39,                       9,                       1.74833
48,                            39,                       9,                       1.74166
48,                            39,                       9,                       1.74975
48,                            39,                       9,                       1.73167
48,                            39,                       9,                       1.73149
48,                            39,                       9,                       1.75416
48,                            39,                       9,                       1.78635
48,                            39,                       9,                       1.73715
48,                            39,                       9,                       1.72878
48,                            39,                       9,                       1.74812
48,                            39,                       9,                       1.75159
48,                            39,                       9,                       1.7529
48,                            39,                       9,                       1.74231
48,                            39,                       9,                       1.76556
48,                            39,                       9,                       1.75291
48,                            39,                       9,                       1.74978
48,                            39,                       9,                       1.73189
48,                            39,                       9,                       1.75325
48,                            39,                       9,                       1.7492
48,                            39,                       9,                       1.7537
48,                            39,                       9,                       1.73352
48,                            39,                       9,                       1.74178
48,                            39,                       9,                       1.73441
48,                            39,                       9,                       1.72769
48,                            39,                       9,                       1.74906
48,                            39,                       9,                       1.75455
48,                            39,                       9,                       1.73556
48,                            39,                       9,                       1.73674
48,                            39,                       9,                       1.75761
48,                            39,                       9,                       1.74625
48,                            39,                       9,                       1.72984
48,                            39,                       9,                       1.75037
48,                            39,                       9,                       1.76056
48,                            39,                       9,                       1.75718
48,                            39,                       9,                       1.75084
48,                            39,                       9,                       1.74111
48,                            39,                       9,                       1.73191
48,                            39,                       9,                       1.72893
48,                            39,                       9,                       1.74995
48,                            39,                       9,                       1.74027
48,                            39,                       9,                       1.73566
48,                            39,                       9,                       1.74161
48,                            39,                       9,                       1.73362
48,                            39,                       9,                       1.73913
48,                            39,                       9,                       1.73674
48,                            39,                       9,                       1.74302
48,                            39,                       9,                       1.74746
48,                            39,                       9,                       1.74056
48,                            39,                       9,                       1.7418
48,                            39,                       9,                       1.74138
48,                            39,                       9,                       1.75037
48,                            39,                       9,                       1.74006
48,                            39,                       9,                       1.75462
48,                            39,                       9,                       1.74867
48,                            39,                       9,                       1.75991
48,                            39,                       9,                       1.85495
48,                            39,                       9,                       1.74091
48,                            39,                       9,                       1.76583
48,                            39,                       9,                       1.72317
48,                            39,                       9,                       1.82844
48,                            39,                       9,                       1.75739
48,                            39,                       9,                       1.74319
48,                            39,                       9,                       1.75574
48,                            39,                       9,                       1.75792
48,                            39,                       9,                       1.73786
48,                            39,                       9,                       1.74103
48,                            39,                       9,                       1.73472
48,                            39,                       9,                       1.75128
48,                            39,                       9,                       1.73284
48,                            39,                       9,                       1.79933
48,                            39,                       9,                       1.74517
48,                            39,                       9,                       1.75768
48,                            39,                       9,                       1.73126
48,                            39,                       9,                       1.7733
48,                            39,                       9,                       1.91658
48,                            39,                       9,                       1.7379
48,                            39,                       9,                       1.74996
48,                            39,                       9,                       1.74131
48,                            39,                       9,                       1.74955
48,                            39,                       9,                       1.74727
48,                            39,                       9,                       1.74696
48,                            39,                       9,                       1.7442
48,                            39,                       9,                       1.74958
48,                            39,                       9,                       1.73845
48,                            39,                       9,                       1.76065
48,                            39,                       9,                       1.75175
48,                            39,                       9,                       1.74554
48,                            39,                       9,                       1.79467
48,                            39,                       9,                       1.75929
48,                            39,                       9,                       1.82583
48,                            39,                       9,                       1.73779
48,                            39,                       9,                       1.74639
48,                            39,                       9,                       1.73634
48,                            39,                       9,                       1.78862
48,                            39,                       9,                       1.74643
48,                            39,                       9,                       1.83303
48,                            39,                       9,                       1.74731
48,                            39,                       9,                       1.80016
48,                            39,                       9,                       1.77934
48,                            39,                       9,                       1.80411
48,                            39,                       9,                       1.80065
48,                            39,                       9,                       1.79508
48,                            39,                       9,                       1.73361
48,                            39,                       9,                       1.78819
48,                            39,                       9,                       1.75029
48,                            39,                       9,                       1.75458
48,                            39,                       9,                       1.71651
48,                            39,                       9,                       1.73755
48,                            39,                       9,                       1.72501
48,                            39,                       9,                       1.7331
48,                            39,                       9,                       1.76509
48,                            39,                       9,                       1.78347
48,                            39,                       9,                       1.73594
48,                            39,                       9,                       1.73701
48,                            39,                       9,                       1.75808
48,                            39,                       9,                       1.75394
48,                            39,                       9,                       1.73761
48,                            39,                       9,                       1.75884
48,                            39,                       9,                       1.76627
48,                            39,                       9,                       1.75611
48,                            39,                       9,                       1.75926
48,                            39,                       9,                       1.77296
48,                            39,                       9,                       1.82794
48,                            39,                       9,                       1.80177
48,                            39,                       9,                       1.76348
48,                            39,                       9,                       1.77025
48,                            39,                       9,                       2.00527
48,                            39,                       9,                       1.73961
48,                            39,                       9,                       1.75409
48,                            39,                       9,                       1.74068
48,                            39,                       9,                       1.75599
48,                            39,                       9,                       1.75332
48,                            39,                       9,                       1.74811
48,                            39,                       9,                       2.02982
48,                            39,                       9,                       1.75605
48,                            39,                       9,                       1.77943
48,                            39,                       9,                       1.80493
48,                            39,                       9,                       1.75713
48,                            39,                       9,                       1.73793
48,                            39,                       9,                       1.88489
48,                            39,                       9,                       1.76478
48,                            39,                       9,                       1.97121
48,                            39,                       9,                       1.78615
48,                            39,                       9,                       1.77216
48,                            39,                       9,                       1.7595
48,                            39,                       9,                       1.74644
48,                            39,                       9,                       1.73914
48,                            39,                       9,                       1.71749
48,                            39,                       9,                       1.75539
48,                            39,                       9,                       1.73948
48,                            39,                       9,                       1.76737
48,                            39,                       9,                       1.74525
48,                            39,                       9,                       1.80161
48,                            39,                       9,                       1.74363
48,                            39,                       9,                       1.78705
48,                            39,                       9,                       1.76197
48,                            39,                       9,                       1.74098
48,                            39,                       9,                       1.77224
48,                            39,                       9,                       1.75736
48,                            39,                       9,                       1.8115
48,                            39,                       9,                       1.75189
48,                            39,                       9,                       1.81534
48,                            39,                       9,                       1.7765
48,                            39,                       9,                       1.79289
48,                            39,                       9,                       1.75979
48,                            39,                       9,                       1.77161
48,                            39,                       9,                       1.78745
48,                            39,                       9,                       1.77873
48,                            39,                       9,                       1.79799
48,                            39,                       9,                       1.77058
48,                            39,                       9,                       1.80367
48,                            39,                       9,                       1.80892
48,                            39,                       9,                       1.80543
48,                            39,                       9,                       1.78425
48,                            39,                       9,                       1.77523
48,                            39,                       9,                       1.78148
48,                            39,                       9,                       1.78539
48,                            39,                       9,                       1.81949
48,                            39,                       9,                       1.76213
48,                            39,                       9,                       1.8055
48,                            39,                       9,                       1.79292
