COMMENT : The search result by Hill-Climbing for Cauchy_Good Fri Jan 26 15:13:31 2018

tech : Cauchy_Good
algorithm : Hill-Climbing
k : 7
m : 7
w : 4
failed_disk_id : 0
conventional_symbol_number    optimized_symbol_number    reduced_symbol_number    time
28,                            22,                       6,                       0.036745
28,                            22,                       6,                       0.035657
28,                            22,                       6,                       0.035964
28,                            22,                       6,                       0.03555
28,                            22,                       6,                       0.035427
28,                            22,                       6,                       0.040443
28,                            22,                       6,                       0.03541
28,                            22,                       6,                       0.038072
28,                            22,                       6,                       0.039442
28,                            22,                       6,                       0.040293
28,                            22,                       6,                       0.03521
28,                            22,                       6,                       0.038819
28,                            22,                       6,                       0.035534
28,                            22,                       6,                       0.040142
28,                            22,                       6,                       0.037791
28,                            22,                       6,                       0.036696
28,                            22,                       6,                       0.039154
28,                            22,                       6,                       0.036639
28,                            22,                       6,                       0.035726
28,                            22,                       6,                       0.036364
28,                            22,                       6,                       0.036424
28,                            22,                       6,                       0.034999
28,                            22,                       6,                       0.035226
28,                            22,                       6,                       0.036073
28,                            22,                       6,                       0.036315
28,                            22,                       6,                       0.048669
28,                            22,                       6,                       0.035158
28,                            22,                       6,                       0.035404
28,                            22,                       6,                       0.035728
28,                            22,                       6,                       0.035551
28,                            22,                       6,                       0.035154
28,                            22,                       6,                       0.034958
28,                            22,                       6,                       0.035106
28,                            22,                       6,                       0.034892
28,                            22,                       6,                       0.035611
28,                            22,                       6,                       0.036896
28,                            22,                       6,                       0.036679
28,                            22,                       6,                       0.038323
28,                            22,                       6,                       0.049653
28,                            22,                       6,                       0.049455
28,                            22,                       6,                       0.036058
28,                            22,                       6,                       0.036173
28,                            22,                       6,                       0.035872
28,                            22,                       6,                       0.046594
28,                            22,                       6,                       0.035638
28,                            22,                       6,                       0.036724
28,                            22,                       6,                       0.037823
28,                            22,                       6,                       0.03592
28,                            22,                       6,                       0.035619
28,                            22,                       6,                       0.039147
28,                            22,                       6,                       0.038035
28,                            22,                       6,                       0.035304
28,                            22,                       6,                       0.038761
28,                            22,                       6,                       0.037462
28,                            22,                       6,                       0.036746
28,                            22,                       6,                       0.037493
28,                            22,                       6,                       0.035373
28,                            22,                       6,                       0.035422
28,                            22,                       6,                       0.037464
28,                            22,                       6,                       0.036912
28,                            22,                       6,                       0.035388
28,                            22,                       6,                       0.036216
28,                            22,                       6,                       0.038165
28,                            22,                       6,                       0.03653
28,                            22,                       6,                       0.035775
28,                            22,                       6,                       0.036393
28,                            22,                       6,                       0.036789
28,                            22,                       6,                       0.035826
28,                            22,                       6,                       0.036353
28,                            22,                       6,                       0.035609
28,                            22,                       6,                       0.035941
28,                            22,                       6,                       0.036396
28,                            22,                       6,                       0.036523
28,                            22,                       6,                       0.034988
28,                            22,                       6,                       0.036087
28,                            22,                       6,                       0.036212
28,                            22,                       6,                       0.035295
28,                            22,                       6,                       0.03486
28,                            22,                       6,                       0.035923
28,                            22,                       6,                       0.036923
28,                            22,                       6,                       0.037686
28,                            22,                       6,                       0.035448
28,                            22,                       6,                       0.036142
28,                            22,                       6,                       0.038249
28,                            22,                       6,                       0.034919
28,                            22,                       6,                       0.036836
28,                            22,                       6,                       0.039317
28,                            22,                       6,                       0.035357
28,                            22,                       6,                       0.037953
28,                            22,                       6,                       0.036752
28,                            22,                       6,                       0.036403
28,                            22,                       6,                       0.036482
28,                            22,                       6,                       0.036102
28,                            22,                       6,                       0.036446
28,                            22,                       6,                       0.036941
28,                            22,                       6,                       0.036811
28,                            22,                       6,                       0.036423
28,                            22,                       6,                       0.036311
28,                            22,                       6,                       0.036627
28,                            22,                       6,                       0.036681
28,                            22,                       6,                       0.036256
28,                            22,                       6,                       0.043893
28,                            22,                       6,                       0.037494
28,                            22,                       6,                       0.036513
28,                            22,                       6,                       0.035778
28,                            22,                       6,                       0.036501
28,                            22,                       6,                       0.036131
28,                            22,                       6,                       0.036176
28,                            22,                       6,                       0.036636
28,                            22,                       6,                       0.036869
28,                            22,                       6,                       0.037278
28,                            22,                       6,                       0.036136
28,                            22,                       6,                       0.036794
28,                            22,                       6,                       0.040221
28,                            22,                       6,                       0.036705
28,                            22,                       6,                       0.036155
28,                            22,                       6,                       0.03627
28,                            22,                       6,                       0.035936
28,                            22,                       6,                       0.036427
28,                            22,                       6,                       0.036321
28,                            22,                       6,                       0.036996
28,                            22,                       6,                       0.036011
28,                            22,                       6,                       0.035412
28,                            22,                       6,                       0.036461
28,                            22,                       6,                       0.037942
28,                            22,                       6,                       0.036253
28,                            22,                       6,                       0.036731
28,                            22,                       6,                       0.036468
28,                            22,                       6,                       0.037789
28,                            22,                       6,                       0.037357
28,                            22,                       6,                       0.037036
28,                            22,                       6,                       0.035791
28,                            22,                       6,                       0.036925
28,                            22,                       6,                       0.035761
28,                            22,                       6,                       0.03791
28,                            22,                       6,                       0.035717
28,                            22,                       6,                       0.037207
28,                            22,                       6,                       0.036908
28,                            22,                       6,                       0.035841
28,                            22,                       6,                       0.037023
28,                            22,                       6,                       0.035987
28,                            22,                       6,                       0.036421
28,                            22,                       6,                       0.036268
28,                            22,                       6,                       0.036239
28,                            22,                       6,                       0.03901
28,                            22,                       6,                       0.037066
28,                            22,                       6,                       0.035939
28,                            22,                       6,                       0.036593
28,                            22,                       6,                       0.035588
28,                            22,                       6,                       0.036208
28,                            22,                       6,                       0.035419
28,                            22,                       6,                       0.03709
28,                            22,                       6,                       0.036581
28,                            22,                       6,                       0.036859
28,                            22,                       6,                       0.038655
28,                            22,                       6,                       0.03594
28,                            22,                       6,                       0.035323
28,                            22,                       6,                       0.036614
28,                            22,                       6,                       0.035984
28,                            22,                       6,                       0.036186
28,                            22,                       6,                       0.037051
28,                            22,                       6,                       0.035675
28,                            22,                       6,                       0.036568
28,                            22,                       6,                       0.036078
28,                            22,                       6,                       0.036401
28,                            22,                       6,                       0.037582
28,                            22,                       6,                       0.03629
28,                            22,                       6,                       0.036188
28,                            22,                       6,                       0.035921
28,                            22,                       6,                       0.038561
28,                            22,                       6,                       0.036528
28,                            22,                       6,                       0.037582
28,                            22,                       6,                       0.037078
28,                            22,                       6,                       0.036491
28,                            22,                       6,                       0.036386
28,                            22,                       6,                       0.03859
28,                            22,                       6,                       0.036405
28,                            22,                       6,                       0.039104
28,                            22,                       6,                       0.036196
28,                            22,                       6,                       0.036775
28,                            22,                       6,                       0.03573
28,                            22,                       6,                       0.036854
28,                            22,                       6,                       0.037157
28,                            22,                       6,                       0.037621
28,                            22,                       6,                       0.037698
28,                            22,                       6,                       0.037067
28,                            22,                       6,                       0.035727
28,                            22,                       6,                       0.035814
28,                            22,                       6,                       0.037332
28,                            22,                       6,                       0.036321
28,                            22,                       6,                       0.035761
28,                            22,                       6,                       0.038078
28,                            22,                       6,                       0.036794
28,                            22,                       6,                       0.037682
28,                            22,                       6,                       0.0366
28,                            22,                       6,                       0.036713
28,                            22,                       6,                       0.036013
28,                            22,                       6,                       0.03572
28,                            22,                       6,                       0.036424
28,                            22,                       6,                       0.036672
28,                            22,                       6,                       0.036524
28,                            22,                       6,                       0.036454
28,                            22,                       6,                       0.035785
28,                            22,                       6,                       0.036693
28,                            22,                       6,                       0.035757
28,                            22,                       6,                       0.036765
28,                            22,                       6,                       0.036033
28,                            22,                       6,                       0.036243
28,                            22,                       6,                       0.035889
28,                            22,                       6,                       0.037271
28,                            22,                       6,                       0.035873
28,                            22,                       6,                       0.035442
28,                            22,                       6,                       0.035793
28,                            22,                       6,                       0.036067
28,                            22,                       6,                       0.039063
28,                            22,                       6,                       0.036819
28,                            22,                       6,                       0.036174
28,                            22,                       6,                       0.036716
28,                            22,                       6,                       0.036113
28,                            22,                       6,                       0.03669
28,                            22,                       6,                       0.036142
28,                            22,                       6,                       0.03559
28,                            22,                       6,                       0.038555
28,                            22,                       6,                       0.036463
28,                            22,                       6,                       0.037585
28,                            22,                       6,                       0.036958
28,                            22,                       6,                       0.0368
28,                            22,                       6,                       0.037736
28,                            22,                       6,                       0.036061
28,                            22,                       6,                       0.036148
28,                            22,                       6,                       0.035563
28,                            22,                       6,                       0.035875
28,                            22,                       6,                       0.038461
28,                            22,                       6,                       0.039374
28,                            22,                       6,                       0.036631
28,                            22,                       6,                       0.036465
28,                            22,                       6,                       0.036791
28,                            22,                       6,                       0.037916
28,                            22,                       6,                       0.03671
28,                            22,                       6,                       0.036851
28,                            22,                       6,                       0.036641
28,                            22,                       6,                       0.037977
28,                            22,                       6,                       0.03649
28,                            22,                       6,                       0.037201
28,                            22,                       6,                       0.036923
28,                            22,                       6,                       0.036946
28,                            22,                       6,                       0.036621
28,                            22,                       6,                       0.03895
28,                            22,                       6,                       0.035873
28,                            22,                       6,                       0.036257
28,                            22,                       6,                       0.040744
28,                            22,                       6,                       0.039139
28,                            22,                       6,                       0.036559
28,                            22,                       6,                       0.036787
28,                            22,                       6,                       0.038038
28,                            22,                       6,                       0.036916
28,                            22,                       6,                       0.036041
28,                            22,                       6,                       0.036338
28,                            22,                       6,                       0.043342
28,                            22,                       6,                       0.036513
28,                            22,                       6,                       0.036144
28,                            22,                       6,                       0.037288
28,                            22,                       6,                       0.036614
28,                            22,                       6,                       0.036803
28,                            22,                       6,                       0.036992
28,                            22,                       6,                       0.037182
28,                            22,                       6,                       0.035922
28,                            22,                       6,                       0.036177
28,                            22,                       6,                       0.036879
28,                            22,                       6,                       0.039413
28,                            22,                       6,                       0.036268
28,                            22,                       6,                       0.035965
28,                            22,                       6,                       0.038259
28,                            22,                       6,                       0.038619
28,                            22,                       6,                       0.036384
28,                            22,                       6,                       0.036423
28,                            22,                       6,                       0.03677
28,                            22,                       6,                       0.038414
28,                            22,                       6,                       0.037647
28,                            22,                       6,                       0.03867
28,                            22,                       6,                       0.035793
28,                            22,                       6,                       0.03629
28,                            22,                       6,                       0.036873
28,                            22,                       6,                       0.036396
28,                            22,                       6,                       0.037092
28,                            22,                       6,                       0.037425
28,                            22,                       6,                       0.038288
28,                            22,                       6,                       0.038283
28,                            22,                       6,                       0.036741
28,                            22,                       6,                       0.03601
28,                            22,                       6,                       0.037344
28,                            22,                       6,                       0.037142
28,                            22,                       6,                       0.040596
28,                            22,                       6,                       0.038138
28,                            22,                       6,                       0.036938
28,                            22,                       6,                       0.037285
28,                            22,                       6,                       0.036372
28,                            22,                       6,                       0.035914
28,                            22,                       6,                       0.035841
28,                            22,                       6,                       0.037518
