COMMENT : The search result by Hill-Climbing for Cauchy_Good Fri Jan 26 15:13:16 2018

tech : Cauchy_Good
algorithm : Hill-Climbing
k : 4
m : 3
w : 5
failed_disk_id : 0
conventional_symbol_number    optimized_symbol_number    reduced_symbol_number    time
20,                            15,                       5,                       0.003697
20,                            15,                       5,                       0.003729
20,                            15,                       5,                       0.003778
20,                            15,                       5,                       0.003768
20,                            15,                       5,                       0.00387
20,                            15,                       5,                       0.003787
20,                            15,                       5,                       0.003949
20,                            15,                       5,                       0.003779
20,                            15,                       5,                       0.003879
20,                            15,                       5,                       0.003694
20,                            15,                       5,                       0.00386
20,                            15,                       5,                       0.003729
20,                            15,                       5,                       0.003688
20,                            15,                       5,                       0.004345
20,                            15,                       5,                       0.0037
20,                            15,                       5,                       0.00411
20,                            15,                       5,                       0.004021
20,                            15,                       5,                       0.003753
20,                            15,                       5,                       0.00377
20,                            15,                       5,                       0.004032
20,                            15,                       5,                       0.00369
20,                            15,                       5,                       0.003693
20,                            15,                       5,                       0.003715
20,                            15,                       5,                       0.003702
20,                            15,                       5,                       0.003807
20,                            15,                       5,                       0.003782
20,                            15,                       5,                       0.00384
20,                            15,                       5,                       0.003791
20,                            15,                       5,                       0.003697
20,                            15,                       5,                       0.003727
20,                            15,                       5,                       0.003778
20,                            15,                       5,                       0.003729
20,                            15,                       5,                       0.00372
20,                            15,                       5,                       0.003924
20,                            15,                       5,                       0.004119
20,                            15,                       5,                       0.003816
20,                            15,                       5,                       0.003795
20,                            15,                       5,                       0.004101
20,                            15,                       5,                       0.003886
20,                            15,                       5,                       0.003831
20,                            15,                       5,                       0.005346
20,                            15,                       5,                       0.003775
20,                            15,                       5,                       0.003795
20,                            15,                       5,                       0.003864
20,                            15,                       5,                       0.003635
20,                            15,                       5,                       0.003769
20,                            15,                       5,                       0.003954
20,                            15,                       5,                       0.003811
20,                            15,                       5,                       0.003701
20,                            15,                       5,                       0.005328
20,                            15,                       5,                       0.00376
20,                            15,                       5,                       0.003776
20,                            15,                       5,                       0.003848
20,                            15,                       5,                       0.003604
20,                            15,                       5,                       0.003714
20,                            15,                       5,                       0.003745
20,                            15,                       5,                       0.003796
20,                            15,                       5,                       0.004291
20,                            15,                       5,                       0.004849
20,                            15,                       5,                       0.004102
20,                            15,                       5,                       0.00432
20,                            15,                       5,                       0.003821
20,                            15,                       5,                       0.00409
20,                            15,                       5,                       0.00374
20,                            15,                       5,                       0.003693
20,                            15,                       5,                       0.004678
20,                            15,                       5,                       0.004077
20,                            15,                       5,                       0.004354
20,                            15,                       5,                       0.003735
20,                            15,                       5,                       0.003798
20,                            15,                       5,                       0.003741
20,                            15,                       5,                       0.00368
20,                            15,                       5,                       0.003726
20,                            15,                       5,                       0.003676
20,                            15,                       5,                       0.00394
20,                            15,                       5,                       0.00368
20,                            15,                       5,                       0.003767
20,                            15,                       5,                       0.003687
20,                            15,                       5,                       0.003804
20,                            15,                       5,                       0.003701
20,                            15,                       5,                       0.003929
20,                            15,                       5,                       0.003753
20,                            15,                       5,                       0.003761
20,                            15,                       5,                       0.003766
20,                            15,                       5,                       0.003838
20,                            15,                       5,                       0.004133
20,                            15,                       5,                       0.00426
20,                            15,                       5,                       0.003881
20,                            15,                       5,                       0.003891
20,                            15,                       5,                       0.004704
20,                            15,                       5,                       0.003732
20,                            15,                       5,                       0.004741
20,                            15,                       5,                       0.003824
20,                            15,                       5,                       0.003852
20,                            15,                       5,                       0.003878
20,                            15,                       5,                       0.003691
20,                            15,                       5,                       0.003694
20,                            15,                       5,                       0.00398
20,                            15,                       5,                       0.003794
20,                            15,                       5,                       0.003873
20,                            15,                       5,                       0.003781
20,                            15,                       5,                       0.004211
20,                            15,                       5,                       0.00376
20,                            15,                       5,                       0.003792
20,                            15,                       5,                       0.003947
20,                            15,                       5,                       0.003682
20,                            15,                       5,                       0.003808
20,                            15,                       5,                       0.003705
20,                            15,                       5,                       0.003792
20,                            15,                       5,                       0.003856
20,                            15,                       5,                       0.003812
20,                            15,                       5,                       0.003751
20,                            15,                       5,                       0.004106
20,                            15,                       5,                       0.005108
20,                            15,                       5,                       0.003764
20,                            15,                       5,                       0.004357
20,                            15,                       5,                       0.003844
20,                            15,                       5,                       0.004259
20,                            15,                       5,                       0.005089
20,                            15,                       5,                       0.004594
20,                            15,                       5,                       0.003781
20,                            15,                       5,                       0.003864
20,                            15,                       5,                       0.004045
20,                            15,                       5,                       0.003843
20,                            15,                       5,                       0.003908
20,                            15,                       5,                       0.004015
20,                            15,                       5,                       0.003667
20,                            15,                       5,                       0.003841
20,                            15,                       5,                       0.003866
20,                            15,                       5,                       0.003894
20,                            15,                       5,                       0.004242
20,                            15,                       5,                       0.003761
20,                            15,                       5,                       0.003837
20,                            15,                       5,                       0.00384
20,                            15,                       5,                       0.003848
20,                            15,                       5,                       0.003924
20,                            15,                       5,                       0.003775
20,                            15,                       5,                       0.003746
20,                            15,                       5,                       0.003744
20,                            15,                       5,                       0.004124
20,                            15,                       5,                       0.003821
20,                            15,                       5,                       0.003826
20,                            15,                       5,                       0.003708
20,                            15,                       5,                       0.003857
20,                            15,                       5,                       0.003797
20,                            15,                       5,                       0.004117
20,                            15,                       5,                       0.003833
20,                            15,                       5,                       0.003844
20,                            15,                       5,                       0.003791
20,                            15,                       5,                       0.003708
20,                            15,                       5,                       0.004134
20,                            15,                       5,                       0.003751
20,                            15,                       5,                       0.003859
20,                            15,                       5,                       0.004737
20,                            15,                       5,                       0.004592
20,                            15,                       5,                       0.003732
20,                            15,                       5,                       0.003836
20,                            15,                       5,                       0.00381
20,                            15,                       5,                       0.003794
20,                            15,                       5,                       0.003921
20,                            15,                       5,                       0.003893
20,                            15,                       5,                       0.003945
20,                            15,                       5,                       0.00395
20,                            15,                       5,                       0.003852
20,                            15,                       5,                       0.003745
20,                            15,                       5,                       0.004384
20,                            15,                       5,                       0.003757
20,                            15,                       5,                       0.003753
20,                            15,                       5,                       0.003859
20,                            15,                       5,                       0.004324
20,                            15,                       5,                       0.004156
20,                            15,                       5,                       0.003852
20,                            15,                       5,                       0.003673
20,                            15,                       5,                       0.00375
20,                            15,                       5,                       0.003744
20,                            15,                       5,                       0.004307
20,                            15,                       5,                       0.003854
20,                            15,                       5,                       0.003885
20,                            15,                       5,                       0.003864
20,                            15,                       5,                       0.003981
20,                            15,                       5,                       0.004134
20,                            15,                       5,                       0.003878
20,                            15,                       5,                       0.003858
20,                            15,                       5,                       0.003747
20,                            15,                       5,                       0.003665
20,                            15,                       5,                       0.003774
20,                            15,                       5,                       0.003874
20,                            15,                       5,                       0.003842
20,                            15,                       5,                       0.0037
20,                            15,                       5,                       0.004642
20,                            15,                       5,                       0.003991
20,                            15,                       5,                       0.004627
20,                            15,                       5,                       0.0037
20,                            15,                       5,                       0.004174
20,                            15,                       5,                       0.003818
20,                            15,                       5,                       0.003754
20,                            15,                       5,                       0.003909
20,                            15,                       5,                       0.003789
20,                            15,                       5,                       0.003819
20,                            15,                       5,                       0.004369
20,                            15,                       5,                       0.004742
20,                            15,                       5,                       0.003793
20,                            15,                       5,                       0.003959
20,                            15,                       5,                       0.003792
20,                            15,                       5,                       0.003847
20,                            15,                       5,                       0.004042
20,                            15,                       5,                       0.004166
20,                            15,                       5,                       0.003949
20,                            15,                       5,                       0.003869
20,                            15,                       5,                       0.003739
20,                            15,                       5,                       0.003726
20,                            15,                       5,                       0.004031
20,                            15,                       5,                       0.003799
20,                            15,                       5,                       0.003725
20,                            15,                       5,                       0.00378
20,                            15,                       5,                       0.004685
20,                            15,                       5,                       0.004096
20,                            15,                       5,                       0.003899
20,                            15,                       5,                       0.003759
20,                            15,                       5,                       0.003883
20,                            15,                       5,                       0.003849
20,                            15,                       5,                       0.003906
20,                            15,                       5,                       0.003764
20,                            15,                       5,                       0.003775
20,                            15,                       5,                       0.004014
20,                            15,                       5,                       0.003917
20,                            15,                       5,                       0.003882
20,                            15,                       5,                       0.003774
20,                            15,                       5,                       0.004589
20,                            15,                       5,                       0.00396
20,                            15,                       5,                       0.003733
20,                            15,                       5,                       0.004264
20,                            15,                       5,                       0.003825
20,                            15,                       5,                       0.003734
20,                            15,                       5,                       0.003851
20,                            15,                       5,                       0.00376
20,                            15,                       5,                       0.004159
20,                            15,                       5,                       0.003671
20,                            15,                       5,                       0.003831
20,                            15,                       5,                       0.003799
20,                            15,                       5,                       0.004607
20,                            15,                       5,                       0.003735
20,                            15,                       5,                       0.004325
20,                            15,                       5,                       0.00471
20,                            15,                       5,                       0.004071
20,                            15,                       5,                       0.003981
20,                            15,                       5,                       0.003678
20,                            15,                       5,                       0.004682
20,                            15,                       5,                       0.004064
20,                            15,                       5,                       0.003767
20,                            15,                       5,                       0.004222
20,                            15,                       5,                       0.003852
20,                            15,                       5,                       0.003787
20,                            15,                       5,                       0.003737
20,                            15,                       5,                       0.003799
20,                            15,                       5,                       0.0043
20,                            15,                       5,                       0.003867
20,                            15,                       5,                       0.003734
20,                            15,                       5,                       0.003808
20,                            15,                       5,                       0.004297
20,                            15,                       5,                       0.003855
20,                            15,                       5,                       0.003879
20,                            15,                       5,                       0.003818
20,                            15,                       5,                       0.003752
20,                            15,                       5,                       0.003867
20,                            15,                       5,                       0.004324
20,                            15,                       5,                       0.003678
20,                            15,                       5,                       0.003687
20,                            15,                       5,                       0.004708
20,                            15,                       5,                       0.003733
20,                            15,                       5,                       0.00425
20,                            15,                       5,                       0.003703
20,                            15,                       5,                       0.003744
20,                            15,                       5,                       0.004184
20,                            15,                       5,                       0.004306
20,                            15,                       5,                       0.003742
20,                            15,                       5,                       0.004061
20,                            15,                       5,                       0.004012
20,                            15,                       5,                       0.003794
20,                            15,                       5,                       0.004128
20,                            15,                       5,                       0.004525
20,                            15,                       5,                       0.003829
20,                            15,                       5,                       0.003923
20,                            15,                       5,                       0.00457
20,                            15,                       5,                       0.004636
20,                            15,                       5,                       0.003792
20,                            15,                       5,                       0.003978
20,                            15,                       5,                       0.004201
20,                            15,                       5,                       0.003673
20,                            15,                       5,                       0.004116
20,                            15,                       5,                       0.00384
20,                            15,                       5,                       0.003695
20,                            15,                       5,                       0.004221
20,                            15,                       5,                       0.003866
20,                            15,                       5,                       0.003894
20,                            15,                       5,                       0.003864
20,                            15,                       5,                       0.003799
20,                            15,                       5,                       0.003697
20,                            15,                       5,                       0.004511
20,                            15,                       5,                       0.004123
