COMMENT : The search result by Hill-Climbing for Cauchy_Good Wed Jan 24 16:19:59 2018

tech : Cauchy_Good
algorithm : Hill-Climbing
k : 5
m : 4
w : 10
failed_disk_id : 0
conventional_symbol_number    optimized_symbol_number    reduced_symbol_number    time
50,                            40,                       10,                       8.05
50,                            40,                       10,                       8.05
50,                            40,                       10,                       8.05
50,                            40,                       10,                       8.04
50,                            40,                       10,                       8.05
50,                            40,                       10,                       8.06
50,                            40,                       10,                       8.04
50,                            40,                       10,                       8.05
50,                            40,                       10,                       8.05
50,                            40,                       10,                       8.05
50,                            40,                       10,                       8.06
50,                            40,                       10,                       8.05
50,                            40,                       10,                       8.04
50,                            40,                       10,                       8.07
50,                            40,                       10,                       8.04
50,                            40,                       10,                       8.05
50,                            40,                       10,                       8.05
50,                            40,                       10,                       8.06
50,                            40,                       10,                       8.05
50,                            40,                       10,                       8.06
50,                            40,                       10,                       8.04
50,                            40,                       10,                       8.05
50,                            40,                       10,                       8.07
50,                            40,                       10,                       8.04
50,                            40,                       10,                       8.05
50,                            40,                       10,                       8.06
50,                            40,                       10,                       8.07
50,                            40,                       10,                       8.04
50,                            40,                       10,                       8.05
50,                            40,                       10,                       8.04
50,                            40,                       10,                       8.04
50,                            40,                       10,                       8.05
50,                            40,                       10,                       8.05
50,                            40,                       10,                       8.04
50,                            40,                       10,                       8.04
50,                            40,                       10,                       8.05
50,                            40,                       10,                       8.06
50,                            40,                       10,                       8.05
50,                            40,                       10,                       8.06
50,                            40,                       10,                       8.06
50,                            40,                       10,                       8.06
50,                            40,                       10,                       8.04
50,                            40,                       10,                       8.04
50,                            40,                       10,                       8.04
50,                            40,                       10,                       8.04
50,                            40,                       10,                       8.05
50,                            40,                       10,                       8.05
50,                            40,                       10,                       8.05
50,                            40,                       10,                       8.06
50,                            40,                       10,                       8.05
50,                            40,                       10,                       8.05
50,                            40,                       10,                       8.06
50,                            40,                       10,                       8.05
50,                            40,                       10,                       8.04
50,                            40,                       10,                       8.05
50,                            40,                       10,                       8.04
50,                            40,                       10,                       8.06
50,                            40,                       10,                       8.06
50,                            40,                       10,                       8.06
50,                            40,                       10,                       8.04
50,                            40,                       10,                       8.06
50,                            40,                       10,                       8.06
50,                            40,                       10,                       8.05
50,                            40,                       10,                       8.04
50,                            40,                       10,                       8.04
50,                            40,                       10,                       8.04
50,                            40,                       10,                       8.05
50,                            40,                       10,                       8.06
50,                            40,                       10,                       8.05
50,                            40,                       10,                       8.05
50,                            40,                       10,                       8.06
50,                            40,                       10,                       8.05
50,                            40,                       10,                       8.04
50,                            40,                       10,                       8.04
50,                            40,                       10,                       8.04
50,                            40,                       10,                       8.05
50,                            40,                       10,                       8.05
50,                            40,                       10,                       8.05
50,                            40,                       10,                       8.05
50,                            40,                       10,                       8.06
50,                            40,                       10,                       8.05
50,                            40,                       10,                       8.06
50,                            40,                       10,                       8.04
50,                            40,                       10,                       8.06
50,                            40,                       10,                       8.06
50,                            40,                       10,                       8.06
50,                            40,                       10,                       8.04
50,                            40,                       10,                       8.05
50,                            40,                       10,                       8.06
50,                            40,                       10,                       8.04
50,                            40,                       10,                       8.04
50,                            40,                       10,                       8.05
50,                            40,                       10,                       8.05
50,                            40,                       10,                       8.05
50,                            40,                       10,                       8.06
50,                            40,                       10,                       8.04
50,                            40,                       10,                       8.05
50,                            40,                       10,                       8.06
50,                            40,                       10,                       8.05
50,                            40,                       10,                       8.08
