COMMENT : The search result by Hill-Climbing for Cauchy_Good Wed Jan 24 19:08:24 2018

tech : Cauchy_Good
algorithm : Hill-Climbing
k : 8
m : 4
w : 12
failed_disk_id : 0
conventional_symbol_number    optimized_symbol_number    reduced_symbol_number    time
96,                            82,                       14,                       54.67
96,                            82,                       14,                       54.61
96,                            82,                       14,                       54.69
96,                            82,                       14,                       54.69
96,                            82,                       14,                       54.64
96,                            82,                       14,                       54.68
96,                            82,                       14,                       54.69
96,                            82,                       14,                       54.68
96,                            82,                       14,                       54.7
96,                            82,                       14,                       54.64
96,                            82,                       14,                       54.67
96,                            82,                       14,                       54.67
96,                            82,                       14,                       54.67
96,                            82,                       14,                       54.64
96,                            82,                       14,                       54.63
96,                            82,                       14,                       54.64
96,                            82,                       14,                       54.63
96,                            82,                       14,                       54.67
96,                            82,                       14,                       54.63
96,                            82,                       14,                       54.67
96,                            82,                       14,                       54.62
96,                            82,                       14,                       54.7
96,                            82,                       14,                       54.65
96,                            82,                       14,                       54.67
96,                            82,                       14,                       54.69
96,                            82,                       14,                       54.7
96,                            82,                       14,                       54.65
96,                            82,                       14,                       54.66
96,                            82,                       14,                       54.67
96,                            82,                       14,                       54.67
96,                            82,                       14,                       54.63
96,                            82,                       14,                       54.69
96,                            82,                       14,                       54.69
96,                            82,                       14,                       54.68
96,                            82,                       14,                       54.68
96,                            82,                       14,                       54.63
96,                            82,                       14,                       54.67
96,                            82,                       14,                       54.64
96,                            82,                       14,                       54.65
96,                            82,                       14,                       54.67
96,                            82,                       14,                       54.67
96,                            82,                       14,                       54.66
96,                            82,                       14,                       54.67
96,                            82,                       14,                       54.65
96,                            82,                       14,                       54.65
96,                            82,                       14,                       54.65
96,                            82,                       14,                       54.7
96,                            82,                       14,                       54.63
96,                            82,                       14,                       54.7
96,                            82,                       14,                       54.63
96,                            82,                       14,                       54.64
96,                            82,                       14,                       54.68
96,                            82,                       14,                       54.66
96,                            82,                       14,                       54.64
96,                            82,                       14,                       54.68
96,                            82,                       14,                       54.67
96,                            82,                       14,                       54.65
96,                            82,                       14,                       54.71
96,                            82,                       14,                       54.66
96,                            82,                       14,                       54.66
96,                            82,                       14,                       54.67
96,                            82,                       14,                       54.71
96,                            82,                       14,                       54.63
96,                            82,                       14,                       54.65
96,                            82,                       14,                       54.69
96,                            82,                       14,                       54.68
96,                            82,                       14,                       54.65
96,                            82,                       14,                       54.63
96,                            82,                       14,                       54.65
96,                            82,                       14,                       54.67
96,                            82,                       14,                       54.69
96,                            82,                       14,                       54.69
96,                            82,                       14,                       54.64
96,                            82,                       14,                       54.67
96,                            82,                       14,                       54.64
96,                            82,                       14,                       54.65
96,                            82,                       14,                       54.68
96,                            82,                       14,                       54.69
96,                            82,                       14,                       54.67
96,                            82,                       14,                       54.92
96,                            82,                       14,                       54.64
96,                            82,                       14,                       54.7
96,                            82,                       14,                       54.67
96,                            82,                       14,                       54.7
96,                            82,                       14,                       54.69
96,                            82,                       14,                       54.68
96,                            82,                       14,                       54.7
96,                            82,                       14,                       54.66
96,                            82,                       14,                       54.64
96,                            82,                       14,                       54.66
96,                            82,                       14,                       54.65
96,                            82,                       14,                       54.64
96,                            82,                       14,                       54.64
96,                            82,                       14,                       54.63
96,                            82,                       14,                       54.65
96,                            82,                       14,                       54.68
96,                            82,                       14,                       54.66
96,                            82,                       14,                       54.68
96,                            82,                       14,                       54.67
96,                            82,                       14,                       54.69
