COMMENT : The search result by Hill-Climbing for Cauchy_Good Fri Jan 26 15:13:38 2018

tech : Cauchy_Good
algorithm : Hill-Climbing
k : 8
m : 6
w : 6
failed_disk_id : 0
conventional_symbol_number    optimized_symbol_number    reduced_symbol_number    time
48,                            36,                       12,                       0.197152
48,                            36,                       12,                       0.19491
48,                            36,                       12,                       0.192636
48,                            36,                       12,                       0.196228
48,                            36,                       12,                       0.199541
48,                            36,                       12,                       0.190199
48,                            36,                       12,                       0.187701
48,                            36,                       12,                       0.188444
48,                            36,                       12,                       0.205043
48,                            36,                       12,                       0.191594
48,                            36,                       12,                       0.200473
48,                            36,                       12,                       0.188644
48,                            36,                       12,                       0.189768
48,                            36,                       12,                       0.204145
48,                            36,                       12,                       0.200403
48,                            36,                       12,                       0.208202
48,                            36,                       12,                       0.198161
48,                            36,                       12,                       0.200824
48,                            36,                       12,                       0.216541
48,                            36,                       12,                       0.189365
48,                            36,                       12,                       0.190726
48,                            36,                       12,                       0.190749
48,                            36,                       12,                       0.191795
48,                            36,                       12,                       0.189779
48,                            36,                       12,                       0.188878
48,                            36,                       12,                       0.188523
48,                            36,                       12,                       0.190153
48,                            36,                       12,                       0.188618
48,                            36,                       12,                       0.189805
48,                            36,                       12,                       0.192194
48,                            36,                       12,                       0.188318
48,                            36,                       12,                       0.188204
48,                            36,                       12,                       0.188547
48,                            36,                       12,                       0.189309
48,                            36,                       12,                       0.188854
48,                            36,                       12,                       0.187461
48,                            36,                       12,                       0.204982
48,                            36,                       12,                       0.210816
48,                            36,                       12,                       0.280877
48,                            36,                       12,                       0.192051
48,                            36,                       12,                       0.207152
48,                            36,                       12,                       0.202212
48,                            36,                       12,                       0.190497
48,                            36,                       12,                       0.191936
48,                            36,                       12,                       0.197669
48,                            36,                       12,                       0.196276
48,                            36,                       12,                       0.194542
48,                            36,                       12,                       0.1965
48,                            36,                       12,                       0.192132
48,                            36,                       12,                       0.205832
48,                            36,                       12,                       0.192256
48,                            36,                       12,                       0.19418
48,                            36,                       12,                       0.192405
48,                            36,                       12,                       0.20141
48,                            36,                       12,                       0.193132
48,                            36,                       12,                       0.193973
48,                            36,                       12,                       0.20014
48,                            36,                       12,                       0.20568
48,                            36,                       12,                       0.193445
48,                            36,                       12,                       0.20283
48,                            36,                       12,                       0.191583
48,                            36,                       12,                       0.209043
48,                            36,                       12,                       0.194048
48,                            36,                       12,                       0.205158
48,                            36,                       12,                       0.198662
48,                            36,                       12,                       0.193904
48,                            36,                       12,                       0.192704
48,                            36,                       12,                       0.196189
48,                            36,                       12,                       0.19378
48,                            36,                       12,                       0.192344
48,                            36,                       12,                       0.190994
48,                            36,                       12,                       0.192702
48,                            36,                       12,                       0.190005
48,                            36,                       12,                       0.193421
48,                            36,                       12,                       0.191749
48,                            36,                       12,                       0.189988
48,                            36,                       12,                       0.192063
48,                            36,                       12,                       0.199464
48,                            36,                       12,                       0.190546
48,                            36,                       12,                       0.202944
48,                            36,                       12,                       0.211953
48,                            36,                       12,                       0.197377
48,                            36,                       12,                       0.20299
48,                            36,                       12,                       0.191568
48,                            36,                       12,                       0.205929
48,                            36,                       12,                       0.196235
48,                            36,                       12,                       0.204569
48,                            36,                       12,                       0.193314
48,                            36,                       12,                       0.199969
48,                            36,                       12,                       0.193132
48,                            36,                       12,                       0.197289
48,                            36,                       12,                       0.192531
48,                            36,                       12,                       0.197309
48,                            36,                       12,                       0.196502
48,                            36,                       12,                       0.19691
48,                            36,                       12,                       0.19293
48,                            36,                       12,                       0.192314
48,                            36,                       12,                       0.199866
48,                            36,                       12,                       0.192991
48,                            36,                       12,                       0.195947
48,                            36,                       12,                       0.19295
48,                            36,                       12,                       0.193806
48,                            36,                       12,                       0.195178
48,                            36,                       12,                       0.199166
48,                            36,                       12,                       0.197036
48,                            36,                       12,                       0.197779
48,                            36,                       12,                       0.195652
48,                            36,                       12,                       0.202184
48,                            36,                       12,                       0.196822
48,                            36,                       12,                       0.198418
48,                            36,                       12,                       0.194319
48,                            36,                       12,                       0.197072
48,                            36,                       12,                       0.195039
48,                            36,                       12,                       0.196738
48,                            36,                       12,                       0.198228
48,                            36,                       12,                       0.195142
48,                            36,                       12,                       0.194471
48,                            36,                       12,                       0.196205
48,                            36,                       12,                       0.196402
48,                            36,                       12,                       0.195944
48,                            36,                       12,                       0.196334
48,                            36,                       12,                       0.19547
48,                            36,                       12,                       0.191894
48,                            36,                       12,                       0.195741
48,                            36,                       12,                       0.192184
48,                            36,                       12,                       0.194196
48,                            36,                       12,                       0.201128
48,                            36,                       12,                       0.207985
48,                            36,                       12,                       0.196371
48,                            36,                       12,                       0.193507
48,                            36,                       12,                       0.197145
48,                            36,                       12,                       0.193149
48,                            36,                       12,                       0.19282
48,                            36,                       12,                       0.195405
48,                            36,                       12,                       0.195222
48,                            36,                       12,                       0.193443
48,                            36,                       12,                       0.197079
48,                            36,                       12,                       0.1948
48,                            36,                       12,                       0.191858
48,                            36,                       12,                       0.196387
48,                            36,                       12,                       0.196553
48,                            36,                       12,                       0.191662
48,                            36,                       12,                       0.192637
48,                            36,                       12,                       0.20532
48,                            36,                       12,                       0.194438
48,                            36,                       12,                       0.19536
48,                            36,                       12,                       0.193336
48,                            36,                       12,                       0.195635
48,                            36,                       12,                       0.19539
48,                            36,                       12,                       0.198615
48,                            36,                       12,                       0.196736
48,                            36,                       12,                       0.19578
48,                            36,                       12,                       0.193768
48,                            36,                       12,                       0.197422
48,                            36,                       12,                       0.191849
48,                            36,                       12,                       0.192608
48,                            36,                       12,                       0.191525
48,                            36,                       12,                       0.19278
48,                            36,                       12,                       0.197858
48,                            36,                       12,                       0.197458
48,                            36,                       12,                       0.196562
48,                            36,                       12,                       0.195484
48,                            36,                       12,                       0.192327
48,                            36,                       12,                       0.196602
48,                            36,                       12,                       0.196064
48,                            36,                       12,                       0.196396
48,                            36,                       12,                       0.193843
48,                            36,                       12,                       0.194866
48,                            36,                       12,                       0.194803
48,                            36,                       12,                       0.19928
48,                            36,                       12,                       0.195243
48,                            36,                       12,                       0.198856
48,                            36,                       12,                       0.195077
48,                            36,                       12,                       0.193517
48,                            36,                       12,                       0.193612
48,                            36,                       12,                       0.211544
48,                            36,                       12,                       0.194035
48,                            36,                       12,                       0.195695
48,                            36,                       12,                       0.196087
48,                            36,                       12,                       0.194369
48,                            36,                       12,                       0.195156
48,                            36,                       12,                       0.193907
48,                            36,                       12,                       0.197886
48,                            36,                       12,                       0.194581
48,                            36,                       12,                       0.19652
48,                            36,                       12,                       0.194985
48,                            36,                       12,                       0.193316
48,                            36,                       12,                       0.216914
48,                            36,                       12,                       0.205273
48,                            36,                       12,                       0.197397
48,                            36,                       12,                       0.206077
48,                            36,                       12,                       0.193088
48,                            36,                       12,                       0.195366
48,                            36,                       12,                       0.206768
48,                            36,                       12,                       0.201165
48,                            36,                       12,                       0.19744
48,                            36,                       12,                       0.195824
48,                            36,                       12,                       0.196358
48,                            36,                       12,                       0.193729
48,                            36,                       12,                       0.19114
48,                            36,                       12,                       0.195711
48,                            36,                       12,                       0.199863
48,                            36,                       12,                       0.196893
48,                            36,                       12,                       0.193163
48,                            36,                       12,                       0.193791
48,                            36,                       12,                       0.19199
48,                            36,                       12,                       0.196052
48,                            36,                       12,                       0.192137
48,                            36,                       12,                       0.199848
48,                            36,                       12,                       0.195125
48,                            36,                       12,                       0.196819
48,                            36,                       12,                       0.189932
48,                            36,                       12,                       0.19906
48,                            36,                       12,                       0.208148
48,                            36,                       12,                       0.203456
48,                            36,                       12,                       0.216069
48,                            36,                       12,                       0.191812
48,                            36,                       12,                       0.196344
48,                            36,                       12,                       0.214606
48,                            36,                       12,                       0.202348
48,                            36,                       12,                       0.19333
48,                            36,                       12,                       0.194833
48,                            36,                       12,                       0.196761
48,                            36,                       12,                       0.19297
48,                            36,                       12,                       0.195559
48,                            36,                       12,                       0.196772
48,                            36,                       12,                       0.193783
48,                            36,                       12,                       0.192245
48,                            36,                       12,                       0.194782
48,                            36,                       12,                       0.193278
48,                            36,                       12,                       0.205508
48,                            36,                       12,                       0.195648
48,                            36,                       12,                       0.192722
48,                            36,                       12,                       0.194297
48,                            36,                       12,                       0.197477
48,                            36,                       12,                       0.193731
48,                            36,                       12,                       0.196187
48,                            36,                       12,                       0.194525
48,                            36,                       12,                       0.197211
48,                            36,                       12,                       0.193154
48,                            36,                       12,                       0.197179
48,                            36,                       12,                       0.196942
48,                            36,                       12,                       0.197829
48,                            36,                       12,                       0.198448
48,                            36,                       12,                       0.198726
48,                            36,                       12,                       0.196358
48,                            36,                       12,                       0.195498
48,                            36,                       12,                       0.19378
48,                            36,                       12,                       0.200302
48,                            36,                       12,                       0.195846
48,                            36,                       12,                       0.19679
48,                            36,                       12,                       0.194269
48,                            36,                       12,                       0.196559
48,                            36,                       12,                       0.198596
48,                            36,                       12,                       0.195016
48,                            36,                       12,                       0.197875
48,                            36,                       12,                       0.195232
48,                            36,                       12,                       0.197653
48,                            36,                       12,                       0.207988
48,                            36,                       12,                       0.206748
48,                            36,                       12,                       0.197953
48,                            36,                       12,                       0.195746
48,                            36,                       12,                       0.196779
48,                            36,                       12,                       0.195064
48,                            36,                       12,                       0.199401
48,                            36,                       12,                       0.198043
48,                            36,                       12,                       0.194631
48,                            36,                       12,                       0.198715
48,                            36,                       12,                       0.194466
48,                            36,                       12,                       0.200153
48,                            36,                       12,                       0.193696
48,                            36,                       12,                       0.193189
48,                            36,                       12,                       0.197799
48,                            36,                       12,                       0.196081
48,                            36,                       12,                       0.194604
48,                            36,                       12,                       0.1979
48,                            36,                       12,                       0.196584
48,                            36,                       12,                       0.196618
48,                            36,                       12,                       0.202806
48,                            36,                       12,                       0.196894
48,                            36,                       12,                       0.202254
48,                            36,                       12,                       0.200667
48,                            36,                       12,                       0.196495
48,                            36,                       12,                       0.197182
48,                            36,                       12,                       0.199686
48,                            36,                       12,                       0.200169
48,                            36,                       12,                       0.200531
48,                            36,                       12,                       0.197806
48,                            36,                       12,                       0.202371
48,                            36,                       12,                       0.20792
48,                            36,                       12,                       0.209491
48,                            36,                       12,                       0.197783
48,                            36,                       12,                       0.195423
48,                            36,                       12,                       0.207998
48,                            36,                       12,                       0.197227
48,                            36,                       12,                       0.198399
48,                            36,                       12,                       0.205523
48,                            36,                       12,                       0.20141
48,                            36,                       12,                       0.201145
48,                            36,                       12,                       0.196528
