COMMENT : The search result by Hill-Climbing for Cauchy_Good Wed Jan 24 16:57:57 2018

tech : Cauchy_Good
algorithm : Hill-Climbing
k : 8
m : 4
w : 10
failed_disk_id : 0
conventional_symbol_number    optimized_symbol_number    reduced_symbol_number    time
80,                            68,                       12,                       7.44
80,                            68,                       12,                       7.41
80,                            68,                       12,                       7.43
80,                            68,                       12,                       7.42
80,                            68,                       12,                       7.43
80,                            68,                       12,                       7.44
80,                            68,                       12,                       7.42
80,                            68,                       12,                       7.42
80,                            68,                       12,                       7.42
80,                            68,                       12,                       7.42
80,                            68,                       12,                       7.42
80,                            68,                       12,                       7.42
80,                            68,                       12,                       7.42
80,                            68,                       12,                       7.42
80,                            68,                       12,                       7.42
80,                            68,                       12,                       7.42
80,                            68,                       12,                       7.42
80,                            68,                       12,                       7.42
80,                            68,                       12,                       7.44
80,                            68,                       12,                       7.41
80,                            68,                       12,                       7.42
80,                            68,                       12,                       7.43
80,                            68,                       12,                       7.43
80,                            68,                       12,                       7.43
80,                            68,                       12,                       7.42
80,                            68,                       12,                       7.42
80,                            68,                       12,                       7.44
80,                            68,                       12,                       7.43
80,                            68,                       12,                       7.42
80,                            68,                       12,                       7.42
80,                            68,                       12,                       7.42
80,                            68,                       12,                       7.41
80,                            68,                       12,                       7.42
80,                            68,                       12,                       7.43
80,                            68,                       12,                       7.43
80,                            68,                       12,                       7.42
80,                            68,                       12,                       7.43
80,                            68,                       12,                       7.42
80,                            68,                       12,                       7.43
80,                            68,                       12,                       7.43
80,                            68,                       12,                       7.42
80,                            68,                       12,                       7.42
80,                            68,                       12,                       7.44
80,                            68,                       12,                       7.43
80,                            68,                       12,                       7.43
80,                            68,                       12,                       7.42
80,                            68,                       12,                       7.42
80,                            68,                       12,                       7.42
80,                            68,                       12,                       7.42
80,                            68,                       12,                       7.42
80,                            68,                       12,                       7.43
80,                            68,                       12,                       7.43
80,                            68,                       12,                       7.41
80,                            68,                       12,                       7.42
80,                            68,                       12,                       7.42
80,                            68,                       12,                       7.42
80,                            68,                       12,                       7.43
80,                            68,                       12,                       7.42
80,                            68,                       12,                       7.43
80,                            68,                       12,                       7.43
80,                            68,                       12,                       7.42
80,                            68,                       12,                       7.41
80,                            68,                       12,                       7.43
80,                            68,                       12,                       7.42
80,                            68,                       12,                       7.43
80,                            68,                       12,                       7.43
80,                            68,                       12,                       7.42
80,                            68,                       12,                       7.44
80,                            68,                       12,                       7.42
80,                            68,                       12,                       7.43
80,                            68,                       12,                       7.42
80,                            68,                       12,                       7.42
80,                            68,                       12,                       7.43
80,                            68,                       12,                       7.43
80,                            68,                       12,                       7.43
80,                            68,                       12,                       7.42
80,                            68,                       12,                       7.43
80,                            68,                       12,                       7.43
80,                            68,                       12,                       7.43
80,                            68,                       12,                       7.43
80,                            68,                       12,                       7.43
80,                            68,                       12,                       7.43
80,                            68,                       12,                       7.43
80,                            68,                       12,                       7.43
80,                            68,                       12,                       7.43
80,                            68,                       12,                       7.41
80,                            68,                       12,                       7.43
80,                            68,                       12,                       7.43
80,                            68,                       12,                       7.42
80,                            68,                       12,                       7.42
80,                            68,                       12,                       7.44
80,                            68,                       12,                       7.42
80,                            68,                       12,                       7.42
80,                            68,                       12,                       7.42
80,                            68,                       12,                       7.42
80,                            68,                       12,                       7.42
80,                            68,                       12,                       7.42
80,                            68,                       12,                       7.42
80,                            68,                       12,                       7.43
80,                            68,                       12,                       7.43
80,                            68,                       12,                       7.44
80,                            68,                       12,                       7.42
80,                            68,                       12,                       7.42
80,                            68,                       12,                       7.41
80,                            68,                       12,                       7.42
80,                            68,                       12,                       7.42
80,                            68,                       12,                       7.43
80,                            68,                       12,                       7.42
80,                            68,                       12,                       7.42
80,                            68,                       12,                       7.43
80,                            68,                       12,                       7.42
80,                            68,                       12,                       7.43
80,                            68,                       12,                       7.43
80,                            68,                       12,                       7.43
80,                            68,                       12,                       7.43
80,                            68,                       12,                       7.42
80,                            68,                       12,                       7.43
80,                            68,                       12,                       7.42
80,                            68,                       12,                       7.43
80,                            68,                       12,                       7.43
80,                            68,                       12,                       7.42
80,                            68,                       12,                       7.43
80,                            68,                       12,                       7.42
80,                            68,                       12,                       7.42
80,                            68,                       12,                       7.41
80,                            68,                       12,                       7.42
80,                            68,                       12,                       7.41
80,                            68,                       12,                       7.42
80,                            68,                       12,                       7.43
80,                            68,                       12,                       7.43
80,                            68,                       12,                       7.43
80,                            68,                       12,                       7.43
80,                            68,                       12,                       7.42
80,                            68,                       12,                       7.43
80,                            68,                       12,                       7.43
80,                            68,                       12,                       7.46
80,                            68,                       12,                       7.43
80,                            68,                       12,                       7.42
80,                            68,                       12,                       7.42
80,                            68,                       12,                       7.42
80,                            68,                       12,                       7.42
80,                            68,                       12,                       7.43
80,                            68,                       12,                       7.42
80,                            68,                       12,                       7.42
80,                            68,                       12,                       7.41
80,                            68,                       12,                       7.42
80,                            68,                       12,                       7.42
80,                            68,                       12,                       7.42
80,                            68,                       12,                       7.42
80,                            68,                       12,                       7.42
80,                            68,                       12,                       7.43
80,                            68,                       12,                       7.42
80,                            68,                       12,                       7.42
80,                            68,                       12,                       7.41
80,                            68,                       12,                       7.43
80,                            68,                       12,                       7.43
80,                            68,                       12,                       7.43
80,                            68,                       12,                       7.43
80,                            68,                       12,                       7.42
80,                            68,                       12,                       7.42
80,                            68,                       12,                       7.44
80,                            68,                       12,                       7.43
80,                            68,                       12,                       7.42
80,                            68,                       12,                       7.42
80,                            68,                       12,                       7.43
80,                            68,                       12,                       7.44
80,                            68,                       12,                       7.43
80,                            68,                       12,                       7.43
80,                            68,                       12,                       7.42
80,                            68,                       12,                       7.42
80,                            68,                       12,                       7.42
80,                            68,                       12,                       7.43
80,                            68,                       12,                       7.43
80,                            68,                       12,                       7.43
80,                            68,                       12,                       7.43
80,                            68,                       12,                       7.43
80,                            68,                       12,                       7.43
80,                            68,                       12,                       7.43
80,                            68,                       12,                       7.43
80,                            68,                       12,                       7.44
80,                            68,                       12,                       7.43
80,                            68,                       12,                       7.43
80,                            68,                       12,                       7.42
80,                            68,                       12,                       7.43
80,                            68,                       12,                       7.42
80,                            68,                       12,                       7.41
80,                            68,                       12,                       7.43
80,                            68,                       12,                       7.44
80,                            68,                       12,                       7.43
80,                            68,                       12,                       7.44
80,                            68,                       12,                       7.43
80,                            68,                       12,                       7.44
80,                            68,                       12,                       7.42
80,                            68,                       12,                       7.42
80,                            68,                       12,                       7.42
80,                            68,                       12,                       7.42
80,                            68,                       12,                       7.41
80,                            68,                       12,                       7.43
80,                            68,                       12,                       7.43
80,                            68,                       12,                       7.43
80,                            68,                       12,                       7.44
80,                            68,                       12,                       7.41
80,                            68,                       12,                       7.41
80,                            68,                       12,                       7.42
80,                            68,                       12,                       7.42
80,                            68,                       12,                       7.42
80,                            68,                       12,                       7.42
80,                            68,                       12,                       7.42
80,                            68,                       12,                       7.41
80,                            68,                       12,                       7.43
80,                            68,                       12,                       7.43
80,                            68,                       12,                       7.43
80,                            68,                       12,                       7.43
80,                            68,                       12,                       7.43
80,                            68,                       12,                       7.43
80,                            68,                       12,                       7.43
80,                            68,                       12,                       7.43
80,                            68,                       12,                       7.44
80,                            68,                       12,                       7.42
80,                            68,                       12,                       7.42
80,                            68,                       12,                       7.41
80,                            68,                       12,                       7.44
80,                            68,                       12,                       7.43
80,                            68,                       12,                       7.42
80,                            68,                       12,                       7.42
80,                            68,                       12,                       7.42
80,                            68,                       12,                       7.42
80,                            68,                       12,                       7.43
80,                            68,                       12,                       7.42
80,                            68,                       12,                       7.41
80,                            68,                       12,                       7.44
80,                            68,                       12,                       7.42
80,                            68,                       12,                       7.43
80,                            68,                       12,                       7.42
80,                            68,                       12,                       7.41
80,                            68,                       12,                       7.43
80,                            68,                       12,                       7.43
80,                            68,                       12,                       7.41
80,                            68,                       12,                       7.43
80,                            68,                       12,                       7.43
80,                            68,                       12,                       7.42
80,                            68,                       12,                       7.42
80,                            68,                       12,                       7.43
80,                            68,                       12,                       7.43
80,                            68,                       12,                       7.43
80,                            68,                       12,                       7.43
80,                            68,                       12,                       7.42
80,                            68,                       12,                       7.42
80,                            68,                       12,                       7.42
80,                            68,                       12,                       7.43
80,                            68,                       12,                       7.43
80,                            68,                       12,                       7.42
80,                            68,                       12,                       7.43
80,                            68,                       12,                       7.44
80,                            68,                       12,                       7.42
80,                            68,                       12,                       7.42
80,                            68,                       12,                       7.42
80,                            68,                       12,                       7.42
80,                            68,                       12,                       7.43
80,                            68,                       12,                       7.43
80,                            68,                       12,                       7.43
80,                            68,                       12,                       7.42
80,                            68,                       12,                       7.43
80,                            68,                       12,                       7.43
80,                            68,                       12,                       7.42
80,                            68,                       12,                       7.43
80,                            68,                       12,                       7.43
80,                            68,                       12,                       7.42
80,                            68,                       12,                       7.44
80,                            68,                       12,                       7.43
80,                            68,                       12,                       7.42
80,                            68,                       12,                       7.42
80,                            68,                       12,                       7.43
80,                            68,                       12,                       7.43
80,                            68,                       12,                       7.42
80,                            68,                       12,                       7.42
80,                            68,                       12,                       7.43
80,                            68,                       12,                       7.42
80,                            68,                       12,                       7.43
80,                            68,                       12,                       7.43
80,                            68,                       12,                       7.43
80,                            68,                       12,                       7.55
80,                            68,                       12,                       7.43
80,                            68,                       12,                       7.42
80,                            68,                       12,                       7.43
80,                            68,                       12,                       7.43
80,                            68,                       12,                       7.43
80,                            68,                       12,                       7.43
80,                            68,                       12,                       7.43
80,                            68,                       12,                       7.44
80,                            68,                       12,                       7.41
80,                            68,                       12,                       7.41
80,                            68,                       12,                       7.41
80,                            68,                       12,                       7.42
80,                            68,                       12,                       7.43
80,                            68,                       12,                       7.43
80,                            68,                       12,                       7.43
80,                            68,                       12,                       7.43
80,                            68,                       12,                       7.42
80,                            68,                       12,                       7.42
