COMMENT : The search result by Hill-Climbing for Cauchy_Good Fri Jan 26 15:13:44 2018

tech : Cauchy_Good
algorithm : Hill-Climbing
k : 8
m : 8
w : 5
failed_disk_id : 0
conventional_symbol_number    optimized_symbol_number    reduced_symbol_number    time
40,                            30,                       10,                       0.158245
40,                            30,                       10,                       0.163063
40,                            30,                       10,                       0.163689
40,                            30,                       10,                       0.162096
40,                            30,                       10,                       0.15955
40,                            30,                       10,                       0.158732
40,                            30,                       10,                       0.157645
40,                            30,                       10,                       0.16066
40,                            30,                       10,                       0.159597
40,                            30,                       10,                       0.167103
40,                            30,                       10,                       0.16538
40,                            30,                       10,                       0.168761
40,                            30,                       10,                       0.176727
40,                            30,                       10,                       0.170659
40,                            30,                       10,                       0.166073
40,                            30,                       10,                       0.166836
40,                            30,                       10,                       0.165083
40,                            30,                       10,                       0.166844
40,                            30,                       10,                       0.171208
40,                            30,                       10,                       0.156915
40,                            30,                       10,                       0.158414
40,                            30,                       10,                       0.158399
40,                            30,                       10,                       0.158335
40,                            30,                       10,                       0.156322
40,                            30,                       10,                       0.156883
40,                            30,                       10,                       0.158973
40,                            30,                       10,                       0.157909
40,                            30,                       10,                       0.155838
40,                            30,                       10,                       0.1583
40,                            30,                       10,                       0.160121
40,                            30,                       10,                       0.158431
40,                            30,                       10,                       0.156262
40,                            30,                       10,                       0.157104
40,                            30,                       10,                       0.175977
40,                            30,                       10,                       0.170891
40,                            30,                       10,                       0.156525
40,                            30,                       10,                       0.182252
40,                            30,                       10,                       0.161555
40,                            30,                       10,                       0.186253
40,                            30,                       10,                       0.158269
40,                            30,                       10,                       0.161459
40,                            30,                       10,                       0.160254
40,                            30,                       10,                       0.16379
40,                            30,                       10,                       0.160585
40,                            30,                       10,                       0.162187
40,                            30,                       10,                       0.160214
40,                            30,                       10,                       0.165137
40,                            30,                       10,                       0.162381
40,                            30,                       10,                       0.165941
40,                            30,                       10,                       0.189632
40,                            30,                       10,                       0.162378
40,                            30,                       10,                       0.161102
40,                            30,                       10,                       0.164305
40,                            30,                       10,                       0.161352
40,                            30,                       10,                       0.163063
40,                            30,                       10,                       0.161233
40,                            30,                       10,                       0.162123
40,                            30,                       10,                       0.163785
40,                            30,                       10,                       0.164214
40,                            30,                       10,                       0.168002
40,                            30,                       10,                       0.160072
40,                            30,                       10,                       0.164023
40,                            30,                       10,                       0.16799
40,                            30,                       10,                       0.161009
40,                            30,                       10,                       0.166226
40,                            30,                       10,                       0.160121
40,                            30,                       10,                       0.160431
40,                            30,                       10,                       0.161969
40,                            30,                       10,                       0.162136
40,                            30,                       10,                       0.158781
40,                            30,                       10,                       0.163981
40,                            30,                       10,                       0.158035
40,                            30,                       10,                       0.159553
40,                            30,                       10,                       0.162628
40,                            30,                       10,                       0.163556
40,                            30,                       10,                       0.159384
40,                            30,                       10,                       0.16426
40,                            30,                       10,                       0.160384
40,                            30,                       10,                       0.163489
40,                            30,                       10,                       0.169784
40,                            30,                       10,                       0.160009
40,                            30,                       10,                       0.160443
40,                            30,                       10,                       0.161932
40,                            30,                       10,                       0.16238
40,                            30,                       10,                       0.164216
40,                            30,                       10,                       0.160867
40,                            30,                       10,                       0.17141
40,                            30,                       10,                       0.171094
40,                            30,                       10,                       0.172318
40,                            30,                       10,                       0.164038
40,                            30,                       10,                       0.165655
40,                            30,                       10,                       0.162751
40,                            30,                       10,                       0.165493
40,                            30,                       10,                       0.162183
40,                            30,                       10,                       0.165345
40,                            30,                       10,                       0.163161
40,                            30,                       10,                       0.163315
40,                            30,                       10,                       0.165433
40,                            30,                       10,                       0.160961
40,                            30,                       10,                       0.163779
40,                            30,                       10,                       0.163028
40,                            30,                       10,                       0.161477
40,                            30,                       10,                       0.165609
40,                            30,                       10,                       0.164644
40,                            30,                       10,                       0.163397
40,                            30,                       10,                       0.17016
40,                            30,                       10,                       0.164949
40,                            30,                       10,                       0.161654
40,                            30,                       10,                       0.164735
40,                            30,                       10,                       0.165262
40,                            30,                       10,                       0.163639
40,                            30,                       10,                       0.171167
40,                            30,                       10,                       0.16374
40,                            30,                       10,                       0.169934
40,                            30,                       10,                       0.163743
40,                            30,                       10,                       0.163868
40,                            30,                       10,                       0.166098
40,                            30,                       10,                       0.166526
40,                            30,                       10,                       0.172845
40,                            30,                       10,                       0.163331
40,                            30,                       10,                       0.163355
40,                            30,                       10,                       0.163107
40,                            30,                       10,                       0.162242
40,                            30,                       10,                       0.160661
40,                            30,                       10,                       0.16408
40,                            30,                       10,                       0.162958
40,                            30,                       10,                       0.163459
40,                            30,                       10,                       0.166054
40,                            30,                       10,                       0.163369
40,                            30,                       10,                       0.163897
40,                            30,                       10,                       0.165514
40,                            30,                       10,                       0.164712
40,                            30,                       10,                       0.161211
40,                            30,                       10,                       0.162161
40,                            30,                       10,                       0.161548
40,                            30,                       10,                       0.162029
40,                            30,                       10,                       0.163966
40,                            30,                       10,                       0.164115
40,                            30,                       10,                       0.163732
40,                            30,                       10,                       0.161087
40,                            30,                       10,                       0.162505
40,                            30,                       10,                       0.161258
40,                            30,                       10,                       0.163119
40,                            30,                       10,                       0.162899
40,                            30,                       10,                       0.163516
40,                            30,                       10,                       0.163112
40,                            30,                       10,                       0.164282
40,                            30,                       10,                       0.162928
40,                            30,                       10,                       0.165854
40,                            30,                       10,                       0.162091
40,                            30,                       10,                       0.162225
40,                            30,                       10,                       0.162587
40,                            30,                       10,                       0.162364
40,                            30,                       10,                       0.163857
40,                            30,                       10,                       0.161296
40,                            30,                       10,                       0.162694
40,                            30,                       10,                       0.181913
40,                            30,                       10,                       0.168198
40,                            30,                       10,                       0.166732
40,                            30,                       10,                       0.162823
40,                            30,                       10,                       0.163008
40,                            30,                       10,                       0.163705
40,                            30,                       10,                       0.162497
40,                            30,                       10,                       0.160807
40,                            30,                       10,                       0.163693
40,                            30,                       10,                       0.163763
40,                            30,                       10,                       0.163035
40,                            30,                       10,                       0.164739
40,                            30,                       10,                       0.164066
40,                            30,                       10,                       0.164182
40,                            30,                       10,                       0.161081
40,                            30,                       10,                       0.168989
40,                            30,                       10,                       0.16502
40,                            30,                       10,                       0.167951
40,                            30,                       10,                       0.183179
40,                            30,                       10,                       0.163913
40,                            30,                       10,                       0.175818
40,                            30,                       10,                       0.166499
40,                            30,                       10,                       0.162884
40,                            30,                       10,                       0.170015
40,                            30,                       10,                       0.1664
40,                            30,                       10,                       0.170997
40,                            30,                       10,                       0.160206
40,                            30,                       10,                       0.16443
40,                            30,                       10,                       0.165961
40,                            30,                       10,                       0.166225
40,                            30,                       10,                       0.162632
40,                            30,                       10,                       0.162177
40,                            30,                       10,                       0.168578
40,                            30,                       10,                       0.166625
40,                            30,                       10,                       0.161532
40,                            30,                       10,                       0.163676
40,                            30,                       10,                       0.171344
40,                            30,                       10,                       0.165218
40,                            30,                       10,                       0.166812
40,                            30,                       10,                       0.163178
40,                            30,                       10,                       0.166365
40,                            30,                       10,                       0.160278
40,                            30,                       10,                       0.166272
40,                            30,                       10,                       0.166294
40,                            30,                       10,                       0.165121
40,                            30,                       10,                       0.163986
40,                            30,                       10,                       0.163648
40,                            30,                       10,                       0.169733
40,                            30,                       10,                       0.164102
40,                            30,                       10,                       0.163589
40,                            30,                       10,                       0.161198
40,                            30,                       10,                       0.173189
40,                            30,                       10,                       0.159888
40,                            30,                       10,                       0.162318
40,                            30,                       10,                       0.163
40,                            30,                       10,                       0.161145
40,                            30,                       10,                       0.167225
40,                            30,                       10,                       0.161523
40,                            30,                       10,                       0.167571
40,                            30,                       10,                       0.164458
40,                            30,                       10,                       0.164664
40,                            30,                       10,                       0.161567
40,                            30,                       10,                       0.161582
40,                            30,                       10,                       0.162889
40,                            30,                       10,                       0.162137
40,                            30,                       10,                       0.165634
40,                            30,                       10,                       0.164797
40,                            30,                       10,                       0.163308
40,                            30,                       10,                       0.163054
40,                            30,                       10,                       0.165828
40,                            30,                       10,                       0.163469
40,                            30,                       10,                       0.161052
40,                            30,                       10,                       0.168098
40,                            30,                       10,                       0.16238
40,                            30,                       10,                       0.166625
40,                            30,                       10,                       0.165269
40,                            30,                       10,                       0.167881
40,                            30,                       10,                       0.162907
40,                            30,                       10,                       0.163279
40,                            30,                       10,                       0.163536
40,                            30,                       10,                       0.163887
40,                            30,                       10,                       0.161602
40,                            30,                       10,                       0.166286
40,                            30,                       10,                       0.161693
40,                            30,                       10,                       0.165343
40,                            30,                       10,                       0.162736
40,                            30,                       10,                       0.162167
40,                            30,                       10,                       0.170022
40,                            30,                       10,                       0.165263
40,                            30,                       10,                       0.163193
40,                            30,                       10,                       0.166036
40,                            30,                       10,                       0.163233
40,                            30,                       10,                       0.163556
40,                            30,                       10,                       0.163484
40,                            30,                       10,                       0.166561
40,                            30,                       10,                       0.163271
40,                            30,                       10,                       0.165178
40,                            30,                       10,                       0.162799
40,                            30,                       10,                       0.173907
40,                            30,                       10,                       0.163791
40,                            30,                       10,                       0.16868
40,                            30,                       10,                       0.167043
40,                            30,                       10,                       0.164526
40,                            30,                       10,                       0.164335
40,                            30,                       10,                       0.18873
40,                            30,                       10,                       0.163988
40,                            30,                       10,                       0.163084
40,                            30,                       10,                       0.161896
40,                            30,                       10,                       0.162396
40,                            30,                       10,                       0.159886
40,                            30,                       10,                       0.158873
40,                            30,                       10,                       0.163548
40,                            30,                       10,                       0.165418
40,                            30,                       10,                       0.167242
40,                            30,                       10,                       0.163686
40,                            30,                       10,                       0.162482
40,                            30,                       10,                       0.163592
40,                            30,                       10,                       0.164214
40,                            30,                       10,                       0.180398
40,                            30,                       10,                       0.171625
40,                            30,                       10,                       0.16811
40,                            30,                       10,                       0.165639
40,                            30,                       10,                       0.164673
40,                            30,                       10,                       0.166182
40,                            30,                       10,                       0.165565
40,                            30,                       10,                       0.16432
40,                            30,                       10,                       0.166182
40,                            30,                       10,                       0.163826
40,                            30,                       10,                       0.166268
40,                            30,                       10,                       0.166622
40,                            30,                       10,                       0.171729
40,                            30,                       10,                       0.164087
40,                            30,                       10,                       0.165224
40,                            30,                       10,                       0.173191
40,                            30,                       10,                       0.16322
40,                            30,                       10,                       0.165933
40,                            30,                       10,                       0.164985
40,                            30,                       10,                       0.164197
40,                            30,                       10,                       0.179483
40,                            30,                       10,                       0.171161
40,                            30,                       10,                       0.178359
40,                            30,                       10,                       0.164628
40,                            30,                       10,                       0.197889
40,                            30,                       10,                       0.171788
