COMMENT : The search result by Hill-Climbing for Cauchy_Good Fri Jan 26 15:13:36 2018

tech : Cauchy_Good
algorithm : Hill-Climbing
k : 8
m : 4
w : 4
failed_disk_id : 0
conventional_symbol_number    optimized_symbol_number    reduced_symbol_number    time
32,                            25,                       7,                       0.004216
32,                            25,                       7,                       0.005257
32,                            25,                       7,                       0.004352
32,                            25,                       7,                       0.004366
32,                            25,                       7,                       0.00494
32,                            25,                       7,                       0.004258
32,                            25,                       7,                       0.004272
32,                            25,                       7,                       0.004479
32,                            25,                       7,                       0.005543
32,                            25,                       7,                       0.004469
32,                            25,                       7,                       0.004431
32,                            25,                       7,                       0.004649
32,                            25,                       7,                       0.004506
32,                            25,                       7,                       0.004282
32,                            25,                       7,                       0.00454
32,                            25,                       7,                       0.00463
32,                            25,                       7,                       0.004498
32,                            25,                       7,                       0.004867
32,                            25,                       7,                       0.005455
32,                            25,                       7,                       0.004323
32,                            25,                       7,                       0.004204
32,                            25,                       7,                       0.004285
32,                            25,                       7,                       0.004325
32,                            25,                       7,                       0.004375
32,                            25,                       7,                       0.004272
32,                            25,                       7,                       0.004428
32,                            25,                       7,                       0.004388
32,                            25,                       7,                       0.004323
32,                            25,                       7,                       0.004323
32,                            25,                       7,                       0.004679
32,                            25,                       7,                       0.004277
32,                            25,                       7,                       0.004241
32,                            25,                       7,                       0.00452
32,                            25,                       7,                       0.0043
32,                            25,                       7,                       0.004367
32,                            25,                       7,                       0.004188
32,                            25,                       7,                       0.00426
32,                            25,                       7,                       0.004497
32,                            25,                       7,                       0.005897
32,                            25,                       7,                       0.004716
32,                            25,                       7,                       0.004371
32,                            25,                       7,                       0.004292
32,                            25,                       7,                       0.004269
32,                            25,                       7,                       0.004451
32,                            25,                       7,                       0.004735
32,                            25,                       7,                       0.005605
32,                            25,                       7,                       0.004539
32,                            25,                       7,                       0.005055
32,                            25,                       7,                       0.00449
32,                            25,                       7,                       0.004466
32,                            25,                       7,                       0.004615
32,                            25,                       7,                       0.004214
32,                            25,                       7,                       0.004817
32,                            25,                       7,                       0.00562
32,                            25,                       7,                       0.004339
32,                            25,                       7,                       0.004307
32,                            25,                       7,                       0.005204
32,                            25,                       7,                       0.00453
32,                            25,                       7,                       0.004441
32,                            25,                       7,                       0.004714
32,                            25,                       7,                       0.004443
32,                            25,                       7,                       0.004238
32,                            25,                       7,                       0.004316
32,                            25,                       7,                       0.004855
32,                            25,                       7,                       0.005036
32,                            25,                       7,                       0.004985
32,                            25,                       7,                       0.00445
32,                            25,                       7,                       0.00418
32,                            25,                       7,                       0.00435
32,                            25,                       7,                       0.00424
32,                            25,                       7,                       0.004527
32,                            25,                       7,                       0.004758
32,                            25,                       7,                       0.005231
32,                            25,                       7,                       0.004495
32,                            25,                       7,                       0.00426
32,                            25,                       7,                       0.004403
32,                            25,                       7,                       0.004232
32,                            25,                       7,                       0.005095
32,                            25,                       7,                       0.004405
32,                            25,                       7,                       0.004641
32,                            25,                       7,                       0.005046
32,                            25,                       7,                       0.004435
32,                            25,                       7,                       0.004354
32,                            25,                       7,                       0.004517
32,                            25,                       7,                       0.004309
32,                            25,                       7,                       0.00476
32,                            25,                       7,                       0.00453
32,                            25,                       7,                       0.004516
32,                            25,                       7,                       0.00431
32,                            25,                       7,                       0.005326
32,                            25,                       7,                       0.004422
32,                            25,                       7,                       0.00441
32,                            25,                       7,                       0.004452
32,                            25,                       7,                       0.004806
32,                            25,                       7,                       0.004491
32,                            25,                       7,                       0.004236
32,                            25,                       7,                       0.005009
32,                            25,                       7,                       0.004353
32,                            25,                       7,                       0.004885
32,                            25,                       7,                       0.004326
32,                            25,                       7,                       0.00484
32,                            25,                       7,                       0.004248
32,                            25,                       7,                       0.004495
32,                            25,                       7,                       0.005138
32,                            25,                       7,                       0.00423
32,                            25,                       7,                       0.005184
32,                            25,                       7,                       0.004574
32,                            25,                       7,                       0.004493
32,                            25,                       7,                       0.00468
32,                            25,                       7,                       0.004704
32,                            25,                       7,                       0.005622
32,                            25,                       7,                       0.00445
32,                            25,                       7,                       0.004293
32,                            25,                       7,                       0.004419
32,                            25,                       7,                       0.005191
32,                            25,                       7,                       0.004249
32,                            25,                       7,                       0.004368
32,                            25,                       7,                       0.004958
32,                            25,                       7,                       0.004505
32,                            25,                       7,                       0.004243
32,                            25,                       7,                       0.004512
32,                            25,                       7,                       0.005259
32,                            25,                       7,                       0.004306
32,                            25,                       7,                       0.004316
32,                            25,                       7,                       0.004382
32,                            25,                       7,                       0.004891
32,                            25,                       7,                       0.004729
32,                            25,                       7,                       0.004934
32,                            25,                       7,                       0.004787
32,                            25,                       7,                       0.004605
32,                            25,                       7,                       0.004288
32,                            25,                       7,                       0.004429
32,                            25,                       7,                       0.005019
32,                            25,                       7,                       0.004528
32,                            25,                       7,                       0.004992
32,                            25,                       7,                       0.00441
32,                            25,                       7,                       0.004813
32,                            25,                       7,                       0.004387
32,                            25,                       7,                       0.00429
32,                            25,                       7,                       0.004259
32,                            25,                       7,                       0.004689
32,                            25,                       7,                       0.004819
32,                            25,                       7,                       0.0045
32,                            25,                       7,                       0.004295
32,                            25,                       7,                       0.00495
32,                            25,                       7,                       0.004335
32,                            25,                       7,                       0.004417
32,                            25,                       7,                       0.004471
32,                            25,                       7,                       0.004308
32,                            25,                       7,                       0.004841
32,                            25,                       7,                       0.004435
32,                            25,                       7,                       0.004373
32,                            25,                       7,                       0.00433
32,                            25,                       7,                       0.004359
32,                            25,                       7,                       0.004539
32,                            25,                       7,                       0.004829
32,                            25,                       7,                       0.004375
32,                            25,                       7,                       0.004895
32,                            25,                       7,                       0.004311
32,                            25,                       7,                       0.004608
32,                            25,                       7,                       0.004556
32,                            25,                       7,                       0.004402
32,                            25,                       7,                       0.004314
32,                            25,                       7,                       0.004917
32,                            25,                       7,                       0.004695
32,                            25,                       7,                       0.004444
32,                            25,                       7,                       0.004409
32,                            25,                       7,                       0.004279
32,                            25,                       7,                       0.005392
32,                            25,                       7,                       0.004377
32,                            25,                       7,                       0.004508
32,                            25,                       7,                       0.004524
32,                            25,                       7,                       0.004938
32,                            25,                       7,                       0.004271
32,                            25,                       7,                       0.004424
32,                            25,                       7,                       0.00445
32,                            25,                       7,                       0.004646
32,                            25,                       7,                       0.004729
32,                            25,                       7,                       0.0051
32,                            25,                       7,                       0.004303
32,                            25,                       7,                       0.004349
32,                            25,                       7,                       0.004306
32,                            25,                       7,                       0.005258
32,                            25,                       7,                       0.00427
32,                            25,                       7,                       0.004272
32,                            25,                       7,                       0.004411
32,                            25,                       7,                       0.004797
32,                            25,                       7,                       0.004965
32,                            25,                       7,                       0.004798
32,                            25,                       7,                       0.004465
32,                            25,                       7,                       0.005407
32,                            25,                       7,                       0.004286
32,                            25,                       7,                       0.005384
32,                            25,                       7,                       0.004695
32,                            25,                       7,                       0.00445
32,                            25,                       7,                       0.004954
32,                            25,                       7,                       0.004697
32,                            25,                       7,                       0.004429
32,                            25,                       7,                       0.004644
32,                            25,                       7,                       0.004487
32,                            25,                       7,                       0.004219
32,                            25,                       7,                       0.004485
32,                            25,                       7,                       0.004351
32,                            25,                       7,                       0.004418
32,                            25,                       7,                       0.0048
32,                            25,                       7,                       0.004604
32,                            25,                       7,                       0.00495
32,                            25,                       7,                       0.004829
32,                            25,                       7,                       0.004505
32,                            25,                       7,                       0.004528
32,                            25,                       7,                       0.004428
32,                            25,                       7,                       0.004352
32,                            25,                       7,                       0.004421
32,                            25,                       7,                       0.004294
32,                            25,                       7,                       0.005834
32,                            25,                       7,                       0.004319
32,                            25,                       7,                       0.004803
32,                            25,                       7,                       0.004442
32,                            25,                       7,                       0.004224
32,                            25,                       7,                       0.00539
32,                            25,                       7,                       0.004344
32,                            25,                       7,                       0.004444
32,                            25,                       7,                       0.004613
32,                            25,                       7,                       0.004447
32,                            25,                       7,                       0.004262
32,                            25,                       7,                       0.004257
32,                            25,                       7,                       0.004288
32,                            25,                       7,                       0.004275
32,                            25,                       7,                       0.004855
32,                            25,                       7,                       0.004394
32,                            25,                       7,                       0.004405
32,                            25,                       7,                       0.00456
32,                            25,                       7,                       0.004282
32,                            25,                       7,                       0.004341
32,                            25,                       7,                       0.004391
32,                            25,                       7,                       0.004299
32,                            25,                       7,                       0.00445
32,                            25,                       7,                       0.005835
32,                            25,                       7,                       0.005149
32,                            25,                       7,                       0.004315
32,                            25,                       7,                       0.004362
32,                            25,                       7,                       0.004669
32,                            25,                       7,                       0.004409
32,                            25,                       7,                       0.004384
32,                            25,                       7,                       0.005546
32,                            25,                       7,                       0.004673
32,                            25,                       7,                       0.004405
32,                            25,                       7,                       0.004294
32,                            25,                       7,                       0.005058
32,                            25,                       7,                       0.005244
32,                            25,                       7,                       0.004524
32,                            25,                       7,                       0.004934
32,                            25,                       7,                       0.004614
32,                            25,                       7,                       0.005068
32,                            25,                       7,                       0.004243
32,                            25,                       7,                       0.004512
32,                            25,                       7,                       0.004865
32,                            25,                       7,                       0.005064
32,                            25,                       7,                       0.004649
32,                            25,                       7,                       0.004538
32,                            25,                       7,                       0.004786
32,                            25,                       7,                       0.004422
32,                            25,                       7,                       0.004363
32,                            25,                       7,                       0.004337
32,                            25,                       7,                       0.004544
32,                            25,                       7,                       0.004314
32,                            25,                       7,                       0.004293
32,                            25,                       7,                       0.0045
32,                            25,                       7,                       0.004235
32,                            25,                       7,                       0.004164
32,                            25,                       7,                       0.004674
32,                            25,                       7,                       0.004587
32,                            25,                       7,                       0.004283
32,                            25,                       7,                       0.004333
32,                            25,                       7,                       0.004319
32,                            25,                       7,                       0.004363
32,                            25,                       7,                       0.005341
32,                            25,                       7,                       0.004437
32,                            25,                       7,                       0.004332
32,                            25,                       7,                       0.005073
32,                            25,                       7,                       0.004507
32,                            25,                       7,                       0.005236
32,                            25,                       7,                       0.004299
32,                            25,                       7,                       0.004383
32,                            25,                       7,                       0.004275
32,                            25,                       7,                       0.004887
32,                            25,                       7,                       0.005457
32,                            25,                       7,                       0.004732
32,                            25,                       7,                       0.004344
32,                            25,                       7,                       0.004512
32,                            25,                       7,                       0.004959
32,                            25,                       7,                       0.004297
32,                            25,                       7,                       0.00469
32,                            25,                       7,                       0.005214
32,                            25,                       7,                       0.005464
32,                            25,                       7,                       0.004549
32,                            25,                       7,                       0.004381
32,                            25,                       7,                       0.004464
32,                            25,                       7,                       0.004385
32,                            25,                       7,                       0.005333
