COMMENT : The search result by Hill-Climbing for Cauchy_Good Fri Jan 26 15:13:16 2018

tech : Cauchy_Good
algorithm : Hill-Climbing
k : 3
m : 3
w : 8
failed_disk_id : 0
conventional_symbol_number    optimized_symbol_number    reduced_symbol_number    time
24,                            19,                       5,                       0.12198
24,                            19,                       5,                       0.12257
24,                            19,                       5,                       0.123445
24,                            19,                       5,                       0.120885
24,                            19,                       5,                       0.13184
24,                            19,                       5,                       0.12615
24,                            19,                       5,                       0.120543
24,                            19,                       5,                       0.122962
24,                            19,                       5,                       0.130374
24,                            19,                       5,                       0.123282
24,                            19,                       5,                       0.121903
24,                            19,                       5,                       0.121776
24,                            19,                       5,                       0.127602
24,                            19,                       5,                       0.130559
24,                            19,                       5,                       0.130225
24,                            19,                       5,                       0.126161
24,                            19,                       5,                       0.12932
24,                            19,                       5,                       0.131455
24,                            19,                       5,                       0.129903
24,                            19,                       5,                       0.132152
24,                            19,                       5,                       0.122323
24,                            19,                       5,                       0.124662
24,                            19,                       5,                       0.12378
24,                            19,                       5,                       0.124686
24,                            19,                       5,                       0.123474
24,                            19,                       5,                       0.121802
24,                            19,                       5,                       0.124204
24,                            19,                       5,                       0.124535
24,                            19,                       5,                       0.121379
24,                            19,                       5,                       0.121916
24,                            19,                       5,                       0.121423
24,                            19,                       5,                       0.124114
24,                            19,                       5,                       0.120301
24,                            19,                       5,                       0.121801
24,                            19,                       5,                       0.124858
24,                            19,                       5,                       0.13415
24,                            19,                       5,                       0.121349
24,                            19,                       5,                       0.123167
24,                            19,                       5,                       0.124225
24,                            19,                       5,                       0.131266
24,                            19,                       5,                       0.130595
24,                            19,                       5,                       0.127381
24,                            19,                       5,                       0.146864
24,                            19,                       5,                       0.122653
24,                            19,                       5,                       0.123308
24,                            19,                       5,                       0.13582
24,                            19,                       5,                       0.126355
24,                            19,                       5,                       0.127699
24,                            19,                       5,                       0.126326
24,                            19,                       5,                       0.161576
24,                            19,                       5,                       0.127159
24,                            19,                       5,                       0.124011
24,                            19,                       5,                       0.126376
24,                            19,                       5,                       0.126091
24,                            19,                       5,                       0.124525
24,                            19,                       5,                       0.131169
24,                            19,                       5,                       0.124421
24,                            19,                       5,                       0.124479
24,                            19,                       5,                       0.127327
24,                            19,                       5,                       0.126569
24,                            19,                       5,                       0.127939
24,                            19,                       5,                       0.125772
24,                            19,                       5,                       0.125244
24,                            19,                       5,                       0.124017
24,                            19,                       5,                       0.123577
24,                            19,                       5,                       0.151156
24,                            19,                       5,                       0.12291
24,                            19,                       5,                       0.123811
24,                            19,                       5,                       0.123214
24,                            19,                       5,                       0.124607
24,                            19,                       5,                       0.123783
24,                            19,                       5,                       0.123148
24,                            19,                       5,                       0.123179
24,                            19,                       5,                       0.122841
24,                            19,                       5,                       0.127737
24,                            19,                       5,                       0.123355
24,                            19,                       5,                       0.130475
24,                            19,                       5,                       0.128906
24,                            19,                       5,                       0.129572
24,                            19,                       5,                       0.132661
24,                            19,                       5,                       0.128096
24,                            19,                       5,                       0.124943
24,                            19,                       5,                       0.124391
24,                            19,                       5,                       0.124671
24,                            19,                       5,                       0.125786
24,                            19,                       5,                       0.124847
24,                            19,                       5,                       0.127199
24,                            19,                       5,                       0.125295
24,                            19,                       5,                       0.126606
24,                            19,                       5,                       0.130331
24,                            19,                       5,                       0.124861
24,                            19,                       5,                       0.126942
24,                            19,                       5,                       0.123948
24,                            19,                       5,                       0.129824
24,                            19,                       5,                       0.125224
24,                            19,                       5,                       0.12688
24,                            19,                       5,                       0.12595
24,                            19,                       5,                       0.126733
24,                            19,                       5,                       0.126389
24,                            19,                       5,                       0.124312
24,                            19,                       5,                       0.127762
24,                            19,                       5,                       0.124158
24,                            19,                       5,                       0.125477
24,                            19,                       5,                       0.123816
24,                            19,                       5,                       0.126007
24,                            19,                       5,                       0.123783
24,                            19,                       5,                       0.127813
24,                            19,                       5,                       0.126846
24,                            19,                       5,                       0.130717
24,                            19,                       5,                       0.124747
24,                            19,                       5,                       0.128274
24,                            19,                       5,                       0.128772
24,                            19,                       5,                       0.131662
24,                            19,                       5,                       0.131758
24,                            19,                       5,                       0.129461
24,                            19,                       5,                       0.127251
24,                            19,                       5,                       0.125774
24,                            19,                       5,                       0.132058
24,                            19,                       5,                       0.124229
24,                            19,                       5,                       0.127278
24,                            19,                       5,                       0.125186
24,                            19,                       5,                       0.12846
24,                            19,                       5,                       0.12561
24,                            19,                       5,                       0.129856
24,                            19,                       5,                       0.128678
24,                            19,                       5,                       0.12479
24,                            19,                       5,                       0.12637
24,                            19,                       5,                       0.128562
24,                            19,                       5,                       0.126734
24,                            19,                       5,                       0.127227
24,                            19,                       5,                       0.125591
24,                            19,                       5,                       0.124069
24,                            19,                       5,                       0.125246
24,                            19,                       5,                       0.127709
24,                            19,                       5,                       0.125261
24,                            19,                       5,                       0.139903
24,                            19,                       5,                       0.127576
24,                            19,                       5,                       0.125938
24,                            19,                       5,                       0.125896
24,                            19,                       5,                       0.125223
24,                            19,                       5,                       0.125768
24,                            19,                       5,                       0.12883
24,                            19,                       5,                       0.125417
24,                            19,                       5,                       0.127801
24,                            19,                       5,                       0.126053
24,                            19,                       5,                       0.124792
24,                            19,                       5,                       0.125661
24,                            19,                       5,                       0.125703
24,                            19,                       5,                       0.12597
24,                            19,                       5,                       0.126701
24,                            19,                       5,                       0.125466
24,                            19,                       5,                       0.126267
24,                            19,                       5,                       0.127097
24,                            19,                       5,                       0.124673
24,                            19,                       5,                       0.123916
24,                            19,                       5,                       0.125196
24,                            19,                       5,                       0.125577
24,                            19,                       5,                       0.125822
24,                            19,                       5,                       0.124703
24,                            19,                       5,                       0.130971
24,                            19,                       5,                       0.126308
24,                            19,                       5,                       0.124755
24,                            19,                       5,                       0.126284
24,                            19,                       5,                       0.12538
24,                            19,                       5,                       0.126094
24,                            19,                       5,                       0.129486
24,                            19,                       5,                       0.125636
24,                            19,                       5,                       0.125731
24,                            19,                       5,                       0.126011
24,                            19,                       5,                       0.126402
24,                            19,                       5,                       0.128346
24,                            19,                       5,                       0.125061
24,                            19,                       5,                       0.126733
24,                            19,                       5,                       0.125841
24,                            19,                       5,                       0.125178
24,                            19,                       5,                       0.129793
24,                            19,                       5,                       0.128847
24,                            19,                       5,                       0.124855
24,                            19,                       5,                       0.126678
24,                            19,                       5,                       0.127801
24,                            19,                       5,                       0.125017
24,                            19,                       5,                       0.126368
24,                            19,                       5,                       0.132346
24,                            19,                       5,                       0.126994
24,                            19,                       5,                       0.126089
24,                            19,                       5,                       0.127534
24,                            19,                       5,                       0.12605
24,                            19,                       5,                       0.127844
24,                            19,                       5,                       0.126071
24,                            19,                       5,                       0.125019
24,                            19,                       5,                       0.12624
24,                            19,                       5,                       0.125209
24,                            19,                       5,                       0.126364
24,                            19,                       5,                       0.131263
24,                            19,                       5,                       0.125441
24,                            19,                       5,                       0.125672
24,                            19,                       5,                       0.125381
24,                            19,                       5,                       0.125315
24,                            19,                       5,                       0.125704
24,                            19,                       5,                       0.131454
24,                            19,                       5,                       0.126395
24,                            19,                       5,                       0.126138
24,                            19,                       5,                       0.125378
24,                            19,                       5,                       0.125064
24,                            19,                       5,                       0.124595
24,                            19,                       5,                       0.127036
24,                            19,                       5,                       0.128232
24,                            19,                       5,                       0.125698
24,                            19,                       5,                       0.126143
24,                            19,                       5,                       0.126032
24,                            19,                       5,                       0.125769
24,                            19,                       5,                       0.124848
24,                            19,                       5,                       0.125631
24,                            19,                       5,                       0.123685
24,                            19,                       5,                       0.12844
24,                            19,                       5,                       0.127815
24,                            19,                       5,                       0.128193
24,                            19,                       5,                       0.127643
24,                            19,                       5,                       0.129903
24,                            19,                       5,                       0.125133
24,                            19,                       5,                       0.12628
24,                            19,                       5,                       0.127718
24,                            19,                       5,                       0.124276
24,                            19,                       5,                       0.126417
24,                            19,                       5,                       0.130497
24,                            19,                       5,                       0.124723
24,                            19,                       5,                       0.125166
24,                            19,                       5,                       0.12409
24,                            19,                       5,                       0.124056
24,                            19,                       5,                       0.127101
24,                            19,                       5,                       0.126852
24,                            19,                       5,                       0.125491
24,                            19,                       5,                       0.126924
24,                            19,                       5,                       0.127567
24,                            19,                       5,                       0.125281
24,                            19,                       5,                       0.127692
24,                            19,                       5,                       0.125963
24,                            19,                       5,                       0.134732
24,                            19,                       5,                       0.125506
24,                            19,                       5,                       0.125809
24,                            19,                       5,                       0.124913
24,                            19,                       5,                       0.124804
24,                            19,                       5,                       0.127299
24,                            19,                       5,                       0.127943
24,                            19,                       5,                       0.124376
24,                            19,                       5,                       0.125797
24,                            19,                       5,                       0.125019
24,                            19,                       5,                       0.127112
24,                            19,                       5,                       0.130039
24,                            19,                       5,                       0.126356
24,                            19,                       5,                       0.132479
24,                            19,                       5,                       0.125988
24,                            19,                       5,                       0.126733
24,                            19,                       5,                       0.128013
24,                            19,                       5,                       0.125372
24,                            19,                       5,                       0.146038
24,                            19,                       5,                       0.128427
24,                            19,                       5,                       0.126372
24,                            19,                       5,                       0.128804
24,                            19,                       5,                       0.125169
24,                            19,                       5,                       0.127155
24,                            19,                       5,                       0.129365
24,                            19,                       5,                       0.127687
24,                            19,                       5,                       0.128144
24,                            19,                       5,                       0.128058
24,                            19,                       5,                       0.126715
24,                            19,                       5,                       0.123513
24,                            19,                       5,                       0.124063
24,                            19,                       5,                       0.124746
24,                            19,                       5,                       0.128946
24,                            19,                       5,                       0.12774
24,                            19,                       5,                       0.123522
24,                            19,                       5,                       0.125956
24,                            19,                       5,                       0.126995
24,                            19,                       5,                       0.126701
24,                            19,                       5,                       0.126372
24,                            19,                       5,                       0.126605
24,                            19,                       5,                       0.127466
24,                            19,                       5,                       0.128435
24,                            19,                       5,                       0.12965
24,                            19,                       5,                       0.132602
24,                            19,                       5,                       0.128804
24,                            19,                       5,                       0.126679
24,                            19,                       5,                       0.126855
24,                            19,                       5,                       0.127356
24,                            19,                       5,                       0.136414
24,                            19,                       5,                       0.127626
24,                            19,                       5,                       0.131159
24,                            19,                       5,                       0.127327
24,                            19,                       5,                       0.129994
24,                            19,                       5,                       0.130437
24,                            19,                       5,                       0.126999
24,                            19,                       5,                       0.129303
24,                            19,                       5,                       0.134874
24,                            19,                       5,                       0.129954
24,                            19,                       5,                       0.127064
24,                            19,                       5,                       0.128854
24,                            19,                       5,                       0.131865
24,                            19,                       5,                       0.132444
24,                            19,                       5,                       0.129234
