COMMENT : The search result by Hill-Climbing for Cauchy_Good Fri Jan 26 15:13:16 2018

tech : Cauchy_Good
algorithm : Hill-Climbing
k : 3
m : 2
w : 6
failed_disk_id : 0
conventional_symbol_number    optimized_symbol_number    reduced_symbol_number    time
18,                            13,                       5,                       0.001552
18,                            13,                       5,                       0.001706
18,                            13,                       5,                       0.00166
18,                            13,                       5,                       0.001709
18,                            13,                       5,                       0.001654
18,                            13,                       5,                       0.001611
18,                            13,                       5,                       0.001528
18,                            13,                       5,                       0.001637
18,                            13,                       5,                       0.001567
18,                            13,                       5,                       0.001896
18,                            13,                       5,                       0.001608
18,                            13,                       5,                       0.001696
18,                            13,                       5,                       0.001735
18,                            13,                       5,                       0.001667
18,                            13,                       5,                       0.001653
18,                            13,                       5,                       0.001666
18,                            13,                       5,                       0.001716
18,                            13,                       5,                       0.001814
18,                            13,                       5,                       0.001639
18,                            13,                       5,                       0.001676
18,                            13,                       5,                       0.001545
18,                            13,                       5,                       0.001867
18,                            13,                       5,                       0.001464
18,                            13,                       5,                       0.00173
18,                            13,                       5,                       0.001698
18,                            13,                       5,                       0.001762
18,                            13,                       5,                       0.001669
18,                            13,                       5,                       0.001769
18,                            13,                       5,                       0.001587
18,                            13,                       5,                       0.001682
18,                            13,                       5,                       0.00174
18,                            13,                       5,                       0.00159
18,                            13,                       5,                       0.001766
18,                            13,                       5,                       0.001801
18,                            13,                       5,                       0.001567
18,                            13,                       5,                       0.001638
18,                            13,                       5,                       0.001594
18,                            13,                       5,                       0.001596
18,                            13,                       5,                       0.001607
18,                            13,                       5,                       0.002044
18,                            13,                       5,                       0.001552
18,                            13,                       5,                       0.001515
18,                            13,                       5,                       0.001593
18,                            13,                       5,                       0.00183
18,                            13,                       5,                       0.001585
18,                            13,                       5,                       0.001593
18,                            13,                       5,                       0.001607
18,                            13,                       5,                       0.001542
18,                            13,                       5,                       0.001622
18,                            13,                       5,                       0.002184
18,                            13,                       5,                       0.001621
18,                            13,                       5,                       0.001648
18,                            13,                       5,                       0.001573
18,                            13,                       5,                       0.001651
18,                            13,                       5,                       0.001543
18,                            13,                       5,                       0.001619
18,                            13,                       5,                       0.001523
18,                            13,                       5,                       0.001617
18,                            13,                       5,                       0.001674
18,                            13,                       5,                       0.0017
18,                            13,                       5,                       0.001629
18,                            13,                       5,                       0.001978
18,                            13,                       5,                       0.00163
18,                            13,                       5,                       0.001733
18,                            13,                       5,                       0.001669
18,                            13,                       5,                       0.001569
18,                            13,                       5,                       0.001641
18,                            13,                       5,                       0.001841
18,                            13,                       5,                       0.001584
18,                            13,                       5,                       0.001563
18,                            13,                       5,                       0.001604
18,                            13,                       5,                       0.00175
18,                            13,                       5,                       0.001537
18,                            13,                       5,                       0.001697
18,                            13,                       5,                       0.001731
18,                            13,                       5,                       0.001631
18,                            13,                       5,                       0.001894
18,                            13,                       5,                       0.001536
18,                            13,                       5,                       0.001536
18,                            13,                       5,                       0.001845
18,                            13,                       5,                       0.001543
18,                            13,                       5,                       0.00169
18,                            13,                       5,                       0.001515
18,                            13,                       5,                       0.001836
18,                            13,                       5,                       0.001776
18,                            13,                       5,                       0.001813
18,                            13,                       5,                       0.001609
18,                            13,                       5,                       0.001795
18,                            13,                       5,                       0.00153
18,                            13,                       5,                       0.001512
18,                            13,                       5,                       0.001854
18,                            13,                       5,                       0.00159
18,                            13,                       5,                       0.001581
18,                            13,                       5,                       0.001633
18,                            13,                       5,                       0.001687
18,                            13,                       5,                       0.001523
18,                            13,                       5,                       0.00146
18,                            13,                       5,                       0.001845
18,                            13,                       5,                       0.001651
18,                            13,                       5,                       0.001594
18,                            13,                       5,                       0.001614
18,                            13,                       5,                       0.001591
18,                            13,                       5,                       0.001542
18,                            13,                       5,                       0.001665
18,                            13,                       5,                       0.00158
18,                            13,                       5,                       0.001654
18,                            13,                       5,                       0.001695
18,                            13,                       5,                       0.001541
18,                            13,                       5,                       0.001616
18,                            13,                       5,                       0.00177
18,                            13,                       5,                       0.001578
18,                            13,                       5,                       0.001622
18,                            13,                       5,                       0.001826
18,                            13,                       5,                       0.001834
18,                            13,                       5,                       0.002073
18,                            13,                       5,                       0.001594
18,                            13,                       5,                       0.001526
18,                            13,                       5,                       0.00164
18,                            13,                       5,                       0.001717
18,                            13,                       5,                       0.001714
18,                            13,                       5,                       0.001592
18,                            13,                       5,                       0.001587
18,                            13,                       5,                       0.001631
18,                            13,                       5,                       0.001603
18,                            13,                       5,                       0.001567
18,                            13,                       5,                       0.00177
18,                            13,                       5,                       0.002041
18,                            13,                       5,                       0.001589
18,                            13,                       5,                       0.001688
18,                            13,                       5,                       0.001546
18,                            13,                       5,                       0.001538
18,                            13,                       5,                       0.001601
18,                            13,                       5,                       0.001578
18,                            13,                       5,                       0.001607
18,                            13,                       5,                       0.00169
18,                            13,                       5,                       0.001662
18,                            13,                       5,                       0.001811
18,                            13,                       5,                       0.001573
18,                            13,                       5,                       0.001722
18,                            13,                       5,                       0.001546
18,                            13,                       5,                       0.001688
18,                            13,                       5,                       0.001563
18,                            13,                       5,                       0.001898
18,                            13,                       5,                       0.001844
18,                            13,                       5,                       0.001627
18,                            13,                       5,                       0.001606
18,                            13,                       5,                       0.001604
18,                            13,                       5,                       0.001562
18,                            13,                       5,                       0.002263
18,                            13,                       5,                       0.001657
18,                            13,                       5,                       0.001522
18,                            13,                       5,                       0.002788
18,                            13,                       5,                       0.001582
18,                            13,                       5,                       0.001706
18,                            13,                       5,                       0.001581
18,                            13,                       5,                       0.001669
18,                            13,                       5,                       0.001583
18,                            13,                       5,                       0.001585
18,                            13,                       5,                       0.00162
18,                            13,                       5,                       0.001661
18,                            13,                       5,                       0.001794
18,                            13,                       5,                       0.001604
18,                            13,                       5,                       0.001621
18,                            13,                       5,                       0.001555
18,                            13,                       5,                       0.001694
18,                            13,                       5,                       0.001604
18,                            13,                       5,                       0.001643
18,                            13,                       5,                       0.001647
18,                            13,                       5,                       0.00179
18,                            13,                       5,                       0.001629
18,                            13,                       5,                       0.001627
18,                            13,                       5,                       0.001565
18,                            13,                       5,                       0.001553
18,                            13,                       5,                       0.001729
18,                            13,                       5,                       0.001685
18,                            13,                       5,                       0.001832
18,                            13,                       5,                       0.001604
18,                            13,                       5,                       0.001613
18,                            13,                       5,                       0.001559
18,                            13,                       5,                       0.001773
18,                            13,                       5,                       0.001509
18,                            13,                       5,                       0.001826
18,                            13,                       5,                       0.001746
18,                            13,                       5,                       0.0016
18,                            13,                       5,                       0.001556
18,                            13,                       5,                       0.001597
18,                            13,                       5,                       0.001648
18,                            13,                       5,                       0.001542
18,                            13,                       5,                       0.001609
18,                            13,                       5,                       0.002038
18,                            13,                       5,                       0.001631
18,                            13,                       5,                       0.001646
18,                            13,                       5,                       0.001958
18,                            13,                       5,                       0.001732
18,                            13,                       5,                       0.001787
18,                            13,                       5,                       0.001552
18,                            13,                       5,                       0.001637
18,                            13,                       5,                       0.001672
18,                            13,                       5,                       0.001738
18,                            13,                       5,                       0.001688
18,                            13,                       5,                       0.001663
18,                            13,                       5,                       0.001663
18,                            13,                       5,                       0.001564
18,                            13,                       5,                       0.001599
18,                            13,                       5,                       0.001581
18,                            13,                       5,                       0.001611
18,                            13,                       5,                       0.00159
18,                            13,                       5,                       0.001766
18,                            13,                       5,                       0.001545
18,                            13,                       5,                       0.001532
18,                            13,                       5,                       0.00169
18,                            13,                       5,                       0.001533
18,                            13,                       5,                       0.001893
18,                            13,                       5,                       0.001561
18,                            13,                       5,                       0.001629
18,                            13,                       5,                       0.00189
18,                            13,                       5,                       0.001695
18,                            13,                       5,                       0.001722
18,                            13,                       5,                       0.001686
18,                            13,                       5,                       0.001845
18,                            13,                       5,                       0.001577
18,                            13,                       5,                       0.001578
18,                            13,                       5,                       0.001657
18,                            13,                       5,                       0.001596
18,                            13,                       5,                       0.001533
18,                            13,                       5,                       0.0016
18,                            13,                       5,                       0.001602
18,                            13,                       5,                       0.001587
18,                            13,                       5,                       0.00181
18,                            13,                       5,                       0.002222
18,                            13,                       5,                       0.001651
18,                            13,                       5,                       0.001624
18,                            13,                       5,                       0.001846
18,                            13,                       5,                       0.001785
18,                            13,                       5,                       0.001643
18,                            13,                       5,                       0.001592
18,                            13,                       5,                       0.001886
18,                            13,                       5,                       0.002195
18,                            13,                       5,                       0.001641
18,                            13,                       5,                       0.001569
18,                            13,                       5,                       0.001649
18,                            13,                       5,                       0.001594
18,                            13,                       5,                       0.001852
18,                            13,                       5,                       0.001752
18,                            13,                       5,                       0.001774
18,                            13,                       5,                       0.001839
18,                            13,                       5,                       0.001586
18,                            13,                       5,                       0.001636
18,                            13,                       5,                       0.002231
18,                            13,                       5,                       0.001808
18,                            13,                       5,                       0.001613
18,                            13,                       5,                       0.001978
18,                            13,                       5,                       0.001587
18,                            13,                       5,                       0.001869
18,                            13,                       5,                       0.001576
18,                            13,                       5,                       0.001551
18,                            13,                       5,                       0.001774
18,                            13,                       5,                       0.001646
18,                            13,                       5,                       0.002047
18,                            13,                       5,                       0.001807
18,                            13,                       5,                       0.001559
18,                            13,                       5,                       0.002188
18,                            13,                       5,                       0.001557
18,                            13,                       5,                       0.002012
18,                            13,                       5,                       0.001579
18,                            13,                       5,                       0.001603
18,                            13,                       5,                       0.001553
18,                            13,                       5,                       0.001532
18,                            13,                       5,                       0.00159
18,                            13,                       5,                       0.001669
18,                            13,                       5,                       0.002154
18,                            13,                       5,                       0.001569
18,                            13,                       5,                       0.001639
18,                            13,                       5,                       0.001552
18,                            13,                       5,                       0.001545
18,                            13,                       5,                       0.001652
18,                            13,                       5,                       0.001859
18,                            13,                       5,                       0.001673
18,                            13,                       5,                       0.001532
18,                            13,                       5,                       0.001796
18,                            13,                       5,                       0.001542
18,                            13,                       5,                       0.001939
18,                            13,                       5,                       0.001957
18,                            13,                       5,                       0.001658
18,                            13,                       5,                       0.001532
18,                            13,                       5,                       0.00167
18,                            13,                       5,                       0.001592
18,                            13,                       5,                       0.001737
18,                            13,                       5,                       0.00161
18,                            13,                       5,                       0.001955
18,                            13,                       5,                       0.001629
18,                            13,                       5,                       0.001676
18,                            13,                       5,                       0.002036
18,                            13,                       5,                       0.001651
18,                            13,                       5,                       0.001707
18,                            13,                       5,                       0.001669
18,                            13,                       5,                       0.001567
18,                            13,                       5,                       0.001738
18,                            13,                       5,                       0.001734
18,                            13,                       5,                       0.001852
