COMMENT : The search result by Hill-Climbing for Cauchy_Good Wed Jan 24 16:16:23 2018

tech : Cauchy_Good
algorithm : Hill-Climbing
k : 4
m : 2
w : 10
failed_disk_id : 0
conventional_symbol_number    optimized_symbol_number    reduced_symbol_number    time
40,                            30,                       10,                       0.36
40,                            30,                       10,                       0.36
40,                            30,                       10,                       0.36
40,                            30,                       10,                       0.35
40,                            30,                       10,                       0.35
40,                            30,                       10,                       0.35
40,                            30,                       10,                       0.35
40,                            30,                       10,                       0.36
40,                            30,                       10,                       0.36
40,                            30,                       10,                       0.35
40,                            30,                       10,                       0.35
40,                            30,                       10,                       0.36
40,                            30,                       10,                       0.35
40,                            30,                       10,                       0.35
40,                            30,                       10,                       0.35
40,                            30,                       10,                       0.35
40,                            30,                       10,                       0.35
40,                            30,                       10,                       0.35
40,                            30,                       10,                       0.35
40,                            30,                       10,                       0.36
40,                            30,                       10,                       0.36
40,                            30,                       10,                       0.35
40,                            30,                       10,                       0.35
40,                            30,                       10,                       0.37
40,                            30,                       10,                       0.36
40,                            30,                       10,                       0.35
40,                            30,                       10,                       0.35
40,                            30,                       10,                       0.35
40,                            30,                       10,                       0.35
40,                            30,                       10,                       0.35
40,                            30,                       10,                       0.35
40,                            30,                       10,                       0.35
40,                            30,                       10,                       0.35
40,                            30,                       10,                       0.35
40,                            30,                       10,                       0.35
40,                            30,                       10,                       0.35
40,                            30,                       10,                       0.35
40,                            30,                       10,                       0.35
40,                            30,                       10,                       0.35
40,                            30,                       10,                       0.36
40,                            30,                       10,                       0.36
40,                            30,                       10,                       0.37
40,                            30,                       10,                       0.35
40,                            30,                       10,                       0.35
40,                            30,                       10,                       0.35
40,                            30,                       10,                       0.35
40,                            30,                       10,                       0.35
40,                            30,                       10,                       0.35
40,                            30,                       10,                       0.35
40,                            30,                       10,                       0.35
40,                            30,                       10,                       0.35
40,                            30,                       10,                       0.35
40,                            30,                       10,                       0.36
40,                            30,                       10,                       0.36
40,                            30,                       10,                       0.35
40,                            30,                       10,                       0.36
40,                            30,                       10,                       0.36
40,                            30,                       10,                       0.35
40,                            30,                       10,                       0.35
40,                            30,                       10,                       0.36
40,                            30,                       10,                       0.35
40,                            30,                       10,                       0.36
40,                            30,                       10,                       0.36
40,                            30,                       10,                       0.36
40,                            30,                       10,                       0.36
40,                            30,                       10,                       0.36
40,                            30,                       10,                       0.35
40,                            30,                       10,                       0.36
40,                            30,                       10,                       0.36
40,                            30,                       10,                       0.36
40,                            30,                       10,                       0.36
40,                            30,                       10,                       0.35
40,                            30,                       10,                       0.35
40,                            30,                       10,                       0.37
40,                            30,                       10,                       0.36
40,                            30,                       10,                       0.35
40,                            30,                       10,                       0.35
40,                            30,                       10,                       0.36
40,                            30,                       10,                       0.36
40,                            30,                       10,                       0.35
40,                            30,                       10,                       0.35
40,                            30,                       10,                       0.35
40,                            30,                       10,                       0.35
40,                            30,                       10,                       0.35
40,                            30,                       10,                       0.36
40,                            30,                       10,                       0.36
40,                            30,                       10,                       0.36
40,                            30,                       10,                       0.35
40,                            30,                       10,                       0.35
40,                            30,                       10,                       0.35
40,                            30,                       10,                       0.36
40,                            30,                       10,                       0.36
40,                            30,                       10,                       0.36
40,                            30,                       10,                       0.36
40,                            30,                       10,                       0.35
40,                            30,                       10,                       0.35
40,                            30,                       10,                       0.37
40,                            30,                       10,                       0.36
40,                            30,                       10,                       0.36
40,                            30,                       10,                       0.35
