COMMENT : The search result by Hill-Climbing for Cauchy_Good Fri Jan 26 15:13:38 2018

tech : Cauchy_Good
algorithm : Hill-Climbing
k : 8
m : 5
w : 8
failed_disk_id : 0
conventional_symbol_number    optimized_symbol_number    reduced_symbol_number    time
64,                            51,                       13,                       0.976009
64,                            51,                       13,                       0.992776
64,                            51,                       13,                       1.00017
64,                            51,                       13,                       0.978778
64,                            51,                       13,                       0.983861
64,                            51,                       13,                       0.977143
64,                            51,                       13,                       1.03068
64,                            51,                       13,                       0.972199
64,                            51,                       13,                       1.05414
64,                            51,                       13,                       0.99274
64,                            51,                       13,                       0.97934
64,                            51,                       13,                       1.10567
64,                            51,                       13,                       0.993659
64,                            51,                       13,                       1.02826
64,                            51,                       13,                       1.02476
64,                            51,                       13,                       1.04217
64,                            51,                       13,                       1.02969
64,                            51,                       13,                       1.02523
64,                            51,                       13,                       1.07556
64,                            51,                       13,                       1.06366
64,                            51,                       13,                       0.982679
64,                            51,                       13,                       0.98055
64,                            51,                       13,                       0.980771
64,                            51,                       13,                       1.28096
64,                            51,                       13,                       0.976735
64,                            51,                       13,                       0.998972
64,                            51,                       13,                       0.986951
64,                            51,                       13,                       0.972246
64,                            51,                       13,                       0.97599
64,                            51,                       13,                       0.979283
64,                            51,                       13,                       0.975941
64,                            51,                       13,                       0.967592
64,                            51,                       13,                       0.966268
64,                            51,                       13,                       0.999534
64,                            51,                       13,                       0.971924
64,                            51,                       13,                       0.963771
64,                            51,                       13,                       1.06012
64,                            51,                       13,                       1.06722
64,                            51,                       13,                       1.03405
64,                            51,                       13,                       0.993493
64,                            51,                       13,                       0.985843
64,                            51,                       13,                       0.985021
64,                            51,                       13,                       0.986008
64,                            51,                       13,                       1.00459
64,                            51,                       13,                       0.982436
64,                            51,                       13,                       1.0113
64,                            51,                       13,                       1.02634
64,                            51,                       13,                       1.00954
64,                            51,                       13,                       0.989643
64,                            51,                       13,                       1.05806
64,                            51,                       13,                       1.01799
64,                            51,                       13,                       1.03635
64,                            51,                       13,                       1.00989
64,                            51,                       13,                       1.03107
64,                            51,                       13,                       1.00292
64,                            51,                       13,                       1.05522
64,                            51,                       13,                       1.021
64,                            51,                       13,                       1.00339
64,                            51,                       13,                       1.02154
64,                            51,                       13,                       0.994779
64,                            51,                       13,                       1.01361
64,                            51,                       13,                       1.01313
64,                            51,                       13,                       1.00364
64,                            51,                       13,                       1.00723
64,                            51,                       13,                       0.999328
64,                            51,                       13,                       0.997912
64,                            51,                       13,                       1.00669
64,                            51,                       13,                       1.00863
64,                            51,                       13,                       0.980019
64,                            51,                       13,                       0.99589
64,                            51,                       13,                       0.979947
64,                            51,                       13,                       0.997348
64,                            51,                       13,                       0.998625
64,                            51,                       13,                       0.994285
64,                            51,                       13,                       0.985575
64,                            51,                       13,                       0.9878
64,                            51,                       13,                       0.982422
64,                            51,                       13,                       1.00395
64,                            51,                       13,                       1.01894
64,                            51,                       13,                       1.03287
64,                            51,                       13,                       1.01452
64,                            51,                       13,                       1.02178
64,                            51,                       13,                       1.00065
64,                            51,                       13,                       1.01002
64,                            51,                       13,                       1.02298
64,                            51,                       13,                       1.01446
64,                            51,                       13,                       0.999419
64,                            51,                       13,                       1.01365
64,                            51,                       13,                       1.04134
64,                            51,                       13,                       1.0213
64,                            51,                       13,                       1.01393
64,                            51,                       13,                       0.997924
64,                            51,                       13,                       1.01228
64,                            51,                       13,                       1.00345
64,                            51,                       13,                       1.00664
64,                            51,                       13,                       0.997952
64,                            51,                       13,                       1.00413
64,                            51,                       13,                       1.02494
64,                            51,                       13,                       0.996037
64,                            51,                       13,                       1.00469
64,                            51,                       13,                       0.997987
64,                            51,                       13,                       0.998143
64,                            51,                       13,                       1.00172
64,                            51,                       13,                       1.02616
64,                            51,                       13,                       1.00882
64,                            51,                       13,                       1.0215
64,                            51,                       13,                       1.01011
64,                            51,                       13,                       1.12304
64,                            51,                       13,                       1.01943
64,                            51,                       13,                       1.00042
64,                            51,                       13,                       1.01133
64,                            51,                       13,                       1.01396
64,                            51,                       13,                       1.0097
64,                            51,                       13,                       1.00669
64,                            51,                       13,                       1.02252
64,                            51,                       13,                       1.01055
64,                            51,                       13,                       1.00595
64,                            51,                       13,                       1.02215
64,                            51,                       13,                       1.0043
64,                            51,                       13,                       1.00273
64,                            51,                       13,                       1.01177
64,                            51,                       13,                       1.00996
64,                            51,                       13,                       1.00021
64,                            51,                       13,                       0.996866
64,                            51,                       13,                       1.00492
64,                            51,                       13,                       0.998554
64,                            51,                       13,                       1.02442
64,                            51,                       13,                       1.00808
64,                            51,                       13,                       1.01076
64,                            51,                       13,                       1.00775
64,                            51,                       13,                       1.01377
64,                            51,                       13,                       1.00602
64,                            51,                       13,                       1.00999
64,                            51,                       13,                       1.00784
64,                            51,                       13,                       1.01511
64,                            51,                       13,                       1.04463
64,                            51,                       13,                       1.0134
64,                            51,                       13,                       1.00428
64,                            51,                       13,                       1.00875
64,                            51,                       13,                       1.00043
64,                            51,                       13,                       0.996482
64,                            51,                       13,                       1.00018
64,                            51,                       13,                       1.00526
64,                            51,                       13,                       1.00182
64,                            51,                       13,                       0.998228
64,                            51,                       13,                       1.00161
64,                            51,                       13,                       0.997546
64,                            51,                       13,                       1.03003
64,                            51,                       13,                       1.01193
64,                            51,                       13,                       1.01904
64,                            51,                       13,                       1.02986
64,                            51,                       13,                       1.02069
64,                            51,                       13,                       1.00109
64,                            51,                       13,                       1.01181
64,                            51,                       13,                       0.996696
64,                            51,                       13,                       0.999856
64,                            51,                       13,                       1.21929
64,                            51,                       13,                       0.997725
64,                            51,                       13,                       1.02565
64,                            51,                       13,                       1.00949
64,                            51,                       13,                       1.01609
64,                            51,                       13,                       1.00214
64,                            51,                       13,                       0.998487
64,                            51,                       13,                       1.00836
64,                            51,                       13,                       1.00819
64,                            51,                       13,                       1.00388
64,                            51,                       13,                       0.998226
64,                            51,                       13,                       0.999284
64,                            51,                       13,                       0.999325
64,                            51,                       13,                       1.00152
64,                            51,                       13,                       1.01178
64,                            51,                       13,                       1.00502
64,                            51,                       13,                       1.01694
64,                            51,                       13,                       1.00122
64,                            51,                       13,                       1.00199
64,                            51,                       13,                       1.08485
64,                            51,                       13,                       1.03087
64,                            51,                       13,                       1.04878
64,                            51,                       13,                       0.999649
64,                            51,                       13,                       0.994552
64,                            51,                       13,                       0.995363
64,                            51,                       13,                       1.00035
64,                            51,                       13,                       1.00383
64,                            51,                       13,                       1.00011
64,                            51,                       13,                       1.02859
64,                            51,                       13,                       1.01743
64,                            51,                       13,                       0.996879
64,                            51,                       13,                       1.05624
64,                            51,                       13,                       1.04323
64,                            51,                       13,                       1.12236
64,                            51,                       13,                       1.07003
64,                            51,                       13,                       1.0143
64,                            51,                       13,                       1.01103
64,                            51,                       13,                       1.00648
64,                            51,                       13,                       1.01078
64,                            51,                       13,                       1.01035
64,                            51,                       13,                       1.01179
64,                            51,                       13,                       1.00232
64,                            51,                       13,                       1.00031
64,                            51,                       13,                       0.998151
64,                            51,                       13,                       1.00693
64,                            51,                       13,                       1.01113
64,                            51,                       13,                       1.04212
64,                            51,                       13,                       0.999659
64,                            51,                       13,                       1.01277
64,                            51,                       13,                       0.992865
64,                            51,                       13,                       0.995028
64,                            51,                       13,                       1.00629
64,                            51,                       13,                       1.01541
64,                            51,                       13,                       1.00115
64,                            51,                       13,                       1.00624
64,                            51,                       13,                       0.98561
64,                            51,                       13,                       1.0129
64,                            51,                       13,                       1.0966
64,                            51,                       13,                       1.02156
64,                            51,                       13,                       1.04383
64,                            51,                       13,                       1.02793
64,                            51,                       13,                       1.01172
64,                            51,                       13,                       1.01623
64,                            51,                       13,                       1.05244
64,                            51,                       13,                       1.0451
64,                            51,                       13,                       1.00142
64,                            51,                       13,                       1.04857
64,                            51,                       13,                       1.00619
64,                            51,                       13,                       1.00976
64,                            51,                       13,                       1.00194
64,                            51,                       13,                       0.997164
64,                            51,                       13,                       0.981614
64,                            51,                       13,                       1.01836
64,                            51,                       13,                       1.01203
64,                            51,                       13,                       1.024
64,                            51,                       13,                       0.992745
64,                            51,                       13,                       1.01548
64,                            51,                       13,                       1.01153
64,                            51,                       13,                       1.0144
64,                            51,                       13,                       1.01657
64,                            51,                       13,                       1.02333
64,                            51,                       13,                       1.01424
64,                            51,                       13,                       1.01714
64,                            51,                       13,                       1.00252
64,                            51,                       13,                       1.00179
64,                            51,                       13,                       1.01196
64,                            51,                       13,                       1.0234
64,                            51,                       13,                       1.01555
64,                            51,                       13,                       1.01206
64,                            51,                       13,                       1.01738
64,                            51,                       13,                       1.01263
64,                            51,                       13,                       0.999143
64,                            51,                       13,                       1.00922
64,                            51,                       13,                       0.997878
64,                            51,                       13,                       1.00562
64,                            51,                       13,                       1.00962
64,                            51,                       13,                       1.01168
64,                            51,                       13,                       1.00674
64,                            51,                       13,                       1.00515
64,                            51,                       13,                       1.02334
64,                            51,                       13,                       1.00421
64,                            51,                       13,                       1.01983
64,                            51,                       13,                       1.03576
64,                            51,                       13,                       1.04416
64,                            51,                       13,                       1.05943
64,                            51,                       13,                       1.00795
64,                            51,                       13,                       1.01835
64,                            51,                       13,                       1.01601
64,                            51,                       13,                       1.02576
64,                            51,                       13,                       1.00463
64,                            51,                       13,                       0.987937
64,                            51,                       13,                       1.03925
64,                            51,                       13,                       0.997495
64,                            51,                       13,                       1.00372
64,                            51,                       13,                       0.996675
64,                            51,                       13,                       1.01419
64,                            51,                       13,                       1.00002
64,                            51,                       13,                       1.01217
64,                            51,                       13,                       1.02842
64,                            51,                       13,                       1.03941
64,                            51,                       13,                       1.05089
64,                            51,                       13,                       1.00758
64,                            51,                       13,                       1.01826
64,                            51,                       13,                       1.01471
64,                            51,                       13,                       1.0225
64,                            51,                       13,                       1.02759
64,                            51,                       13,                       1.02282
64,                            51,                       13,                       1.02421
64,                            51,                       13,                       1.01415
64,                            51,                       13,                       1.03818
64,                            51,                       13,                       1.01277
64,                            51,                       13,                       1.02524
64,                            51,                       13,                       1.02067
64,                            51,                       13,                       1.02589
64,                            51,                       13,                       1.02896
64,                            51,                       13,                       1.02922
64,                            51,                       13,                       1.06311
64,                            51,                       13,                       1.09355
64,                            51,                       13,                       1.0294
64,                            51,                       13,                       1.01992
64,                            51,                       13,                       1.0194
64,                            51,                       13,                       1.03983
64,                            51,                       13,                       1.02416
64,                            51,                       13,                       1.01031
