COMMENT : The search result by Hill-Climbing for Cauchy_Good Fri Jan 26 15:13:22 2018

tech : Cauchy_Good
algorithm : Hill-Climbing
k : 6
m : 4
w : 8
failed_disk_id : 0
conventional_symbol_number    optimized_symbol_number    reduced_symbol_number    time
48,                            37,                       11,                       0.455147
48,                            37,                       11,                       0.456665
48,                            37,                       11,                       0.45414
48,                            37,                       11,                       0.459936
48,                            37,                       11,                       0.460272
48,                            37,                       11,                       0.483268
48,                            37,                       11,                       0.479316
48,                            37,                       11,                       0.454974
48,                            37,                       11,                       0.472171
48,                            37,                       11,                       0.457969
48,                            37,                       11,                       0.455713
48,                            37,                       11,                       0.510697
48,                            37,                       11,                       0.463607
48,                            37,                       11,                       0.48968
48,                            37,                       11,                       0.479885
48,                            37,                       11,                       0.480799
48,                            37,                       11,                       0.481236
48,                            37,                       11,                       0.485815
48,                            37,                       11,                       0.471489
48,                            37,                       11,                       0.472578
48,                            37,                       11,                       0.451849
48,                            37,                       11,                       0.454771
48,                            37,                       11,                       0.454198
48,                            37,                       11,                       0.450744
48,                            37,                       11,                       0.455342
48,                            37,                       11,                       0.453394
48,                            37,                       11,                       0.45256
48,                            37,                       11,                       0.462812
48,                            37,                       11,                       0.451166
48,                            37,                       11,                       0.457125
48,                            37,                       11,                       0.457659
48,                            37,                       11,                       0.45797
48,                            37,                       11,                       0.449394
48,                            37,                       11,                       0.452479
48,                            37,                       11,                       0.460334
48,                            37,                       11,                       0.456221
48,                            37,                       11,                       0.517311
48,                            37,                       11,                       0.460803
48,                            37,                       11,                       0.493399
48,                            37,                       11,                       0.519572
48,                            37,                       11,                       0.455294
48,                            37,                       11,                       0.481466
48,                            37,                       11,                       0.457248
48,                            37,                       11,                       0.459318
48,                            37,                       11,                       0.459038
48,                            37,                       11,                       0.462377
48,                            37,                       11,                       0.467529
48,                            37,                       11,                       0.469835
48,                            37,                       11,                       0.464834
48,                            37,                       11,                       0.471535
48,                            37,                       11,                       0.464604
48,                            37,                       11,                       0.461136
48,                            37,                       11,                       0.476253
48,                            37,                       11,                       0.468126
48,                            37,                       11,                       0.468572
48,                            37,                       11,                       0.472574
48,                            37,                       11,                       0.469933
48,                            37,                       11,                       0.46318
48,                            37,                       11,                       0.480931
48,                            37,                       11,                       0.476182
48,                            37,                       11,                       0.470659
48,                            37,                       11,                       0.476316
48,                            37,                       11,                       0.45892
48,                            37,                       11,                       0.465204
48,                            37,                       11,                       0.461413
48,                            37,                       11,                       0.478924
48,                            37,                       11,                       0.455277
48,                            37,                       11,                       0.458639
48,                            37,                       11,                       0.471452
48,                            37,                       11,                       0.458493
48,                            37,                       11,                       0.45771
48,                            37,                       11,                       0.467449
48,                            37,                       11,                       0.45853
48,                            37,                       11,                       0.458579
48,                            37,                       11,                       0.455799
48,                            37,                       11,                       0.470742
48,                            37,                       11,                       0.458446
48,                            37,                       11,                       0.463802
48,                            37,                       11,                       0.470924
48,                            37,                       11,                       0.473633
48,                            37,                       11,                       0.469109
48,                            37,                       11,                       0.479641
48,                            37,                       11,                       0.477509
48,                            37,                       11,                       0.468687
48,                            37,                       11,                       0.470182
48,                            37,                       11,                       0.481533
48,                            37,                       11,                       0.483445
48,                            37,                       11,                       0.486227
48,                            37,                       11,                       0.466781
48,                            37,                       11,                       0.462192
48,                            37,                       11,                       0.468349
48,                            37,                       11,                       0.466944
48,                            37,                       11,                       0.466121
48,                            37,                       11,                       0.467264
48,                            37,                       11,                       0.471256
48,                            37,                       11,                       0.467186
48,                            37,                       11,                       0.466233
48,                            37,                       11,                       0.463342
48,                            37,                       11,                       0.464539
48,                            37,                       11,                       0.464263
48,                            37,                       11,                       0.4659
48,                            37,                       11,                       0.465119
48,                            37,                       11,                       0.470161
48,                            37,                       11,                       0.468763
48,                            37,                       11,                       0.471192
48,                            37,                       11,                       0.471005
48,                            37,                       11,                       0.470691
48,                            37,                       11,                       0.485077
48,                            37,                       11,                       0.474681
48,                            37,                       11,                       0.474879
48,                            37,                       11,                       0.474444
48,                            37,                       11,                       0.708065
48,                            37,                       11,                       0.473405
48,                            37,                       11,                       0.470047
48,                            37,                       11,                       0.466587
48,                            37,                       11,                       0.471556
48,                            37,                       11,                       0.462205
48,                            37,                       11,                       0.473083
48,                            37,                       11,                       0.473284
48,                            37,                       11,                       0.47213
48,                            37,                       11,                       0.466388
48,                            37,                       11,                       0.467849
48,                            37,                       11,                       0.469655
48,                            37,                       11,                       0.474163
48,                            37,                       11,                       0.465389
48,                            37,                       11,                       0.472095
48,                            37,                       11,                       0.463823
48,                            37,                       11,                       0.464415
48,                            37,                       11,                       0.469709
48,                            37,                       11,                       0.473055
48,                            37,                       11,                       0.466975
48,                            37,                       11,                       0.469994
48,                            37,                       11,                       0.469391
48,                            37,                       11,                       0.476484
48,                            37,                       11,                       0.467999
48,                            37,                       11,                       0.464569
48,                            37,                       11,                       0.465914
48,                            37,                       11,                       0.468964
48,                            37,                       11,                       0.466707
48,                            37,                       11,                       0.465787
48,                            37,                       11,                       0.471575
48,                            37,                       11,                       0.466656
48,                            37,                       11,                       0.467995
48,                            37,                       11,                       0.463743
48,                            37,                       11,                       0.471948
48,                            37,                       11,                       0.466957
48,                            37,                       11,                       0.463961
48,                            37,                       11,                       0.469783
48,                            37,                       11,                       0.463856
48,                            37,                       11,                       0.466761
48,                            37,                       11,                       0.469112
48,                            37,                       11,                       0.468677
48,                            37,                       11,                       0.476395
48,                            37,                       11,                       0.464115
48,                            37,                       11,                       0.463615
48,                            37,                       11,                       0.466065
48,                            37,                       11,                       0.462318
48,                            37,                       11,                       0.472381
48,                            37,                       11,                       0.488196
48,                            37,                       11,                       0.470368
48,                            37,                       11,                       0.469359
48,                            37,                       11,                       0.46537
48,                            37,                       11,                       0.466736
48,                            37,                       11,                       0.464754
48,                            37,                       11,                       0.467116
48,                            37,                       11,                       0.470469
48,                            37,                       11,                       0.467039
48,                            37,                       11,                       0.463302
48,                            37,                       11,                       0.465564
48,                            37,                       11,                       0.466921
48,                            37,                       11,                       0.467228
48,                            37,                       11,                       0.474155
48,                            37,                       11,                       0.466054
48,                            37,                       11,                       0.47086
48,                            37,                       11,                       0.465927
48,                            37,                       11,                       0.464077
48,                            37,                       11,                       0.467689
48,                            37,                       11,                       0.467176
48,                            37,                       11,                       0.559907
48,                            37,                       11,                       0.465028
48,                            37,                       11,                       0.471783
48,                            37,                       11,                       0.465131
48,                            37,                       11,                       0.5394
48,                            37,                       11,                       0.466774
48,                            37,                       11,                       0.467538
48,                            37,                       11,                       0.465757
48,                            37,                       11,                       0.465539
48,                            37,                       11,                       0.463477
48,                            37,                       11,                       0.469873
48,                            37,                       11,                       0.473999
48,                            37,                       11,                       0.518046
48,                            37,                       11,                       0.47596
48,                            37,                       11,                       0.468044
48,                            37,                       11,                       0.473962
48,                            37,                       11,                       0.467361
48,                            37,                       11,                       0.48815
48,                            37,                       11,                       0.464461
48,                            37,                       11,                       0.472014
48,                            37,                       11,                       0.463169
48,                            37,                       11,                       0.467846
48,                            37,                       11,                       0.46502
48,                            37,                       11,                       0.474297
48,                            37,                       11,                       0.468363
48,                            37,                       11,                       0.474084
48,                            37,                       11,                       0.473867
48,                            37,                       11,                       0.475119
48,                            37,                       11,                       0.475293
48,                            37,                       11,                       0.47746
48,                            37,                       11,                       0.465516
48,                            37,                       11,                       0.478461
48,                            37,                       11,                       0.476081
48,                            37,                       11,                       0.47406
48,                            37,                       11,                       0.470807
48,                            37,                       11,                       0.462801
48,                            37,                       11,                       0.474387
48,                            37,                       11,                       0.47614
48,                            37,                       11,                       0.468093
48,                            37,                       11,                       0.47263
48,                            37,                       11,                       0.47753
48,                            37,                       11,                       0.474039
48,                            37,                       11,                       0.469551
48,                            37,                       11,                       0.470559
48,                            37,                       11,                       0.461726
48,                            37,                       11,                       0.465315
48,                            37,                       11,                       0.465653
48,                            37,                       11,                       0.472543
48,                            37,                       11,                       0.470049
48,                            37,                       11,                       0.460293
48,                            37,                       11,                       0.465238
48,                            37,                       11,                       0.469078
48,                            37,                       11,                       0.479653
48,                            37,                       11,                       0.474846
48,                            37,                       11,                       0.464637
48,                            37,                       11,                       0.468268
48,                            37,                       11,                       0.469197
48,                            37,                       11,                       0.468707
48,                            37,                       11,                       0.468786
48,                            37,                       11,                       0.477737
48,                            37,                       11,                       0.47192
48,                            37,                       11,                       0.474249
48,                            37,                       11,                       0.47196
48,                            37,                       11,                       0.469091
48,                            37,                       11,                       0.471072
48,                            37,                       11,                       0.473678
48,                            37,                       11,                       0.471306
48,                            37,                       11,                       0.477837
48,                            37,                       11,                       0.467994
48,                            37,                       11,                       0.465585
48,                            37,                       11,                       0.469246
48,                            37,                       11,                       0.467165
48,                            37,                       11,                       0.473535
48,                            37,                       11,                       0.473592
48,                            37,                       11,                       0.466835
48,                            37,                       11,                       0.473227
48,                            37,                       11,                       0.478779
48,                            37,                       11,                       0.495392
48,                            37,                       11,                       0.466694
48,                            37,                       11,                       0.468591
48,                            37,                       11,                       0.490685
48,                            37,                       11,                       0.46907
48,                            37,                       11,                       0.467083
48,                            37,                       11,                       0.473531
48,                            37,                       11,                       0.470352
48,                            37,                       11,                       0.471949
48,                            37,                       11,                       0.467867
48,                            37,                       11,                       0.468928
48,                            37,                       11,                       0.462638
48,                            37,                       11,                       0.460816
48,                            37,                       11,                       0.468742
48,                            37,                       11,                       0.476348
48,                            37,                       11,                       0.46559
48,                            37,                       11,                       0.464765
48,                            37,                       11,                       0.472093
48,                            37,                       11,                       0.464263
48,                            37,                       11,                       0.470783
48,                            37,                       11,                       0.466959
48,                            37,                       11,                       0.468517
48,                            37,                       11,                       0.486242
48,                            37,                       11,                       0.466283
48,                            37,                       11,                       0.484019
48,                            37,                       11,                       0.478656
48,                            37,                       11,                       0.480895
48,                            37,                       11,                       0.46975
48,                            37,                       11,                       0.46894
48,                            37,                       11,                       0.476329
48,                            37,                       11,                       0.483279
48,                            37,                       11,                       0.490885
48,                            37,                       11,                       0.479634
48,                            37,                       11,                       0.470948
48,                            37,                       11,                       0.491441
48,                            37,                       11,                       0.478708
48,                            37,                       11,                       0.484711
48,                            37,                       11,                       0.484302
48,                            37,                       11,                       0.486592
48,                            37,                       11,                       0.477014
48,                            37,                       11,                       0.472212
48,                            37,                       11,                       0.479566
48,                            37,                       11,                       0.488399
48,                            37,                       11,                       0.504983
48,                            37,                       11,                       0.502464
