COMMENT : The search result by Hill-Climbing for Cauchy_Good Fri Jan 26 15:13:27 2018

tech : Cauchy_Good
algorithm : Hill-Climbing
k : 7
m : 4
w : 6
failed_disk_id : 0
conventional_symbol_number    optimized_symbol_number    reduced_symbol_number    time
42,                            33,                       9,                       0.049049
42,                            33,                       9,                       0.047037
42,                            33,                       9,                       0.046788
42,                            33,                       9,                       0.0479
42,                            33,                       9,                       0.047577
42,                            33,                       9,                       0.048733
42,                            33,                       9,                       0.048984
42,                            33,                       9,                       0.04877
42,                            33,                       9,                       0.049062
42,                            33,                       9,                       0.048687
42,                            33,                       9,                       0.047778
42,                            33,                       9,                       0.049712
42,                            33,                       9,                       0.049887
42,                            33,                       9,                       0.052003
42,                            33,                       9,                       0.052411
42,                            33,                       9,                       0.049515
42,                            33,                       9,                       0.051051
42,                            33,                       9,                       0.051366
42,                            33,                       9,                       0.054625
42,                            33,                       9,                       0.060709
42,                            33,                       9,                       0.048144
42,                            33,                       9,                       0.047654
42,                            33,                       9,                       0.049211
42,                            33,                       9,                       0.047959
42,                            33,                       9,                       0.046879
42,                            33,                       9,                       0.050448
42,                            33,                       9,                       0.047356
42,                            33,                       9,                       0.048679
42,                            33,                       9,                       0.048929
42,                            33,                       9,                       0.047104
42,                            33,                       9,                       0.046983
42,                            33,                       9,                       0.048765
42,                            33,                       9,                       0.047186
42,                            33,                       9,                       0.046866
42,                            33,                       9,                       0.047425
42,                            33,                       9,                       0.048683
42,                            33,                       9,                       0.055098
42,                            33,                       9,                       0.065381
42,                            33,                       9,                       0.059202
42,                            33,                       9,                       0.050467
42,                            33,                       9,                       0.049018
42,                            33,                       9,                       0.047415
42,                            33,                       9,                       0.048832
42,                            33,                       9,                       0.04853
42,                            33,                       9,                       0.050425
42,                            33,                       9,                       0.048437
42,                            33,                       9,                       0.049442
42,                            33,                       9,                       0.04779
42,                            33,                       9,                       0.050325
42,                            33,                       9,                       0.055278
42,                            33,                       9,                       0.052013
42,                            33,                       9,                       0.04848
42,                            33,                       9,                       0.047328
42,                            33,                       9,                       0.04961
42,                            33,                       9,                       0.050725
42,                            33,                       9,                       0.04867
42,                            33,                       9,                       0.048523
42,                            33,                       9,                       0.047803
42,                            33,                       9,                       0.048913
42,                            33,                       9,                       0.048894
42,                            33,                       9,                       0.049012
42,                            33,                       9,                       0.047771
42,                            33,                       9,                       0.049752
42,                            33,                       9,                       0.047559
42,                            33,                       9,                       0.047826
42,                            33,                       9,                       0.051147
42,                            33,                       9,                       0.047589
42,                            33,                       9,                       0.049607
42,                            33,                       9,                       0.047609
42,                            33,                       9,                       0.048077
42,                            33,                       9,                       0.047237
42,                            33,                       9,                       0.047133
42,                            33,                       9,                       0.047344
42,                            33,                       9,                       0.046678
42,                            33,                       9,                       0.048004
42,                            33,                       9,                       0.048481
42,                            33,                       9,                       0.047644
42,                            33,                       9,                       0.047026
42,                            33,                       9,                       0.046927
42,                            33,                       9,                       0.053883
42,                            33,                       9,                       0.048467
42,                            33,                       9,                       0.053523
42,                            33,                       9,                       0.051839
42,                            33,                       9,                       0.048419
42,                            33,                       9,                       0.052094
42,                            33,                       9,                       0.050662
42,                            33,                       9,                       0.050432
42,                            33,                       9,                       0.050889
42,                            33,                       9,                       0.049334
42,                            33,                       9,                       0.050543
42,                            33,                       9,                       0.048471
42,                            33,                       9,                       0.04824
42,                            33,                       9,                       0.048004
42,                            33,                       9,                       0.051156
42,                            33,                       9,                       0.048327
42,                            33,                       9,                       0.048923
42,                            33,                       9,                       0.04891
42,                            33,                       9,                       0.048269
42,                            33,                       9,                       0.048255
42,                            33,                       9,                       0.048686
42,                            33,                       9,                       0.04857
42,                            33,                       9,                       0.048527
42,                            33,                       9,                       0.058214
42,                            33,                       9,                       0.049766
42,                            33,                       9,                       0.048922
42,                            33,                       9,                       0.049633
42,                            33,                       9,                       0.050087
42,                            33,                       9,                       0.04937
42,                            33,                       9,                       0.049161
42,                            33,                       9,                       0.049049
42,                            33,                       9,                       0.049126
42,                            33,                       9,                       0.049387
42,                            33,                       9,                       0.048611
42,                            33,                       9,                       0.050051
42,                            33,                       9,                       0.048917
42,                            33,                       9,                       0.049714
42,                            33,                       9,                       0.047775
42,                            33,                       9,                       0.049061
42,                            33,                       9,                       0.048277
42,                            33,                       9,                       0.04867
42,                            33,                       9,                       0.049512
42,                            33,                       9,                       0.049158
42,                            33,                       9,                       0.048769
42,                            33,                       9,                       0.048123
42,                            33,                       9,                       0.05096
42,                            33,                       9,                       0.050047
42,                            33,                       9,                       0.053654
42,                            33,                       9,                       0.04817
42,                            33,                       9,                       0.048845
42,                            33,                       9,                       0.047827
42,                            33,                       9,                       0.048998
42,                            33,                       9,                       0.047907
42,                            33,                       9,                       0.048796
42,                            33,                       9,                       0.04819
42,                            33,                       9,                       0.048943
42,                            33,                       9,                       0.048753
42,                            33,                       9,                       0.047833
42,                            33,                       9,                       0.049327
42,                            33,                       9,                       0.048945
42,                            33,                       9,                       0.048829
42,                            33,                       9,                       0.050484
42,                            33,                       9,                       0.049584
42,                            33,                       9,                       0.048955
42,                            33,                       9,                       0.049797
42,                            33,                       9,                       0.048178
42,                            33,                       9,                       0.049553
42,                            33,                       9,                       0.049118
42,                            33,                       9,                       0.04803
42,                            33,                       9,                       0.049311
42,                            33,                       9,                       0.048554
42,                            33,                       9,                       0.048241
42,                            33,                       9,                       0.049033
42,                            33,                       9,                       0.04816
42,                            33,                       9,                       0.048514
42,                            33,                       9,                       0.049979
42,                            33,                       9,                       0.049039
42,                            33,                       9,                       0.049168
42,                            33,                       9,                       0.052939
42,                            33,                       9,                       0.047767
42,                            33,                       9,                       0.050985
42,                            33,                       9,                       0.048755
42,                            33,                       9,                       0.048109
42,                            33,                       9,                       0.049273
42,                            33,                       9,                       0.049782
42,                            33,                       9,                       0.049379
42,                            33,                       9,                       0.048853
42,                            33,                       9,                       0.047544
42,                            33,                       9,                       0.048871
42,                            33,                       9,                       0.050932
42,                            33,                       9,                       0.049969
42,                            33,                       9,                       0.04977
42,                            33,                       9,                       0.048241
42,                            33,                       9,                       0.049286
42,                            33,                       9,                       0.052641
42,                            33,                       9,                       0.049551
42,                            33,                       9,                       0.050014
42,                            33,                       9,                       0.049621
42,                            33,                       9,                       0.047965
42,                            33,                       9,                       0.049614
42,                            33,                       9,                       0.04991
42,                            33,                       9,                       0.049544
42,                            33,                       9,                       0.049329
42,                            33,                       9,                       0.048514
42,                            33,                       9,                       0.047754
42,                            33,                       9,                       0.04918
42,                            33,                       9,                       0.048376
42,                            33,                       9,                       0.050465
42,                            33,                       9,                       0.04976
42,                            33,                       9,                       0.048539
42,                            33,                       9,                       0.050545
42,                            33,                       9,                       0.04816
42,                            33,                       9,                       0.047867
42,                            33,                       9,                       0.048592
42,                            33,                       9,                       0.050627
42,                            33,                       9,                       0.048213
42,                            33,                       9,                       0.0494
42,                            33,                       9,                       0.048332
42,                            33,                       9,                       0.048808
42,                            33,                       9,                       0.049243
42,                            33,                       9,                       0.048727
42,                            33,                       9,                       0.048464
42,                            33,                       9,                       0.048356
42,                            33,                       9,                       0.04803
42,                            33,                       9,                       0.047827
42,                            33,                       9,                       0.051891
42,                            33,                       9,                       0.049534
42,                            33,                       9,                       0.049373
42,                            33,                       9,                       0.048477
42,                            33,                       9,                       0.047775
42,                            33,                       9,                       0.048421
42,                            33,                       9,                       0.049965
42,                            33,                       9,                       0.047048
42,                            33,                       9,                       0.058281
42,                            33,                       9,                       0.059316
42,                            33,                       9,                       0.048596
42,                            33,                       9,                       0.051411
42,                            33,                       9,                       0.056761
42,                            33,                       9,                       0.055509
42,                            33,                       9,                       0.050403
42,                            33,                       9,                       0.050437
42,                            33,                       9,                       0.065419
42,                            33,                       9,                       0.050336
42,                            33,                       9,                       0.04966
42,                            33,                       9,                       0.049788
42,                            33,                       9,                       0.048259
42,                            33,                       9,                       0.04981
42,                            33,                       9,                       0.048901
42,                            33,                       9,                       0.052024
42,                            33,                       9,                       0.04937
42,                            33,                       9,                       0.050527
42,                            33,                       9,                       0.04794
42,                            33,                       9,                       0.047238
42,                            33,                       9,                       0.049684
42,                            33,                       9,                       0.048928
42,                            33,                       9,                       0.049521
42,                            33,                       9,                       0.049879
42,                            33,                       9,                       0.048567
42,                            33,                       9,                       0.049242
42,                            33,                       9,                       0.049795
42,                            33,                       9,                       0.049122
42,                            33,                       9,                       0.049238
42,                            33,                       9,                       0.04905
42,                            33,                       9,                       0.050114
42,                            33,                       9,                       0.049292
42,                            33,                       9,                       0.048281
42,                            33,                       9,                       0.049365
42,                            33,                       9,                       0.048425
42,                            33,                       9,                       0.050436
42,                            33,                       9,                       0.048836
42,                            33,                       9,                       0.050743
42,                            33,                       9,                       0.049245
42,                            33,                       9,                       0.049401
42,                            33,                       9,                       0.04884
42,                            33,                       9,                       0.048589
42,                            33,                       9,                       0.051015
42,                            33,                       9,                       0.049025
42,                            33,                       9,                       0.049012
42,                            33,                       9,                       0.048838
42,                            33,                       9,                       0.050704
42,                            33,                       9,                       0.049592
42,                            33,                       9,                       0.04985
42,                            33,                       9,                       0.049732
42,                            33,                       9,                       0.051168
42,                            33,                       9,                       0.051829
42,                            33,                       9,                       0.049689
42,                            33,                       9,                       0.048481
42,                            33,                       9,                       0.048575
42,                            33,                       9,                       0.047263
42,                            33,                       9,                       0.050154
42,                            33,                       9,                       0.052444
42,                            33,                       9,                       0.04755
42,                            33,                       9,                       0.048466
42,                            33,                       9,                       0.049079
42,                            33,                       9,                       0.051272
42,                            33,                       9,                       0.049206
42,                            33,                       9,                       0.049888
42,                            33,                       9,                       0.049974
42,                            33,                       9,                       0.049442
42,                            33,                       9,                       0.051577
42,                            33,                       9,                       0.048851
42,                            33,                       9,                       0.049416
42,                            33,                       9,                       0.050068
42,                            33,                       9,                       0.050242
42,                            33,                       9,                       0.049992
42,                            33,                       9,                       0.048358
42,                            33,                       9,                       0.053332
42,                            33,                       9,                       0.049675
42,                            33,                       9,                       0.051874
42,                            33,                       9,                       0.048796
42,                            33,                       9,                       0.051934
42,                            33,                       9,                       0.050912
42,                            33,                       9,                       0.04936
42,                            33,                       9,                       0.050799
42,                            33,                       9,                       0.049274
42,                            33,                       9,                       0.048964
42,                            33,                       9,                       0.049366
42,                            33,                       9,                       0.049072
42,                            33,                       9,                       0.049686
42,                            33,                       9,                       0.050277
42,                            33,                       9,                       0.048998
