COMMENT : The search result by Hill-Climbing for Cauchy_Good Fri Jan 26 15:13:27 2018

tech : Cauchy_Good
algorithm : Hill-Climbing
k : 7
m : 5
w : 4
failed_disk_id : 0
conventional_symbol_number    optimized_symbol_number    reduced_symbol_number    time
28,                            22,                       6,                       0.007758
28,                            22,                       6,                       0.007744
28,                            22,                       6,                       0.007688
28,                            22,                       6,                       0.008115
28,                            22,                       6,                       0.007904
28,                            22,                       6,                       0.009169
28,                            22,                       6,                       0.008687
28,                            22,                       6,                       0.008559
28,                            22,                       6,                       0.007838
28,                            22,                       6,                       0.007679
28,                            22,                       6,                       0.007771
28,                            22,                       6,                       0.008728
28,                            22,                       6,                       0.008029
28,                            22,                       6,                       0.008234
28,                            22,                       6,                       0.009014
28,                            22,                       6,                       0.007861
28,                            22,                       6,                       0.0081
28,                            22,                       6,                       0.010225
28,                            22,                       6,                       0.00811
28,                            22,                       6,                       0.008426
28,                            22,                       6,                       0.00775
28,                            22,                       6,                       0.007972
28,                            22,                       6,                       0.008355
28,                            22,                       6,                       0.007655
28,                            22,                       6,                       0.009079
28,                            22,                       6,                       0.007769
28,                            22,                       6,                       0.007874
28,                            22,                       6,                       0.007822
28,                            22,                       6,                       0.008212
28,                            22,                       6,                       0.008461
28,                            22,                       6,                       0.008646
28,                            22,                       6,                       0.007803
28,                            22,                       6,                       0.007818
28,                            22,                       6,                       0.007636
28,                            22,                       6,                       0.00784
28,                            22,                       6,                       0.007953
28,                            22,                       6,                       0.008905
28,                            22,                       6,                       0.009147
28,                            22,                       6,                       0.010067
28,                            22,                       6,                       0.008905
28,                            22,                       6,                       0.00827
28,                            22,                       6,                       0.007809
28,                            22,                       6,                       0.007664
28,                            22,                       6,                       0.007671
28,                            22,                       6,                       0.008049
28,                            22,                       6,                       0.007857
28,                            22,                       6,                       0.007953
28,                            22,                       6,                       0.00781
28,                            22,                       6,                       0.007881
28,                            22,                       6,                       0.008258
28,                            22,                       6,                       0.007867
28,                            22,                       6,                       0.007684
28,                            22,                       6,                       0.008679
28,                            22,                       6,                       0.008394
28,                            22,                       6,                       0.008235
28,                            22,                       6,                       0.007778
28,                            22,                       6,                       0.007794
28,                            22,                       6,                       0.008375
28,                            22,                       6,                       0.008404
28,                            22,                       6,                       0.008075
28,                            22,                       6,                       0.007814
28,                            22,                       6,                       0.007992
28,                            22,                       6,                       0.007932
28,                            22,                       6,                       0.008026
28,                            22,                       6,                       0.008546
28,                            22,                       6,                       0.008244
28,                            22,                       6,                       0.008151
28,                            22,                       6,                       0.007662
28,                            22,                       6,                       0.007716
28,                            22,                       6,                       0.008224
28,                            22,                       6,                       0.007693
28,                            22,                       6,                       0.008441
28,                            22,                       6,                       0.007512
28,                            22,                       6,                       0.007725
28,                            22,                       6,                       0.008158
28,                            22,                       6,                       0.007701
28,                            22,                       6,                       0.008328
28,                            22,                       6,                       0.008247
28,                            22,                       6,                       0.007824
28,                            22,                       6,                       0.008682
28,                            22,                       6,                       0.008105
28,                            22,                       6,                       0.008025
28,                            22,                       6,                       0.007897
28,                            22,                       6,                       0.007945
28,                            22,                       6,                       0.008059
28,                            22,                       6,                       0.008187
28,                            22,                       6,                       0.008168
28,                            22,                       6,                       0.007972
28,                            22,                       6,                       0.007524
28,                            22,                       6,                       0.007822
28,                            22,                       6,                       0.008229
28,                            22,                       6,                       0.008431
28,                            22,                       6,                       0.007877
28,                            22,                       6,                       0.007991
28,                            22,                       6,                       0.00777
28,                            22,                       6,                       0.007897
28,                            22,                       6,                       0.007663
28,                            22,                       6,                       0.008454
28,                            22,                       6,                       0.007942
28,                            22,                       6,                       0.008275
28,                            22,                       6,                       0.008104
28,                            22,                       6,                       0.009763
28,                            22,                       6,                       0.007969
28,                            22,                       6,                       0.009408
28,                            22,                       6,                       0.008439
28,                            22,                       6,                       0.007755
28,                            22,                       6,                       0.00775
28,                            22,                       6,                       0.008082
28,                            22,                       6,                       0.008565
28,                            22,                       6,                       0.008079
28,                            22,                       6,                       0.007864
28,                            22,                       6,                       0.008361
28,                            22,                       6,                       0.008106
28,                            22,                       6,                       0.008245
28,                            22,                       6,                       0.008425
28,                            22,                       6,                       0.007949
28,                            22,                       6,                       0.011168
28,                            22,                       6,                       0.008095
28,                            22,                       6,                       0.008483
28,                            22,                       6,                       0.00804
28,                            22,                       6,                       0.008839
28,                            22,                       6,                       0.00807
28,                            22,                       6,                       0.00824
28,                            22,                       6,                       0.007851
28,                            22,                       6,                       0.007838
28,                            22,                       6,                       0.0088
28,                            22,                       6,                       0.007713
28,                            22,                       6,                       0.008127
28,                            22,                       6,                       0.00809
28,                            22,                       6,                       0.008015
28,                            22,                       6,                       0.008599
28,                            22,                       6,                       0.008192
28,                            22,                       6,                       0.007962
28,                            22,                       6,                       0.008287
28,                            22,                       6,                       0.008479
28,                            22,                       6,                       0.008282
28,                            22,                       6,                       0.00865
28,                            22,                       6,                       0.007704
28,                            22,                       6,                       0.008685
28,                            22,                       6,                       0.008086
28,                            22,                       6,                       0.008297
28,                            22,                       6,                       0.008252
28,                            22,                       6,                       0.008269
28,                            22,                       6,                       0.007664
28,                            22,                       6,                       0.008272
28,                            22,                       6,                       0.00826
28,                            22,                       6,                       0.007721
28,                            22,                       6,                       0.008787
28,                            22,                       6,                       0.007697
28,                            22,                       6,                       0.008502
28,                            22,                       6,                       0.008873
28,                            22,                       6,                       0.008808
28,                            22,                       6,                       0.008165
28,                            22,                       6,                       0.007979
28,                            22,                       6,                       0.007832
28,                            22,                       6,                       0.007968
28,                            22,                       6,                       0.008532
28,                            22,                       6,                       0.008219
28,                            22,                       6,                       0.007829
28,                            22,                       6,                       0.008193
28,                            22,                       6,                       0.008032
28,                            22,                       6,                       0.008036
28,                            22,                       6,                       0.007877
28,                            22,                       6,                       0.008698
28,                            22,                       6,                       0.007891
28,                            22,                       6,                       0.00787
28,                            22,                       6,                       0.007797
28,                            22,                       6,                       0.007935
28,                            22,                       6,                       0.008417
28,                            22,                       6,                       0.008374
28,                            22,                       6,                       0.007962
28,                            22,                       6,                       0.008253
28,                            22,                       6,                       0.008496
28,                            22,                       6,                       0.007825
28,                            22,                       6,                       0.007943
28,                            22,                       6,                       0.008414
28,                            22,                       6,                       0.008694
28,                            22,                       6,                       0.00789
28,                            22,                       6,                       0.007855
28,                            22,                       6,                       0.008295
28,                            22,                       6,                       0.009188
28,                            22,                       6,                       0.008209
28,                            22,                       6,                       0.007837
28,                            22,                       6,                       0.008028
28,                            22,                       6,                       0.008862
28,                            22,                       6,                       0.008042
28,                            22,                       6,                       0.008118
28,                            22,                       6,                       0.008695
28,                            22,                       6,                       0.008026
28,                            22,                       6,                       0.008115
28,                            22,                       6,                       0.008042
28,                            22,                       6,                       0.008116
28,                            22,                       6,                       0.008056
28,                            22,                       6,                       0.009803
28,                            22,                       6,                       0.007763
28,                            22,                       6,                       0.007776
28,                            22,                       6,                       0.008601
28,                            22,                       6,                       0.008163
28,                            22,                       6,                       0.008159
28,                            22,                       6,                       0.008198
28,                            22,                       6,                       0.00811
28,                            22,                       6,                       0.007826
28,                            22,                       6,                       0.008018
28,                            22,                       6,                       0.007967
28,                            22,                       6,                       0.007931
28,                            22,                       6,                       0.007859
28,                            22,                       6,                       0.007789
28,                            22,                       6,                       0.00789
28,                            22,                       6,                       0.007879
28,                            22,                       6,                       0.009484
28,                            22,                       6,                       0.008086
28,                            22,                       6,                       0.007735
28,                            22,                       6,                       0.008132
28,                            22,                       6,                       0.007842
28,                            22,                       6,                       0.009749
28,                            22,                       6,                       0.007841
28,                            22,                       6,                       0.007872
28,                            22,                       6,                       0.00837
28,                            22,                       6,                       0.008413
28,                            22,                       6,                       0.007694
28,                            22,                       6,                       0.008517
28,                            22,                       6,                       0.008399
28,                            22,                       6,                       0.007997
28,                            22,                       6,                       0.008429
28,                            22,                       6,                       0.00786
28,                            22,                       6,                       0.008259
28,                            22,                       6,                       0.008469
28,                            22,                       6,                       0.008438
28,                            22,                       6,                       0.007983
28,                            22,                       6,                       0.008245
28,                            22,                       6,                       0.008557
28,                            22,                       6,                       0.007759
28,                            22,                       6,                       0.007956
28,                            22,                       6,                       0.007774
28,                            22,                       6,                       0.007883
28,                            22,                       6,                       0.007965
28,                            22,                       6,                       0.00805
28,                            22,                       6,                       0.007778
28,                            22,                       6,                       0.008556
28,                            22,                       6,                       0.008568
28,                            22,                       6,                       0.00786
28,                            22,                       6,                       0.008409
28,                            22,                       6,                       0.007901
28,                            22,                       6,                       0.008158
28,                            22,                       6,                       0.008336
28,                            22,                       6,                       0.008401
28,                            22,                       6,                       0.008062
28,                            22,                       6,                       0.008146
28,                            22,                       6,                       0.008276
28,                            22,                       6,                       0.008441
28,                            22,                       6,                       0.007988
28,                            22,                       6,                       0.008258
28,                            22,                       6,                       0.008073
28,                            22,                       6,                       0.008648
28,                            22,                       6,                       0.007744
28,                            22,                       6,                       0.008527
28,                            22,                       6,                       0.008127
28,                            22,                       6,                       0.007792
28,                            22,                       6,                       0.00772
28,                            22,                       6,                       0.008117
28,                            22,                       6,                       0.008271
28,                            22,                       6,                       0.007914
28,                            22,                       6,                       0.008484
28,                            22,                       6,                       0.008966
28,                            22,                       6,                       0.007926
28,                            22,                       6,                       0.007725
28,                            22,                       6,                       0.008356
28,                            22,                       6,                       0.007774
28,                            22,                       6,                       0.007934
28,                            22,                       6,                       0.009137
28,                            22,                       6,                       0.00822
28,                            22,                       6,                       0.008011
28,                            22,                       6,                       0.00853
28,                            22,                       6,                       0.008923
28,                            22,                       6,                       0.008175
28,                            22,                       6,                       0.007774
28,                            22,                       6,                       0.007929
28,                            22,                       6,                       0.008559
28,                            22,                       6,                       0.008293
28,                            22,                       6,                       0.008071
28,                            22,                       6,                       0.008463
28,                            22,                       6,                       0.009059
28,                            22,                       6,                       0.00787
28,                            22,                       6,                       0.008596
28,                            22,                       6,                       0.008021
28,                            22,                       6,                       0.009082
28,                            22,                       6,                       0.008507
28,                            22,                       6,                       0.008391
28,                            22,                       6,                       0.008584
28,                            22,                       6,                       0.008293
28,                            22,                       6,                       0.008981
28,                            22,                       6,                       0.00877
28,                            22,                       6,                       0.008753
28,                            22,                       6,                       0.007779
28,                            22,                       6,                       0.007798
28,                            22,                       6,                       0.008513
28,                            22,                       6,                       0.008732
28,                            22,                       6,                       0.008813
28,                            22,                       6,                       0.007919
28,                            22,                       6,                       0.007965
