COMMENT : The search result by Hill-Climbing for Cauchy_Good Fri Jan 26 15:13:36 2018

tech : Cauchy_Good
algorithm : Hill-Climbing
k : 8
m : 5
w : 5
failed_disk_id : 0
conventional_symbol_number    optimized_symbol_number    reduced_symbol_number    time
40,                            31,                       9,                       0.031523
40,                            31,                       9,                       0.031613
40,                            31,                       9,                       0.032606
40,                            31,                       9,                       0.030039
40,                            31,                       9,                       0.032367
40,                            31,                       9,                       0.031625
40,                            31,                       9,                       0.030561
40,                            31,                       9,                       0.030508
40,                            31,                       9,                       0.03464
40,                            31,                       9,                       0.030575
40,                            31,                       9,                       0.030611
40,                            31,                       9,                       0.043708
40,                            31,                       9,                       0.032442
40,                            31,                       9,                       0.03112
40,                            31,                       9,                       0.034039
40,                            31,                       9,                       0.035794
40,                            31,                       9,                       0.030727
40,                            31,                       9,                       0.032377
40,                            31,                       9,                       0.031361
40,                            31,                       9,                       0.03508
40,                            31,                       9,                       0.030448
40,                            31,                       9,                       0.031401
40,                            31,                       9,                       0.03123
40,                            31,                       9,                       0.030425
40,                            31,                       9,                       0.030563
40,                            31,                       9,                       0.031901
40,                            31,                       9,                       0.031663
40,                            31,                       9,                       0.03043
40,                            31,                       9,                       0.031221
40,                            31,                       9,                       0.029888
40,                            31,                       9,                       0.030129
40,                            31,                       9,                       0.030122
40,                            31,                       9,                       0.030658
40,                            31,                       9,                       0.031636
40,                            31,                       9,                       0.030283
40,                            31,                       9,                       0.030487
40,                            31,                       9,                       0.032138
40,                            31,                       9,                       0.044594
40,                            31,                       9,                       0.031044
40,                            31,                       9,                       0.033676
40,                            31,                       9,                       0.031903
40,                            31,                       9,                       0.030689
40,                            31,                       9,                       0.031208
40,                            31,                       9,                       0.030793
40,                            31,                       9,                       0.033002
40,                            31,                       9,                       0.030014
40,                            31,                       9,                       0.030814
40,                            31,                       9,                       0.032534
40,                            31,                       9,                       0.030088
40,                            31,                       9,                       0.032824
40,                            31,                       9,                       0.031502
40,                            31,                       9,                       0.031396
40,                            31,                       9,                       0.031768
40,                            31,                       9,                       0.030863
40,                            31,                       9,                       0.030923
40,                            31,                       9,                       0.032441
40,                            31,                       9,                       0.032746
40,                            31,                       9,                       0.03106
40,                            31,                       9,                       0.031777
40,                            31,                       9,                       0.03249
40,                            31,                       9,                       0.031013
40,                            31,                       9,                       0.030856
40,                            31,                       9,                       0.030371
40,                            31,                       9,                       0.031807
40,                            31,                       9,                       0.03216
40,                            31,                       9,                       0.030017
40,                            31,                       9,                       0.030893
40,                            31,                       9,                       0.031859
40,                            31,                       9,                       0.030863
40,                            31,                       9,                       0.031209
40,                            31,                       9,                       0.030494
40,                            31,                       9,                       0.032527
40,                            31,                       9,                       0.032449
40,                            31,                       9,                       0.031516
40,                            31,                       9,                       0.031158
40,                            31,                       9,                       0.030922
40,                            31,                       9,                       0.030451
40,                            31,                       9,                       0.031186
40,                            31,                       9,                       0.030495
40,                            31,                       9,                       0.030909
40,                            31,                       9,                       0.030324
40,                            31,                       9,                       0.03086
40,                            31,                       9,                       0.033776
40,                            31,                       9,                       0.030834
40,                            31,                       9,                       0.030817
40,                            31,                       9,                       0.032241
40,                            31,                       9,                       0.032463
40,                            31,                       9,                       0.031464
40,                            31,                       9,                       0.032651
40,                            31,                       9,                       0.030653
40,                            31,                       9,                       0.030495
40,                            31,                       9,                       0.030917
40,                            31,                       9,                       0.030549
40,                            31,                       9,                       0.030802
40,                            31,                       9,                       0.030872
40,                            31,                       9,                       0.031003
40,                            31,                       9,                       0.031573
40,                            31,                       9,                       0.030765
40,                            31,                       9,                       0.031037
40,                            31,                       9,                       0.032722
40,                            31,                       9,                       0.031762
40,                            31,                       9,                       0.031763
40,                            31,                       9,                       0.03201
40,                            31,                       9,                       0.031781
40,                            31,                       9,                       0.031984
40,                            31,                       9,                       0.031513
40,                            31,                       9,                       0.030598
40,                            31,                       9,                       0.034542
40,                            31,                       9,                       0.03144
40,                            31,                       9,                       0.031666
40,                            31,                       9,                       0.031567
40,                            31,                       9,                       0.031343
40,                            31,                       9,                       0.031962
40,                            31,                       9,                       0.030952
40,                            31,                       9,                       0.03234
40,                            31,                       9,                       0.03201
40,                            31,                       9,                       0.031281
40,                            31,                       9,                       0.030712
40,                            31,                       9,                       0.03175
40,                            31,                       9,                       0.031077
40,                            31,                       9,                       0.031343
40,                            31,                       9,                       0.032187
40,                            31,                       9,                       0.030733
40,                            31,                       9,                       0.031553
40,                            31,                       9,                       0.03255
40,                            31,                       9,                       0.030986
40,                            31,                       9,                       0.035746
40,                            31,                       9,                       0.031323
40,                            31,                       9,                       0.033926
40,                            31,                       9,                       0.033423
40,                            31,                       9,                       0.031481
40,                            31,                       9,                       0.031078
40,                            31,                       9,                       0.032028
40,                            31,                       9,                       0.031834
40,                            31,                       9,                       0.031879
40,                            31,                       9,                       0.031262
40,                            31,                       9,                       0.030584
40,                            31,                       9,                       0.031995
40,                            31,                       9,                       0.031806
40,                            31,                       9,                       0.031347
40,                            31,                       9,                       0.031471
40,                            31,                       9,                       0.029812
40,                            31,                       9,                       0.032355
40,                            31,                       9,                       0.031005
40,                            31,                       9,                       0.032044
40,                            31,                       9,                       0.03151
40,                            31,                       9,                       0.030201
40,                            31,                       9,                       0.031298
40,                            31,                       9,                       0.030772
40,                            31,                       9,                       0.038223
40,                            31,                       9,                       0.030932
40,                            31,                       9,                       0.032081
40,                            31,                       9,                       0.031051
40,                            31,                       9,                       0.031244
40,                            31,                       9,                       0.031511
40,                            31,                       9,                       0.030653
40,                            31,                       9,                       0.031511
40,                            31,                       9,                       0.031709
40,                            31,                       9,                       0.031125
40,                            31,                       9,                       0.031316
40,                            31,                       9,                       0.031205
40,                            31,                       9,                       0.030847
40,                            31,                       9,                       0.031427
40,                            31,                       9,                       0.032359
40,                            31,                       9,                       0.031525
40,                            31,                       9,                       0.031351
40,                            31,                       9,                       0.031518
40,                            31,                       9,                       0.031016
40,                            31,                       9,                       0.032002
40,                            31,                       9,                       0.031224
40,                            31,                       9,                       0.031733
40,                            31,                       9,                       0.030675
40,                            31,                       9,                       0.031501
40,                            31,                       9,                       0.031351
40,                            31,                       9,                       0.032698
40,                            31,                       9,                       0.032857
40,                            31,                       9,                       0.031959
40,                            31,                       9,                       0.032112
40,                            31,                       9,                       0.031132
40,                            31,                       9,                       0.031605
40,                            31,                       9,                       0.031345
40,                            31,                       9,                       0.031623
40,                            31,                       9,                       0.031048
40,                            31,                       9,                       0.033161
40,                            31,                       9,                       0.036735
40,                            31,                       9,                       0.033525
40,                            31,                       9,                       0.030982
40,                            31,                       9,                       0.03264
40,                            31,                       9,                       0.032805
40,                            31,                       9,                       0.032202
40,                            31,                       9,                       0.031366
40,                            31,                       9,                       0.031007
40,                            31,                       9,                       0.03346
40,                            31,                       9,                       0.031388
40,                            31,                       9,                       0.036193
40,                            31,                       9,                       0.032204
40,                            31,                       9,                       0.034816
40,                            31,                       9,                       0.031094
40,                            31,                       9,                       0.031273
40,                            31,                       9,                       0.031141
40,                            31,                       9,                       0.031261
40,                            31,                       9,                       0.033237
40,                            31,                       9,                       0.030754
40,                            31,                       9,                       0.031701
40,                            31,                       9,                       0.031967
40,                            31,                       9,                       0.031376
40,                            31,                       9,                       0.031923
40,                            31,                       9,                       0.033506
40,                            31,                       9,                       0.03084
40,                            31,                       9,                       0.031754
40,                            31,                       9,                       0.032459
40,                            31,                       9,                       0.030958
40,                            31,                       9,                       0.034358
40,                            31,                       9,                       0.033635
40,                            31,                       9,                       0.030932
40,                            31,                       9,                       0.032874
40,                            31,                       9,                       0.033911
40,                            31,                       9,                       0.032623
40,                            31,                       9,                       0.031452
40,                            31,                       9,                       0.033415
40,                            31,                       9,                       0.031818
40,                            31,                       9,                       0.031606
40,                            31,                       9,                       0.031776
40,                            31,                       9,                       0.031853
40,                            31,                       9,                       0.032977
40,                            31,                       9,                       0.031393
40,                            31,                       9,                       0.03256
40,                            31,                       9,                       0.030408
40,                            31,                       9,                       0.032344
40,                            31,                       9,                       0.031749
40,                            31,                       9,                       0.031982
40,                            31,                       9,                       0.031117
40,                            31,                       9,                       0.031893
40,                            31,                       9,                       0.031977
40,                            31,                       9,                       0.030948
40,                            31,                       9,                       0.030866
40,                            31,                       9,                       0.031066
40,                            31,                       9,                       0.044121
40,                            31,                       9,                       0.03223
40,                            31,                       9,                       0.031863
40,                            31,                       9,                       0.031099
40,                            31,                       9,                       0.035586
40,                            31,                       9,                       0.033914
40,                            31,                       9,                       0.031256
40,                            31,                       9,                       0.030847
40,                            31,                       9,                       0.032987
40,                            31,                       9,                       0.031526
40,                            31,                       9,                       0.030701
40,                            31,                       9,                       0.032355
40,                            31,                       9,                       0.032381
40,                            31,                       9,                       0.031396
40,                            31,                       9,                       0.032452
40,                            31,                       9,                       0.031944
40,                            31,                       9,                       0.031757
40,                            31,                       9,                       0.031363
40,                            31,                       9,                       0.035956
40,                            31,                       9,                       0.031988
40,                            31,                       9,                       0.031527
40,                            31,                       9,                       0.031464
40,                            31,                       9,                       0.031027
40,                            31,                       9,                       0.031394
40,                            31,                       9,                       0.031941
40,                            31,                       9,                       0.031081
40,                            31,                       9,                       0.03142
40,                            31,                       9,                       0.032743
40,                            31,                       9,                       0.030358
40,                            31,                       9,                       0.030356
40,                            31,                       9,                       0.034752
40,                            31,                       9,                       0.032538
40,                            31,                       9,                       0.032672
40,                            31,                       9,                       0.030989
40,                            31,                       9,                       0.032941
40,                            31,                       9,                       0.031979
40,                            31,                       9,                       0.031509
40,                            31,                       9,                       0.031907
40,                            31,                       9,                       0.034503
40,                            31,                       9,                       0.031805
40,                            31,                       9,                       0.032302
40,                            31,                       9,                       0.031936
40,                            31,                       9,                       0.031206
40,                            31,                       9,                       0.031938
40,                            31,                       9,                       0.030809
40,                            31,                       9,                       0.032555
40,                            31,                       9,                       0.031522
40,                            31,                       9,                       0.031738
40,                            31,                       9,                       0.034459
40,                            31,                       9,                       0.031724
40,                            31,                       9,                       0.032938
40,                            31,                       9,                       0.032481
40,                            31,                       9,                       0.033147
40,                            31,                       9,                       0.031141
40,                            31,                       9,                       0.031648
40,                            31,                       9,                       0.031268
40,                            31,                       9,                       0.033199
40,                            31,                       9,                       0.032768
40,                            31,                       9,                       0.032242
40,                            31,                       9,                       0.031346
40,                            31,                       9,                       0.034576
40,                            31,                       9,                       0.030739
40,                            31,                       9,                       0.032354
