COMMENT : The search result by Hill-Climbing for Cauchy_Good Fri Jan 26 15:13:21 2018

tech : Cauchy_Good
algorithm : Hill-Climbing
k : 6
m : 3
w : 8
failed_disk_id : 0
conventional_symbol_number    optimized_symbol_number    reduced_symbol_number    time
48,                            38,                       10,                       0.171484
48,                            38,                       10,                       0.173658
48,                            38,                       10,                       0.171945
48,                            38,                       10,                       0.186706
48,                            38,                       10,                       0.185695
48,                            38,                       10,                       0.177355
48,                            38,                       10,                       0.178328
48,                            38,                       10,                       0.172556
48,                            38,                       10,                       0.172898
48,                            38,                       10,                       0.173788
48,                            38,                       10,                       0.173161
48,                            38,                       10,                       0.176952
48,                            38,                       10,                       0.1716
48,                            38,                       10,                       0.181771
48,                            38,                       10,                       0.17904
48,                            38,                       10,                       0.181829
48,                            38,                       10,                       0.18456
48,                            38,                       10,                       0.179826
48,                            38,                       10,                       0.180806
48,                            38,                       10,                       0.197592
48,                            38,                       10,                       0.171341
48,                            38,                       10,                       0.172345
48,                            38,                       10,                       0.17434
48,                            38,                       10,                       0.170964
48,                            38,                       10,                       0.172699
48,                            38,                       10,                       0.170762
48,                            38,                       10,                       0.175864
48,                            38,                       10,                       0.176122
48,                            38,                       10,                       0.170554
48,                            38,                       10,                       0.172828
48,                            38,                       10,                       0.171624
48,                            38,                       10,                       0.172254
48,                            38,                       10,                       0.17061
48,                            38,                       10,                       0.169266
48,                            38,                       10,                       0.177042
48,                            38,                       10,                       0.175876
48,                            38,                       10,                       0.180275
48,                            38,                       10,                       0.171395
48,                            38,                       10,                       0.195719
48,                            38,                       10,                       0.223148
48,                            38,                       10,                       0.173641
48,                            38,                       10,                       0.197694
48,                            38,                       10,                       0.183376
48,                            38,                       10,                       0.175585
48,                            38,                       10,                       0.173845
48,                            38,                       10,                       0.176882
48,                            38,                       10,                       0.175399
48,                            38,                       10,                       0.178147
48,                            38,                       10,                       0.175177
48,                            38,                       10,                       0.19301
48,                            38,                       10,                       0.172983
48,                            38,                       10,                       0.17686
48,                            38,                       10,                       0.178861
48,                            38,                       10,                       0.177435
48,                            38,                       10,                       0.172765
48,                            38,                       10,                       0.181271
48,                            38,                       10,                       0.174705
48,                            38,                       10,                       0.175378
48,                            38,                       10,                       0.175236
48,                            38,                       10,                       0.194425
48,                            38,                       10,                       0.177569
48,                            38,                       10,                       0.177844
48,                            38,                       10,                       0.176543
48,                            38,                       10,                       0.175652
48,                            38,                       10,                       0.174361
48,                            38,                       10,                       0.173764
48,                            38,                       10,                       0.171362
48,                            38,                       10,                       0.174554
48,                            38,                       10,                       0.172438
48,                            38,                       10,                       0.173782
48,                            38,                       10,                       0.172246
48,                            38,                       10,                       0.180087
48,                            38,                       10,                       0.172605
48,                            38,                       10,                       0.171651
48,                            38,                       10,                       0.172021
48,                            38,                       10,                       0.174253
48,                            38,                       10,                       0.17326
48,                            38,                       10,                       0.175548
48,                            38,                       10,                       0.174539
48,                            38,                       10,                       0.172568
48,                            38,                       10,                       0.178343
48,                            38,                       10,                       0.177799
48,                            38,                       10,                       0.17814
48,                            38,                       10,                       0.183399
48,                            38,                       10,                       0.172977
48,                            38,                       10,                       0.180462
48,                            38,                       10,                       0.181228
48,                            38,                       10,                       0.186225
48,                            38,                       10,                       0.176165
48,                            38,                       10,                       0.178727
48,                            38,                       10,                       0.177379
48,                            38,                       10,                       0.175782
48,                            38,                       10,                       0.176453
48,                            38,                       10,                       0.177569
48,                            38,                       10,                       0.180094
48,                            38,                       10,                       0.179487
48,                            38,                       10,                       0.179042
48,                            38,                       10,                       0.177476
48,                            38,                       10,                       0.176082
48,                            38,                       10,                       0.176196
48,                            38,                       10,                       0.175491
48,                            38,                       10,                       0.178224
48,                            38,                       10,                       0.177598
48,                            38,                       10,                       0.175045
48,                            38,                       10,                       0.180502
48,                            38,                       10,                       0.176365
48,                            38,                       10,                       0.179473
48,                            38,                       10,                       0.177681
48,                            38,                       10,                       0.176448
48,                            38,                       10,                       0.179807
48,                            38,                       10,                       0.177245
48,                            38,                       10,                       0.178393
48,                            38,                       10,                       0.17738
48,                            38,                       10,                       0.178338
48,                            38,                       10,                       0.176968
48,                            38,                       10,                       0.179047
48,                            38,                       10,                       0.176516
48,                            38,                       10,                       0.181373
48,                            38,                       10,                       0.181423
48,                            38,                       10,                       0.180053
48,                            38,                       10,                       0.175754
48,                            38,                       10,                       0.177537
48,                            38,                       10,                       0.17746
48,                            38,                       10,                       0.17479
48,                            38,                       10,                       0.175494
48,                            38,                       10,                       0.176311
48,                            38,                       10,                       0.175202
48,                            38,                       10,                       0.175246
48,                            38,                       10,                       0.177464
48,                            38,                       10,                       0.175445
48,                            38,                       10,                       0.186027
48,                            38,                       10,                       0.179631
48,                            38,                       10,                       0.173566
48,                            38,                       10,                       0.176787
48,                            38,                       10,                       0.176597
48,                            38,                       10,                       0.175357
48,                            38,                       10,                       0.1767
48,                            38,                       10,                       0.176537
48,                            38,                       10,                       0.177774
48,                            38,                       10,                       0.175125
48,                            38,                       10,                       0.17497
48,                            38,                       10,                       0.177009
48,                            38,                       10,                       0.176162
48,                            38,                       10,                       0.174705
48,                            38,                       10,                       0.179706
48,                            38,                       10,                       0.175904
48,                            38,                       10,                       0.177489
48,                            38,                       10,                       0.177579
48,                            38,                       10,                       0.174516
48,                            38,                       10,                       0.175221
48,                            38,                       10,                       0.187636
48,                            38,                       10,                       0.178935
48,                            38,                       10,                       0.177933
48,                            38,                       10,                       0.175995
48,                            38,                       10,                       0.174929
48,                            38,                       10,                       0.175222
48,                            38,                       10,                       0.177626
48,                            38,                       10,                       0.18226
48,                            38,                       10,                       0.185925
48,                            38,                       10,                       0.177315
48,                            38,                       10,                       0.177528
48,                            38,                       10,                       0.177695
48,                            38,                       10,                       0.176018
48,                            38,                       10,                       0.176084
48,                            38,                       10,                       0.187529
48,                            38,                       10,                       0.182468
48,                            38,                       10,                       0.175661
48,                            38,                       10,                       0.175418
48,                            38,                       10,                       0.177746
48,                            38,                       10,                       0.175285
48,                            38,                       10,                       0.17581
48,                            38,                       10,                       0.179577
48,                            38,                       10,                       0.176006
48,                            38,                       10,                       0.176317
48,                            38,                       10,                       0.186683
48,                            38,                       10,                       0.175435
48,                            38,                       10,                       0.178931
48,                            38,                       10,                       0.174973
48,                            38,                       10,                       0.205008
48,                            38,                       10,                       0.177576
48,                            38,                       10,                       0.175898
48,                            38,                       10,                       0.178037
48,                            38,                       10,                       0.177253
48,                            38,                       10,                       0.179203
48,                            38,                       10,                       0.176064
48,                            38,                       10,                       0.175996
48,                            38,                       10,                       0.179212
48,                            38,                       10,                       0.180379
48,                            38,                       10,                       0.174271
48,                            38,                       10,                       0.177449
48,                            38,                       10,                       0.187694
48,                            38,                       10,                       0.176297
48,                            38,                       10,                       0.187225
48,                            38,                       10,                       0.176972
48,                            38,                       10,                       0.176584
48,                            38,                       10,                       0.180043
48,                            38,                       10,                       0.179912
48,                            38,                       10,                       0.174578
48,                            38,                       10,                       0.177318
48,                            38,                       10,                       0.177544
48,                            38,                       10,                       0.175486
48,                            38,                       10,                       0.179411
48,                            38,                       10,                       0.176011
48,                            38,                       10,                       0.176126
48,                            38,                       10,                       0.187199
48,                            38,                       10,                       0.179838
48,                            38,                       10,                       0.183667
48,                            38,                       10,                       0.176002
48,                            38,                       10,                       0.174662
48,                            38,                       10,                       0.181746
48,                            38,                       10,                       0.179633
48,                            38,                       10,                       0.176025
48,                            38,                       10,                       0.180972
48,                            38,                       10,                       0.17834
48,                            38,                       10,                       0.180013
48,                            38,                       10,                       0.186762
48,                            38,                       10,                       0.176372
48,                            38,                       10,                       0.180869
48,                            38,                       10,                       0.173289
48,                            38,                       10,                       0.181277
48,                            38,                       10,                       0.194236
48,                            38,                       10,                       0.17501
48,                            38,                       10,                       0.175354
48,                            38,                       10,                       0.182587
48,                            38,                       10,                       0.1789
48,                            38,                       10,                       0.178436
48,                            38,                       10,                       0.178262
48,                            38,                       10,                       0.179036
48,                            38,                       10,                       0.174964
48,                            38,                       10,                       0.178078
48,                            38,                       10,                       0.177827
48,                            38,                       10,                       0.179239
48,                            38,                       10,                       0.175329
48,                            38,                       10,                       0.177845
48,                            38,                       10,                       0.177176
48,                            38,                       10,                       0.177934
48,                            38,                       10,                       0.179236
48,                            38,                       10,                       0.174768
48,                            38,                       10,                       0.176464
48,                            38,                       10,                       0.179782
48,                            38,                       10,                       0.176927
48,                            38,                       10,                       0.178357
48,                            38,                       10,                       0.176358
48,                            38,                       10,                       0.182168
48,                            38,                       10,                       0.178421
48,                            38,                       10,                       0.180724
48,                            38,                       10,                       0.175813
48,                            38,                       10,                       0.186547
48,                            38,                       10,                       0.176173
48,                            38,                       10,                       0.178161
48,                            38,                       10,                       0.177577
48,                            38,                       10,                       0.1773
48,                            38,                       10,                       0.182251
48,                            38,                       10,                       0.178613
48,                            38,                       10,                       0.182845
48,                            38,                       10,                       0.187228
48,                            38,                       10,                       0.180968
48,                            38,                       10,                       0.178745
48,                            38,                       10,                       0.18025
48,                            38,                       10,                       0.181412
48,                            38,                       10,                       0.175496
48,                            38,                       10,                       0.183496
48,                            38,                       10,                       0.176113
48,                            38,                       10,                       0.175898
48,                            38,                       10,                       0.175472
48,                            38,                       10,                       0.177498
48,                            38,                       10,                       0.175107
48,                            38,                       10,                       0.174414
48,                            38,                       10,                       0.17552
48,                            38,                       10,                       0.17742
48,                            38,                       10,                       0.177511
48,                            38,                       10,                       0.185059
48,                            38,                       10,                       0.181665
48,                            38,                       10,                       0.180696
48,                            38,                       10,                       0.177623
48,                            38,                       10,                       0.176914
48,                            38,                       10,                       0.178382
48,                            38,                       10,                       0.184804
48,                            38,                       10,                       0.17862
48,                            38,                       10,                       0.183903
48,                            38,                       10,                       0.1802
48,                            38,                       10,                       0.18914
48,                            38,                       10,                       0.176843
48,                            38,                       10,                       0.177426
48,                            38,                       10,                       0.186712
48,                            38,                       10,                       0.179048
48,                            38,                       10,                       0.178126
48,                            38,                       10,                       0.17615
48,                            38,                       10,                       0.178331
48,                            38,                       10,                       0.178516
48,                            38,                       10,                       0.179368
48,                            38,                       10,                       0.179317
48,                            38,                       10,                       0.178059
48,                            38,                       10,                       0.186006
48,                            38,                       10,                       0.178046
48,                            38,                       10,                       0.189025
48,                            38,                       10,                       0.17624
48,                            38,                       10,                       0.185736
48,                            38,                       10,                       0.189901
48,                            38,                       10,                       0.186259
