COMMENT : The search result by Hill-Climbing for Cauchy_Good Fri Jan 26 15:13:18 2018

tech : Cauchy_Good
algorithm : Hill-Climbing
k : 5
m : 3
w : 3
failed_disk_id : 0
conventional_symbol_number    optimized_symbol_number    reduced_symbol_number    time
15,                            12,                       3,                       0.000305
15,                            12,                       3,                       0.000291
15,                            12,                       3,                       0.000308
15,                            12,                       3,                       0.000243
15,                            12,                       3,                       0.000244
15,                            12,                       3,                       0.000249
15,                            12,                       3,                       0.000303
15,                            12,                       3,                       0.000345
15,                            12,                       3,                       0.000389
15,                            12,                       3,                       0.000246
15,                            12,                       3,                       0.00031
15,                            12,                       3,                       0.00025
15,                            12,                       3,                       0.000258
15,                            12,                       3,                       0.000294
15,                            12,                       3,                       0.000354
15,                            12,                       3,                       0.000312
15,                            12,                       3,                       0.000252
15,                            12,                       3,                       0.000313
15,                            12,                       3,                       0.000291
15,                            12,                       3,                       0.000246
15,                            12,                       3,                       0.000244
15,                            12,                       3,                       0.000244
15,                            12,                       3,                       0.000245
15,                            12,                       3,                       0.000254
15,                            12,                       3,                       0.000247
15,                            12,                       3,                       0.000245
15,                            12,                       3,                       0.000254
15,                            12,                       3,                       0.000247
15,                            12,                       3,                       0.000247
15,                            12,                       3,                       0.000312
15,                            12,                       3,                       0.000246
15,                            12,                       3,                       0.000366
15,                            12,                       3,                       0.000246
15,                            12,                       3,                       0.000255
15,                            12,                       3,                       0.00026
15,                            12,                       3,                       0.000262
15,                            12,                       3,                       0.000252
15,                            12,                       3,                       0.000244
15,                            12,                       3,                       0.00025
15,                            12,                       3,                       0.000334
15,                            12,                       3,                       0.000292
15,                            12,                       3,                       0.000247
15,                            12,                       3,                       0.000246
15,                            12,                       3,                       0.000317
15,                            12,                       3,                       0.000244
15,                            12,                       3,                       0.00032
15,                            12,                       3,                       0.000245
15,                            12,                       3,                       0.000275
15,                            12,                       3,                       0.000245
15,                            12,                       3,                       0.000261
15,                            12,                       3,                       0.000251
15,                            12,                       3,                       0.000251
15,                            12,                       3,                       0.000335
15,                            12,                       3,                       0.000501
15,                            12,                       3,                       0.000245
15,                            12,                       3,                       0.000264
15,                            12,                       3,                       0.000246
15,                            12,                       3,                       0.000294
15,                            12,                       3,                       0.000336
15,                            12,                       3,                       0.000298
15,                            12,                       3,                       0.000252
15,                            12,                       3,                       0.000319
15,                            12,                       3,                       0.000248
15,                            12,                       3,                       0.000309
15,                            12,                       3,                       0.000245
15,                            12,                       3,                       0.000298
15,                            12,                       3,                       0.000246
15,                            12,                       3,                       0.000245
15,                            12,                       3,                       0.000259
15,                            12,                       3,                       0.000264
15,                            12,                       3,                       0.000244
15,                            12,                       3,                       0.000245
15,                            12,                       3,                       0.000309
15,                            12,                       3,                       0.000245
15,                            12,                       3,                       0.000271
15,                            12,                       3,                       0.000247
15,                            12,                       3,                       0.000245
15,                            12,                       3,                       0.000303
15,                            12,                       3,                       0.000251
15,                            12,                       3,                       0.000245
15,                            12,                       3,                       0.000253
15,                            12,                       3,                       0.000285
15,                            12,                       3,                       0.000252
15,                            12,                       3,                       0.000342
15,                            12,                       3,                       0.000307
15,                            12,                       3,                       0.000303
15,                            12,                       3,                       0.00035
15,                            12,                       3,                       0.000251
15,                            12,                       3,                       0.000259
15,                            12,                       3,                       0.000252
15,                            12,                       3,                       0.000261
15,                            12,                       3,                       0.000338
15,                            12,                       3,                       0.000244
15,                            12,                       3,                       0.000245
15,                            12,                       3,                       0.000261
15,                            12,                       3,                       0.00029
15,                            12,                       3,                       0.000298
15,                            12,                       3,                       0.000246
15,                            12,                       3,                       0.000246
15,                            12,                       3,                       0.000253
15,                            12,                       3,                       0.000252
15,                            12,                       3,                       0.000252
15,                            12,                       3,                       0.000343
15,                            12,                       3,                       0.000267
15,                            12,                       3,                       0.000463
15,                            12,                       3,                       0.000251
15,                            12,                       3,                       0.000259
15,                            12,                       3,                       0.000312
15,                            12,                       3,                       0.000309
15,                            12,                       3,                       0.000281
15,                            12,                       3,                       0.000312
15,                            12,                       3,                       0.000281
15,                            12,                       3,                       0.000254
15,                            12,                       3,                       0.00039
15,                            12,                       3,                       0.000274
15,                            12,                       3,                       0.000255
15,                            12,                       3,                       0.000275
15,                            12,                       3,                       0.000276
15,                            12,                       3,                       0.000268
15,                            12,                       3,                       0.000255
15,                            12,                       3,                       0.000244
15,                            12,                       3,                       0.000245
15,                            12,                       3,                       0.000243
15,                            12,                       3,                       0.000275
15,                            12,                       3,                       0.000248
15,                            12,                       3,                       0.000246
15,                            12,                       3,                       0.000422
15,                            12,                       3,                       0.000324
15,                            12,                       3,                       0.000244
15,                            12,                       3,                       0.000246
15,                            12,                       3,                       0.000253
15,                            12,                       3,                       0.000247
15,                            12,                       3,                       0.000278
15,                            12,                       3,                       0.000253
15,                            12,                       3,                       0.000247
15,                            12,                       3,                       0.000296
15,                            12,                       3,                       0.000244
15,                            12,                       3,                       0.000328
15,                            12,                       3,                       0.000284
15,                            12,                       3,                       0.000474
15,                            12,                       3,                       0.000275
15,                            12,                       3,                       0.000305
15,                            12,                       3,                       0.000245
15,                            12,                       3,                       0.000246
15,                            12,                       3,                       0.000299
15,                            12,                       3,                       0.0003
15,                            12,                       3,                       0.000274
15,                            12,                       3,                       0.000327
15,                            12,                       3,                       0.000333
15,                            12,                       3,                       0.000251
15,                            12,                       3,                       0.000294
15,                            12,                       3,                       0.000306
15,                            12,                       3,                       0.000306
15,                            12,                       3,                       0.000301
15,                            12,                       3,                       0.000249
15,                            12,                       3,                       0.000253
15,                            12,                       3,                       0.000246
15,                            12,                       3,                       0.000288
15,                            12,                       3,                       0.000243
15,                            12,                       3,                       0.000274
15,                            12,                       3,                       0.000245
15,                            12,                       3,                       0.00026
15,                            12,                       3,                       0.000621
15,                            12,                       3,                       0.000446
15,                            12,                       3,                       0.000345
15,                            12,                       3,                       0.000301
15,                            12,                       3,                       0.000262
15,                            12,                       3,                       0.000254
15,                            12,                       3,                       0.000266
15,                            12,                       3,                       0.000299
15,                            12,                       3,                       0.000345
15,                            12,                       3,                       0.000301
15,                            12,                       3,                       0.000248
15,                            12,                       3,                       0.000264
15,                            12,                       3,                       0.000246
15,                            12,                       3,                       0.000299
15,                            12,                       3,                       0.000248
15,                            12,                       3,                       0.000247
15,                            12,                       3,                       0.000251
15,                            12,                       3,                       0.000244
15,                            12,                       3,                       0.000245
15,                            12,                       3,                       0.000357
15,                            12,                       3,                       0.00025
15,                            12,                       3,                       0.000254
15,                            12,                       3,                       0.000251
15,                            12,                       3,                       0.00027
15,                            12,                       3,                       0.000248
15,                            12,                       3,                       0.00039
15,                            12,                       3,                       0.000269
15,                            12,                       3,                       0.000327
15,                            12,                       3,                       0.000292
15,                            12,                       3,                       0.000253
15,                            12,                       3,                       0.00057
15,                            12,                       3,                       0.000245
15,                            12,                       3,                       0.000278
15,                            12,                       3,                       0.000322
15,                            12,                       3,                       0.000244
15,                            12,                       3,                       0.000258
15,                            12,                       3,                       0.000246
15,                            12,                       3,                       0.000258
15,                            12,                       3,                       0.000318
15,                            12,                       3,                       0.000245
15,                            12,                       3,                       0.000251
15,                            12,                       3,                       0.000246
15,                            12,                       3,                       0.000244
15,                            12,                       3,                       0.000288
15,                            12,                       3,                       0.000266
15,                            12,                       3,                       0.000251
15,                            12,                       3,                       0.000645
15,                            12,                       3,                       0.000301
15,                            12,                       3,                       0.000251
15,                            12,                       3,                       0.000247
15,                            12,                       3,                       0.000253
15,                            12,                       3,                       0.000275
15,                            12,                       3,                       0.000442
15,                            12,                       3,                       0.000301
15,                            12,                       3,                       0.000246
15,                            12,                       3,                       0.000388
15,                            12,                       3,                       0.000257
15,                            12,                       3,                       0.000293
15,                            12,                       3,                       0.000245
15,                            12,                       3,                       0.000335
15,                            12,                       3,                       0.000246
15,                            12,                       3,                       0.000246
15,                            12,                       3,                       0.000247
15,                            12,                       3,                       0.000273
15,                            12,                       3,                       0.000251
15,                            12,                       3,                       0.000309
15,                            12,                       3,                       0.000415
15,                            12,                       3,                       0.000251
15,                            12,                       3,                       0.000247
15,                            12,                       3,                       0.000343
15,                            12,                       3,                       0.000251
15,                            12,                       3,                       0.000304
15,                            12,                       3,                       0.000336
15,                            12,                       3,                       0.000248
15,                            12,                       3,                       0.000252
15,                            12,                       3,                       0.000334
15,                            12,                       3,                       0.00028
15,                            12,                       3,                       0.000244
15,                            12,                       3,                       0.000244
15,                            12,                       3,                       0.000247
15,                            12,                       3,                       0.000244
15,                            12,                       3,                       0.000478
15,                            12,                       3,                       0.000252
15,                            12,                       3,                       0.000245
15,                            12,                       3,                       0.000276
15,                            12,                       3,                       0.000363
15,                            12,                       3,                       0.000252
15,                            12,                       3,                       0.000252
15,                            12,                       3,                       0.000244
15,                            12,                       3,                       0.000313
15,                            12,                       3,                       0.000261
15,                            12,                       3,                       0.000291
15,                            12,                       3,                       0.000289
15,                            12,                       3,                       0.000266
15,                            12,                       3,                       0.00026
15,                            12,                       3,                       0.000247
15,                            12,                       3,                       0.000245
15,                            12,                       3,                       0.000265
15,                            12,                       3,                       0.000266
15,                            12,                       3,                       0.000261
15,                            12,                       3,                       0.000322
15,                            12,                       3,                       0.000299
15,                            12,                       3,                       0.000252
15,                            12,                       3,                       0.000244
15,                            12,                       3,                       0.000298
15,                            12,                       3,                       0.000251
15,                            12,                       3,                       0.000275
15,                            12,                       3,                       0.000254
15,                            12,                       3,                       0.000302
15,                            12,                       3,                       0.000414
15,                            12,                       3,                       0.000254
15,                            12,                       3,                       0.000743
15,                            12,                       3,                       0.000253
15,                            12,                       3,                       0.000324
15,                            12,                       3,                       0.000251
15,                            12,                       3,                       0.00045
15,                            12,                       3,                       0.000251
15,                            12,                       3,                       0.000253
15,                            12,                       3,                       0.000291
15,                            12,                       3,                       0.000247
15,                            12,                       3,                       0.000282
15,                            12,                       3,                       0.000251
15,                            12,                       3,                       0.00028
15,                            12,                       3,                       0.000253
15,                            12,                       3,                       0.000246
15,                            12,                       3,                       0.000244
15,                            12,                       3,                       0.000267
15,                            12,                       3,                       0.000251
15,                            12,                       3,                       0.000257
15,                            12,                       3,                       0.000274
15,                            12,                       3,                       0.000298
15,                            12,                       3,                       0.000246
15,                            12,                       3,                       0.000252
15,                            12,                       3,                       0.000251
15,                            12,                       3,                       0.000256
15,                            12,                       3,                       0.000287
15,                            12,                       3,                       0.000265
15,                            12,                       3,                       0.000407
