COMMENT : The search result by Hill-Climbing for Cauchy_Good Fri Jan 26 15:13:37 2018

tech : Cauchy_Good
algorithm : Hill-Climbing
k : 8
m : 5
w : 6
failed_disk_id : 0
conventional_symbol_number    optimized_symbol_number    reduced_symbol_number    time
48,                            38,                       10,                       0.103085
48,                            38,                       10,                       0.105351
48,                            38,                       10,                       0.105874
48,                            38,                       10,                       0.103679
48,                            38,                       10,                       0.102911
48,                            38,                       10,                       0.104911
48,                            38,                       10,                       0.104894
48,                            38,                       10,                       0.103701
48,                            38,                       10,                       0.110677
48,                            38,                       10,                       0.104051
48,                            38,                       10,                       0.10547
48,                            38,                       10,                       0.107825
48,                            38,                       10,                       0.104937
48,                            38,                       10,                       0.108799
48,                            38,                       10,                       0.107598
48,                            38,                       10,                       0.110979
48,                            38,                       10,                       0.110329
48,                            38,                       10,                       0.109441
48,                            38,                       10,                       0.107503
48,                            38,                       10,                       0.111056
48,                            38,                       10,                       0.105171
48,                            38,                       10,                       0.104679
48,                            38,                       10,                       0.106735
48,                            38,                       10,                       0.105563
48,                            38,                       10,                       0.104837
48,                            38,                       10,                       0.103301
48,                            38,                       10,                       0.108091
48,                            38,                       10,                       0.102744
48,                            38,                       10,                       0.103281
48,                            38,                       10,                       0.10343
48,                            38,                       10,                       0.103285
48,                            38,                       10,                       0.103057
48,                            38,                       10,                       0.102421
48,                            38,                       10,                       0.109847
48,                            38,                       10,                       0.102902
48,                            38,                       10,                       0.104658
48,                            38,                       10,                       0.106168
48,                            38,                       10,                       0.141243
48,                            38,                       10,                       0.109152
48,                            38,                       10,                       0.104763
48,                            38,                       10,                       0.10604
48,                            38,                       10,                       0.107169
48,                            38,                       10,                       0.105626
48,                            38,                       10,                       0.105386
48,                            38,                       10,                       0.109236
48,                            38,                       10,                       0.10746
48,                            38,                       10,                       0.106208
48,                            38,                       10,                       0.106173
48,                            38,                       10,                       0.105828
48,                            38,                       10,                       0.116054
48,                            38,                       10,                       0.10471
48,                            38,                       10,                       0.106442
48,                            38,                       10,                       0.105657
48,                            38,                       10,                       0.105691
48,                            38,                       10,                       0.104132
48,                            38,                       10,                       0.110497
48,                            38,                       10,                       0.106742
48,                            38,                       10,                       0.105676
48,                            38,                       10,                       0.104806
48,                            38,                       10,                       0.106756
48,                            38,                       10,                       0.105002
48,                            38,                       10,                       0.107025
48,                            38,                       10,                       0.107512
48,                            38,                       10,                       0.107717
48,                            38,                       10,                       0.106434
48,                            38,                       10,                       0.105052
48,                            38,                       10,                       0.10721
48,                            38,                       10,                       0.10928
48,                            38,                       10,                       0.104055
48,                            38,                       10,                       0.10644
48,                            38,                       10,                       0.103547
48,                            38,                       10,                       0.105883
48,                            38,                       10,                       0.108286
48,                            38,                       10,                       0.106009
48,                            38,                       10,                       0.106636
48,                            38,                       10,                       0.105679
48,                            38,                       10,                       0.104557
48,                            38,                       10,                       0.108875
48,                            38,                       10,                       0.104708
48,                            38,                       10,                       0.104816
48,                            38,                       10,                       0.107357
48,                            38,                       10,                       0.112488
48,                            38,                       10,                       0.111218
48,                            38,                       10,                       0.108261
48,                            38,                       10,                       0.108844
48,                            38,                       10,                       0.112431
48,                            38,                       10,                       0.11394
48,                            38,                       10,                       0.106072
48,                            38,                       10,                       0.12607
48,                            38,                       10,                       0.108946
48,                            38,                       10,                       0.106053
48,                            38,                       10,                       0.108128
48,                            38,                       10,                       0.106492
48,                            38,                       10,                       0.106666
48,                            38,                       10,                       0.106489
48,                            38,                       10,                       0.107577
48,                            38,                       10,                       0.107798
48,                            38,                       10,                       0.107111
48,                            38,                       10,                       0.106194
48,                            38,                       10,                       0.107008
48,                            38,                       10,                       0.106893
48,                            38,                       10,                       0.109551
48,                            38,                       10,                       0.107436
48,                            38,                       10,                       0.109334
48,                            38,                       10,                       0.107109
48,                            38,                       10,                       0.105869
48,                            38,                       10,                       0.107751
48,                            38,                       10,                       0.108513
48,                            38,                       10,                       0.108602
48,                            38,                       10,                       0.106991
48,                            38,                       10,                       0.108128
48,                            38,                       10,                       0.107274
48,                            38,                       10,                       0.108929
48,                            38,                       10,                       0.107611
48,                            38,                       10,                       0.106587
48,                            38,                       10,                       0.107952
48,                            38,                       10,                       0.108538
48,                            38,                       10,                       0.104692
48,                            38,                       10,                       0.108776
48,                            38,                       10,                       0.105154
48,                            38,                       10,                       0.107099
48,                            38,                       10,                       0.11347
48,                            38,                       10,                       0.107731
48,                            38,                       10,                       0.107081
48,                            38,                       10,                       0.107429
48,                            38,                       10,                       0.105856
48,                            38,                       10,                       0.107745
48,                            38,                       10,                       0.107466
48,                            38,                       10,                       0.105419
48,                            38,                       10,                       0.107181
48,                            38,                       10,                       0.10537
48,                            38,                       10,                       0.108018
48,                            38,                       10,                       0.107998
48,                            38,                       10,                       0.107266
48,                            38,                       10,                       0.105729
48,                            38,                       10,                       0.106136
48,                            38,                       10,                       0.108028
48,                            38,                       10,                       0.106706
48,                            38,                       10,                       0.105345
48,                            38,                       10,                       0.104788
48,                            38,                       10,                       0.108143
48,                            38,                       10,                       0.106574
48,                            38,                       10,                       0.107804
48,                            38,                       10,                       0.106757
48,                            38,                       10,                       0.106202
48,                            38,                       10,                       0.106962
48,                            38,                       10,                       0.106901
48,                            38,                       10,                       0.106998
48,                            38,                       10,                       0.106555
48,                            38,                       10,                       0.106965
48,                            38,                       10,                       0.105938
48,                            38,                       10,                       0.108131
48,                            38,                       10,                       0.108244
48,                            38,                       10,                       0.105718
48,                            38,                       10,                       0.107827
48,                            38,                       10,                       0.105419
48,                            38,                       10,                       0.108872
48,                            38,                       10,                       0.106019
48,                            38,                       10,                       0.10772
48,                            38,                       10,                       0.109953
48,                            38,                       10,                       0.108207
48,                            38,                       10,                       0.107131
48,                            38,                       10,                       0.105064
48,                            38,                       10,                       0.107622
48,                            38,                       10,                       0.108231
48,                            38,                       10,                       0.107192
48,                            38,                       10,                       0.106096
48,                            38,                       10,                       0.106549
48,                            38,                       10,                       0.107935
48,                            38,                       10,                       0.10514
48,                            38,                       10,                       0.108804
48,                            38,                       10,                       0.105852
48,                            38,                       10,                       0.105442
48,                            38,                       10,                       0.105719
48,                            38,                       10,                       0.111598
48,                            38,                       10,                       0.110158
48,                            38,                       10,                       0.106573
48,                            38,                       10,                       0.106203
48,                            38,                       10,                       0.106102
48,                            38,                       10,                       0.106233
48,                            38,                       10,                       0.106078
48,                            38,                       10,                       0.107257
48,                            38,                       10,                       0.106891
48,                            38,                       10,                       0.10911
48,                            38,                       10,                       0.114227
48,                            38,                       10,                       0.111482
48,                            38,                       10,                       0.106825
48,                            38,                       10,                       0.112138
48,                            38,                       10,                       0.110577
48,                            38,                       10,                       0.11131
48,                            38,                       10,                       0.105864
48,                            38,                       10,                       0.107511
48,                            38,                       10,                       0.112196
48,                            38,                       10,                       0.108215
48,                            38,                       10,                       0.115239
48,                            38,                       10,                       0.107222
48,                            38,                       10,                       0.106441
48,                            38,                       10,                       0.107254
48,                            38,                       10,                       0.105872
48,                            38,                       10,                       0.10688
48,                            38,                       10,                       0.106306
48,                            38,                       10,                       0.105897
48,                            38,                       10,                       0.108859
48,                            38,                       10,                       0.107416
48,                            38,                       10,                       0.108322
48,                            38,                       10,                       0.106195
48,                            38,                       10,                       0.107321
48,                            38,                       10,                       0.108705
48,                            38,                       10,                       0.111408
48,                            38,                       10,                       0.107053
48,                            38,                       10,                       0.10587
48,                            38,                       10,                       0.105018
48,                            38,                       10,                       0.10763
48,                            38,                       10,                       0.10779
48,                            38,                       10,                       0.112971
48,                            38,                       10,                       0.110995
48,                            38,                       10,                       0.108086
48,                            38,                       10,                       0.110719
48,                            38,                       10,                       0.108817
48,                            38,                       10,                       0.128079
48,                            38,                       10,                       0.109882
48,                            38,                       10,                       0.109033
48,                            38,                       10,                       0.108018
48,                            38,                       10,                       0.108625
48,                            38,                       10,                       0.109541
48,                            38,                       10,                       0.105674
48,                            38,                       10,                       0.111088
48,                            38,                       10,                       0.104692
48,                            38,                       10,                       0.121642
48,                            38,                       10,                       0.105939
48,                            38,                       10,                       0.107888
48,                            38,                       10,                       0.105904
48,                            38,                       10,                       0.113449
48,                            38,                       10,                       0.105521
48,                            38,                       10,                       0.106851
48,                            38,                       10,                       0.107251
48,                            38,                       10,                       0.109472
48,                            38,                       10,                       0.115516
48,                            38,                       10,                       0.109376
48,                            38,                       10,                       0.106254
48,                            38,                       10,                       0.106292
48,                            38,                       10,                       0.106572
48,                            38,                       10,                       0.112441
48,                            38,                       10,                       0.106544
48,                            38,                       10,                       0.108452
48,                            38,                       10,                       0.106199
48,                            38,                       10,                       0.107054
48,                            38,                       10,                       0.106187
48,                            38,                       10,                       0.107651
48,                            38,                       10,                       0.107394
48,                            38,                       10,                       0.105716
48,                            38,                       10,                       0.107836
48,                            38,                       10,                       0.107276
48,                            38,                       10,                       0.106321
48,                            38,                       10,                       0.110476
48,                            38,                       10,                       0.107827
48,                            38,                       10,                       0.109279
48,                            38,                       10,                       0.108197
48,                            38,                       10,                       0.109686
48,                            38,                       10,                       0.106408
48,                            38,                       10,                       0.110861
48,                            38,                       10,                       0.108745
48,                            38,                       10,                       0.111131
48,                            38,                       10,                       0.107986
48,                            38,                       10,                       0.108616
48,                            38,                       10,                       0.104451
48,                            38,                       10,                       0.105711
48,                            38,                       10,                       0.1127
48,                            38,                       10,                       0.106197
48,                            38,                       10,                       0.108783
48,                            38,                       10,                       0.105695
48,                            38,                       10,                       0.106175
48,                            38,                       10,                       0.106402
48,                            38,                       10,                       0.106435
48,                            38,                       10,                       0.106888
48,                            38,                       10,                       0.116087
48,                            38,                       10,                       0.110869
48,                            38,                       10,                       0.108744
48,                            38,                       10,                       0.107722
48,                            38,                       10,                       0.106664
48,                            38,                       10,                       0.106496
48,                            38,                       10,                       0.108009
48,                            38,                       10,                       0.107368
48,                            38,                       10,                       0.110701
48,                            38,                       10,                       0.108502
48,                            38,                       10,                       0.112695
48,                            38,                       10,                       0.108285
48,                            38,                       10,                       0.107672
48,                            38,                       10,                       0.108473
48,                            38,                       10,                       0.108497
48,                            38,                       10,                       0.107767
48,                            38,                       10,                       0.106504
48,                            38,                       10,                       0.118775
48,                            38,                       10,                       0.109585
48,                            38,                       10,                       0.107125
48,                            38,                       10,                       0.109378
48,                            38,                       10,                       0.113269
48,                            38,                       10,                       0.114212
48,                            38,                       10,                       0.107456
48,                            38,                       10,                       0.107653
