COMMENT : The search result by Hill-Climbing for Cauchy_Good Fri Jan 26 15:13:16 2018

tech : Cauchy_Good
algorithm : Hill-Climbing
k : 4
m : 2
w : 3
failed_disk_id : 0
conventional_symbol_number    optimized_symbol_number    reduced_symbol_number    time
12,                            10,                       2,                       7.6e-05
12,                            10,                       2,                       7.4e-05
12,                            10,                       2,                       8.5e-05
12,                            10,                       2,                       7.2e-05
12,                            10,                       2,                       7.3e-05
12,                            10,                       2,                       7.4e-05
12,                            10,                       2,                       7.4e-05
12,                            10,                       2,                       7.4e-05
12,                            10,                       2,                       8.9e-05
12,                            10,                       2,                       7.1e-05
12,                            10,                       2,                       8.7e-05
12,                            10,                       2,                       0.000138
12,                            10,                       2,                       0.000115
12,                            10,                       2,                       7.6e-05
12,                            10,                       2,                       8.8e-05
12,                            10,                       2,                       7.8e-05
12,                            10,                       2,                       7.3e-05
12,                            10,                       2,                       0.000133
12,                            10,                       2,                       7.7e-05
12,                            10,                       2,                       7.8e-05
12,                            10,                       2,                       8.4e-05
12,                            10,                       2,                       7.4e-05
12,                            10,                       2,                       7.4e-05
12,                            10,                       2,                       7.5e-05
12,                            10,                       2,                       7.4e-05
12,                            10,                       2,                       7.3e-05
12,                            10,                       2,                       0.000138
12,                            10,                       2,                       9.4e-05
12,                            10,                       2,                       7.4e-05
12,                            10,                       2,                       7.4e-05
12,                            10,                       2,                       0.000103
12,                            10,                       2,                       8.9e-05
12,                            10,                       2,                       0.000139
12,                            10,                       2,                       7.4e-05
12,                            10,                       2,                       0.000154
12,                            10,                       2,                       7.6e-05
12,                            10,                       2,                       7.3e-05
12,                            10,                       2,                       7.3e-05
12,                            10,                       2,                       0.000142
12,                            10,                       2,                       7.7e-05
12,                            10,                       2,                       7.6e-05
12,                            10,                       2,                       7.5e-05
12,                            10,                       2,                       0.000126
12,                            10,                       2,                       7.4e-05
12,                            10,                       2,                       0.000109
12,                            10,                       2,                       7.5e-05
12,                            10,                       2,                       7.3e-05
12,                            10,                       2,                       7.4e-05
12,                            10,                       2,                       7.3e-05
12,                            10,                       2,                       0.000123
12,                            10,                       2,                       7.6e-05
12,                            10,                       2,                       7.5e-05
12,                            10,                       2,                       0.000142
12,                            10,                       2,                       7.5e-05
12,                            10,                       2,                       7.5e-05
12,                            10,                       2,                       7.4e-05
12,                            10,                       2,                       7.4e-05
12,                            10,                       2,                       7.2e-05
12,                            10,                       2,                       0.000143
12,                            10,                       2,                       7.5e-05
12,                            10,                       2,                       7.6e-05
12,                            10,                       2,                       7.4e-05
12,                            10,                       2,                       7.5e-05
12,                            10,                       2,                       7.5e-05
12,                            10,                       2,                       7.5e-05
12,                            10,                       2,                       9.4e-05
12,                            10,                       2,                       9.6e-05
12,                            10,                       2,                       7.3e-05
12,                            10,                       2,                       7.2e-05
12,                            10,                       2,                       7.5e-05
12,                            10,                       2,                       7.2e-05
12,                            10,                       2,                       7.4e-05
12,                            10,                       2,                       8.7e-05
12,                            10,                       2,                       7.4e-05
12,                            10,                       2,                       8.9e-05
12,                            10,                       2,                       0.000175
12,                            10,                       2,                       7.3e-05
12,                            10,                       2,                       7.4e-05
12,                            10,                       2,                       7.6e-05
12,                            10,                       2,                       7.4e-05
12,                            10,                       2,                       7.3e-05
12,                            10,                       2,                       8.7e-05
12,                            10,                       2,                       7.6e-05
12,                            10,                       2,                       7.5e-05
12,                            10,                       2,                       7.3e-05
12,                            10,                       2,                       0.000165
12,                            10,                       2,                       7.3e-05
12,                            10,                       2,                       0.000112
12,                            10,                       2,                       0.000102
12,                            10,                       2,                       7.8e-05
12,                            10,                       2,                       7.6e-05
12,                            10,                       2,                       0.000141
12,                            10,                       2,                       7.4e-05
12,                            10,                       2,                       7.3e-05
12,                            10,                       2,                       7.6e-05
12,                            10,                       2,                       7.3e-05
12,                            10,                       2,                       9.8e-05
12,                            10,                       2,                       7.3e-05
12,                            10,                       2,                       7.6e-05
12,                            10,                       2,                       0.000113
12,                            10,                       2,                       9.2e-05
12,                            10,                       2,                       8.8e-05
12,                            10,                       2,                       7.4e-05
12,                            10,                       2,                       7.4e-05
12,                            10,                       2,                       7.6e-05
12,                            10,                       2,                       0.000126
12,                            10,                       2,                       7.3e-05
12,                            10,                       2,                       7.4e-05
12,                            10,                       2,                       0.000127
12,                            10,                       2,                       7.4e-05
12,                            10,                       2,                       7.3e-05
12,                            10,                       2,                       0.000105
12,                            10,                       2,                       0.000106
12,                            10,                       2,                       8.8e-05
12,                            10,                       2,                       7.6e-05
12,                            10,                       2,                       7.5e-05
12,                            10,                       2,                       7.7e-05
12,                            10,                       2,                       7.4e-05
12,                            10,                       2,                       7.3e-05
12,                            10,                       2,                       7.6e-05
12,                            10,                       2,                       7.5e-05
12,                            10,                       2,                       7.1e-05
12,                            10,                       2,                       7.3e-05
12,                            10,                       2,                       7.6e-05
12,                            10,                       2,                       8.7e-05
12,                            10,                       2,                       0.000102
12,                            10,                       2,                       7.8e-05
12,                            10,                       2,                       0.000138
12,                            10,                       2,                       7.3e-05
12,                            10,                       2,                       0.000103
12,                            10,                       2,                       9.9e-05
12,                            10,                       2,                       7.5e-05
12,                            10,                       2,                       7.1e-05
12,                            10,                       2,                       7.3e-05
12,                            10,                       2,                       7.5e-05
12,                            10,                       2,                       7.3e-05
12,                            10,                       2,                       7.4e-05
12,                            10,                       2,                       7.5e-05
12,                            10,                       2,                       8.7e-05
12,                            10,                       2,                       8.6e-05
12,                            10,                       2,                       8.7e-05
12,                            10,                       2,                       0.000111
12,                            10,                       2,                       7.2e-05
12,                            10,                       2,                       7.4e-05
12,                            10,                       2,                       7.4e-05
12,                            10,                       2,                       0.000185
12,                            10,                       2,                       7.4e-05
12,                            10,                       2,                       8.9e-05
12,                            10,                       2,                       7.3e-05
12,                            10,                       2,                       9.8e-05
12,                            10,                       2,                       7.7e-05
12,                            10,                       2,                       7.3e-05
12,                            10,                       2,                       7.4e-05
12,                            10,                       2,                       7.6e-05
12,                            10,                       2,                       7.3e-05
12,                            10,                       2,                       7.4e-05
12,                            10,                       2,                       7.6e-05
12,                            10,                       2,                       9.8e-05
12,                            10,                       2,                       9.4e-05
12,                            10,                       2,                       7.5e-05
12,                            10,                       2,                       7.4e-05
12,                            10,                       2,                       0.000116
12,                            10,                       2,                       8.9e-05
12,                            10,                       2,                       0.000113
12,                            10,                       2,                       7.2e-05
12,                            10,                       2,                       7.2e-05
12,                            10,                       2,                       0.000101
12,                            10,                       2,                       0.000136
12,                            10,                       2,                       7.7e-05
12,                            10,                       2,                       0.000131
12,                            10,                       2,                       7.5e-05
12,                            10,                       2,                       7.5e-05
12,                            10,                       2,                       7.5e-05
12,                            10,                       2,                       7.4e-05
12,                            10,                       2,                       7.5e-05
12,                            10,                       2,                       0.000172
12,                            10,                       2,                       7.2e-05
12,                            10,                       2,                       7.3e-05
12,                            10,                       2,                       0.000108
12,                            10,                       2,                       7.6e-05
12,                            10,                       2,                       7.3e-05
12,                            10,                       2,                       7.5e-05
12,                            10,                       2,                       7.5e-05
12,                            10,                       2,                       0.0001
12,                            10,                       2,                       7.5e-05
12,                            10,                       2,                       7.6e-05
12,                            10,                       2,                       7.3e-05
12,                            10,                       2,                       0.000136
12,                            10,                       2,                       7.4e-05
12,                            10,                       2,                       7.3e-05
12,                            10,                       2,                       7.3e-05
12,                            10,                       2,                       0.000101
12,                            10,                       2,                       7.2e-05
12,                            10,                       2,                       9.2e-05
12,                            10,                       2,                       7.3e-05
12,                            10,                       2,                       7.3e-05
12,                            10,                       2,                       0.000113
12,                            10,                       2,                       8e-05
12,                            10,                       2,                       7.4e-05
12,                            10,                       2,                       7.4e-05
12,                            10,                       2,                       7.2e-05
12,                            10,                       2,                       7.4e-05
12,                            10,                       2,                       0.000139
12,                            10,                       2,                       7.4e-05
12,                            10,                       2,                       0.000104
12,                            10,                       2,                       9.2e-05
12,                            10,                       2,                       0.000128
12,                            10,                       2,                       0.000103
12,                            10,                       2,                       8.8e-05
12,                            10,                       2,                       7.6e-05
12,                            10,                       2,                       7.6e-05
12,                            10,                       2,                       7.4e-05
12,                            10,                       2,                       7.2e-05
12,                            10,                       2,                       7.4e-05
12,                            10,                       2,                       7.2e-05
12,                            10,                       2,                       7.6e-05
12,                            10,                       2,                       9.1e-05
12,                            10,                       2,                       0.000136
12,                            10,                       2,                       7.4e-05
12,                            10,                       2,                       9e-05
12,                            10,                       2,                       7.2e-05
12,                            10,                       2,                       7.6e-05
12,                            10,                       2,                       8.9e-05
12,                            10,                       2,                       0.000145
12,                            10,                       2,                       0.000129
12,                            10,                       2,                       7.5e-05
12,                            10,                       2,                       7.4e-05
12,                            10,                       2,                       8.3e-05
12,                            10,                       2,                       7.7e-05
12,                            10,                       2,                       8.6e-05
12,                            10,                       2,                       7.4e-05
12,                            10,                       2,                       0.000155
12,                            10,                       2,                       7.4e-05
12,                            10,                       2,                       7.9e-05
12,                            10,                       2,                       7.2e-05
12,                            10,                       2,                       7.3e-05
12,                            10,                       2,                       9.7e-05
12,                            10,                       2,                       7.5e-05
12,                            10,                       2,                       7.5e-05
12,                            10,                       2,                       7.4e-05
12,                            10,                       2,                       7.1e-05
12,                            10,                       2,                       7.4e-05
12,                            10,                       2,                       0.000102
12,                            10,                       2,                       0.000134
12,                            10,                       2,                       7.5e-05
12,                            10,                       2,                       8.8e-05
12,                            10,                       2,                       7.4e-05
12,                            10,                       2,                       7.5e-05
12,                            10,                       2,                       7.3e-05
12,                            10,                       2,                       7.2e-05
12,                            10,                       2,                       7.2e-05
12,                            10,                       2,                       0.0001
12,                            10,                       2,                       7.5e-05
12,                            10,                       2,                       7.3e-05
12,                            10,                       2,                       7.6e-05
12,                            10,                       2,                       7.5e-05
12,                            10,                       2,                       0.000106
12,                            10,                       2,                       7.4e-05
12,                            10,                       2,                       8.9e-05
12,                            10,                       2,                       0.000106
12,                            10,                       2,                       0.000113
12,                            10,                       2,                       0.000116
12,                            10,                       2,                       7.4e-05
12,                            10,                       2,                       7.4e-05
12,                            10,                       2,                       7.2e-05
12,                            10,                       2,                       7.3e-05
12,                            10,                       2,                       7.4e-05
12,                            10,                       2,                       7.4e-05
12,                            10,                       2,                       7.5e-05
12,                            10,                       2,                       7.4e-05
12,                            10,                       2,                       7.3e-05
12,                            10,                       2,                       0.0001
12,                            10,                       2,                       8.8e-05
12,                            10,                       2,                       8.8e-05
12,                            10,                       2,                       9.1e-05
12,                            10,                       2,                       8.1e-05
12,                            10,                       2,                       7.5e-05
12,                            10,                       2,                       7.5e-05
12,                            10,                       2,                       7.5e-05
12,                            10,                       2,                       7.4e-05
12,                            10,                       2,                       0.000136
12,                            10,                       2,                       7.5e-05
12,                            10,                       2,                       7.6e-05
12,                            10,                       2,                       7.5e-05
12,                            10,                       2,                       7.2e-05
12,                            10,                       2,                       7.4e-05
12,                            10,                       2,                       7.2e-05
12,                            10,                       2,                       0.000115
12,                            10,                       2,                       7.4e-05
12,                            10,                       2,                       7.4e-05
12,                            10,                       2,                       7.5e-05
12,                            10,                       2,                       8.4e-05
12,                            10,                       2,                       9.4e-05
12,                            10,                       2,                       9.2e-05
12,                            10,                       2,                       7.5e-05
12,                            10,                       2,                       7.9e-05
12,                            10,                       2,                       0.00011
12,                            10,                       2,                       7.5e-05
12,                            10,                       2,                       8.6e-05
12,                            10,                       2,                       7.6e-05
