COMMENT : The search result by Hill-Climbing for Cauchy_Good Fri Jan 26 15:13:45 2018

tech : Cauchy_Good
algorithm : Hill-Climbing
k : 8
m : 8
w : 6
failed_disk_id : 0
conventional_symbol_number    optimized_symbol_number    reduced_symbol_number    time
48,                            37,                       11,                       0.492154
48,                            37,                       11,                       0.490565
48,                            37,                       11,                       0.51126
48,                            37,                       11,                       0.501029
48,                            37,                       11,                       0.488644
48,                            37,                       11,                       0.492724
48,                            37,                       11,                       0.494932
48,                            37,                       11,                       0.493096
48,                            37,                       11,                       0.49964
48,                            37,                       11,                       0.523383
48,                            37,                       11,                       0.508318
48,                            37,                       11,                       0.530039
48,                            37,                       11,                       0.563503
48,                            37,                       11,                       0.523433
48,                            37,                       11,                       0.509472
48,                            37,                       11,                       0.520889
48,                            37,                       11,                       0.517031
48,                            37,                       11,                       0.514823
48,                            37,                       11,                       0.521485
48,                            37,                       11,                       0.487998
48,                            37,                       11,                       0.489621
48,                            37,                       11,                       0.490675
48,                            37,                       11,                       0.488682
48,                            37,                       11,                       0.486414
48,                            37,                       11,                       0.49004
48,                            37,                       11,                       0.493722
48,                            37,                       11,                       0.487042
48,                            37,                       11,                       0.487353
48,                            37,                       11,                       0.497973
48,                            37,                       11,                       0.495939
48,                            37,                       11,                       0.490488
48,                            37,                       11,                       0.484589
48,                            37,                       11,                       0.486847
48,                            37,                       11,                       0.510769
48,                            37,                       11,                       0.485903
48,                            37,                       11,                       0.482892
48,                            37,                       11,                       0.550195
48,                            37,                       11,                       0.541092
48,                            37,                       11,                       0.591477
48,                            37,                       11,                       0.515771
48,                            37,                       11,                       0.50735
48,                            37,                       11,                       0.552058
48,                            37,                       11,                       0.505741
48,                            37,                       11,                       0.55379
48,                            37,                       11,                       0.503182
48,                            37,                       11,                       0.501244
48,                            37,                       11,                       0.507525
48,                            37,                       11,                       0.50085
48,                            37,                       11,                       0.513774
48,                            37,                       11,                       0.566602
48,                            37,                       11,                       0.509997
48,                            37,                       11,                       0.51126
48,                            37,                       11,                       0.499716
48,                            37,                       11,                       0.49856
48,                            37,                       11,                       0.509863
48,                            37,                       11,                       0.502091
48,                            37,                       11,                       0.500662
48,                            37,                       11,                       0.506807
48,                            37,                       11,                       0.504984
48,                            37,                       11,                       0.50933
48,                            37,                       11,                       0.501694
48,                            37,                       11,                       0.513461
48,                            37,                       11,                       0.504311
48,                            37,                       11,                       0.496051
48,                            37,                       11,                       0.504851
48,                            37,                       11,                       0.501799
48,                            37,                       11,                       0.494071
48,                            37,                       11,                       0.514907
48,                            37,                       11,                       0.502447
48,                            37,                       11,                       0.501871
48,                            37,                       11,                       0.492449
48,                            37,                       11,                       0.495186
48,                            37,                       11,                       0.49325
48,                            37,                       11,                       0.505749
48,                            37,                       11,                       0.497087
48,                            37,                       11,                       0.497829
48,                            37,                       11,                       0.5065
48,                            37,                       11,                       0.495881
48,                            37,                       11,                       0.510014
48,                            37,                       11,                       0.549004
48,                            37,                       11,                       0.501198
48,                            37,                       11,                       0.508876
48,                            37,                       11,                       0.512458
48,                            37,                       11,                       0.499004
48,                            37,                       11,                       0.49837
48,                            37,                       11,                       0.511815
48,                            37,                       11,                       0.522685
48,                            37,                       11,                       0.520225
48,                            37,                       11,                       0.501346
48,                            37,                       11,                       0.505086
48,                            37,                       11,                       0.511375
48,                            37,                       11,                       0.496982
48,                            37,                       11,                       0.508533
48,                            37,                       11,                       0.503724
48,                            37,                       11,                       0.503102
48,                            37,                       11,                       0.511424
48,                            37,                       11,                       0.50439
48,                            37,                       11,                       0.507433
48,                            37,                       11,                       0.504058
48,                            37,                       11,                       0.507738
48,                            37,                       11,                       0.509937
48,                            37,                       11,                       0.502396
48,                            37,                       11,                       0.506412
48,                            37,                       11,                       0.517939
48,                            37,                       11,                       0.512886
48,                            37,                       11,                       0.521106
48,                            37,                       11,                       0.505213
48,                            37,                       11,                       0.503528
48,                            37,                       11,                       0.508291
48,                            37,                       11,                       0.505333
48,                            37,                       11,                       0.505957
48,                            37,                       11,                       0.524225
48,                            37,                       11,                       0.513929
48,                            37,                       11,                       0.519894
48,                            37,                       11,                       0.502844
48,                            37,                       11,                       0.503859
48,                            37,                       11,                       0.504507
48,                            37,                       11,                       0.506109
48,                            37,                       11,                       0.511405
48,                            37,                       11,                       0.508273
48,                            37,                       11,                       0.500382
48,                            37,                       11,                       0.502598
48,                            37,                       11,                       0.506193
48,                            37,                       11,                       0.502004
48,                            37,                       11,                       0.513708
48,                            37,                       11,                       0.503704
48,                            37,                       11,                       0.509229
48,                            37,                       11,                       0.508173
48,                            37,                       11,                       0.506097
48,                            37,                       11,                       0.508773
48,                            37,                       11,                       0.508747
48,                            37,                       11,                       0.504644
48,                            37,                       11,                       0.509423
48,                            37,                       11,                       0.568145
48,                            37,                       11,                       0.503291
48,                            37,                       11,                       0.5061
48,                            37,                       11,                       0.508325
48,                            37,                       11,                       0.502653
48,                            37,                       11,                       0.507302
48,                            37,                       11,                       0.502661
48,                            37,                       11,                       0.758582
48,                            37,                       11,                       0.504211
48,                            37,                       11,                       0.517748
48,                            37,                       11,                       0.505895
48,                            37,                       11,                       0.504129
48,                            37,                       11,                       0.501604
48,                            37,                       11,                       0.505017
48,                            37,                       11,                       0.506391
48,                            37,                       11,                       0.503943
48,                            37,                       11,                       0.505745
48,                            37,                       11,                       0.503745
48,                            37,                       11,                       0.503837
48,                            37,                       11,                       0.502432
48,                            37,                       11,                       0.503623
48,                            37,                       11,                       0.500433
48,                            37,                       11,                       0.498518
48,                            37,                       11,                       0.518783
48,                            37,                       11,                       0.503662
48,                            37,                       11,                       0.509203
48,                            37,                       11,                       0.501929
48,                            37,                       11,                       0.503843
48,                            37,                       11,                       0.503714
48,                            37,                       11,                       0.500729
48,                            37,                       11,                       0.504781
48,                            37,                       11,                       0.506397
48,                            37,                       11,                       0.503885
48,                            37,                       11,                       0.504627
48,                            37,                       11,                       0.506801
48,                            37,                       11,                       0.506503
48,                            37,                       11,                       0.500973
48,                            37,                       11,                       0.515207
48,                            37,                       11,                       0.518382
48,                            37,                       11,                       0.508958
48,                            37,                       11,                       0.52868
48,                            37,                       11,                       0.546385
48,                            37,                       11,                       0.505075
48,                            37,                       11,                       0.531311
48,                            37,                       11,                       0.509442
48,                            37,                       11,                       0.515014
48,                            37,                       11,                       0.508879
48,                            37,                       11,                       0.505493
48,                            37,                       11,                       0.509041
48,                            37,                       11,                       0.502364
48,                            37,                       11,                       0.514373
48,                            37,                       11,                       0.52889
48,                            37,                       11,                       0.507164
48,                            37,                       11,                       0.500454
48,                            37,                       11,                       0.512835
48,                            37,                       11,                       0.580492
48,                            37,                       11,                       0.506636
48,                            37,                       11,                       0.500056
48,                            37,                       11,                       0.5065
48,                            37,                       11,                       0.516959
48,                            37,                       11,                       0.509266
48,                            37,                       11,                       0.512694
48,                            37,                       11,                       0.502957
48,                            37,                       11,                       0.522605
48,                            37,                       11,                       0.504694
48,                            37,                       11,                       0.507049
48,                            37,                       11,                       0.510462
48,                            37,                       11,                       0.501225
48,                            37,                       11,                       0.502183
48,                            37,                       11,                       0.502884
48,                            37,                       11,                       0.511873
48,                            37,                       11,                       0.500758
48,                            37,                       11,                       0.507712
48,                            37,                       11,                       0.510812
48,                            37,                       11,                       0.519628
48,                            37,                       11,                       0.496439
48,                            37,                       11,                       0.501173
48,                            37,                       11,                       0.509836
48,                            37,                       11,                       0.506053
48,                            37,                       11,                       0.518395
48,                            37,                       11,                       0.510056
48,                            37,                       11,                       0.512294
48,                            37,                       11,                       0.502092
48,                            37,                       11,                       0.503523
48,                            37,                       11,                       0.508116
48,                            37,                       11,                       0.523097
48,                            37,                       11,                       0.51972
48,                            37,                       11,                       0.497846
48,                            37,                       11,                       0.502018
48,                            37,                       11,                       0.526606
48,                            37,                       11,                       0.505591
48,                            37,                       11,                       0.507623
48,                            37,                       11,                       0.513149
48,                            37,                       11,                       0.507671
48,                            37,                       11,                       0.497598
48,                            37,                       11,                       0.504553
48,                            37,                       11,                       0.508777
48,                            37,                       11,                       0.507745
48,                            37,                       11,                       0.503863
48,                            37,                       11,                       0.521784
48,                            37,                       11,                       0.515712
48,                            37,                       11,                       0.507351
48,                            37,                       11,                       0.503803
48,                            37,                       11,                       0.506996
48,                            37,                       11,                       0.510321
48,                            37,                       11,                       0.518046
48,                            37,                       11,                       0.50826
48,                            37,                       11,                       0.507495
48,                            37,                       11,                       0.518498
48,                            37,                       11,                       0.513104
48,                            37,                       11,                       0.507384
48,                            37,                       11,                       0.511527
48,                            37,                       11,                       0.509982
48,                            37,                       11,                       0.514985
48,                            37,                       11,                       0.506459
48,                            37,                       11,                       0.509179
48,                            37,                       11,                       0.511914
48,                            37,                       11,                       0.510809
48,                            37,                       11,                       0.516536
48,                            37,                       11,                       0.511787
48,                            37,                       11,                       0.505607
48,                            37,                       11,                       0.53253
48,                            37,                       11,                       0.514022
48,                            37,                       11,                       0.51051
48,                            37,                       11,                       0.528245
48,                            37,                       11,                       0.512858
48,                            37,                       11,                       0.507386
48,                            37,                       11,                       0.526809
48,                            37,                       11,                       0.506139
48,                            37,                       11,                       0.507779
48,                            37,                       11,                       0.506263
48,                            37,                       11,                       0.502472
48,                            37,                       11,                       0.499475
48,                            37,                       11,                       0.503212
48,                            37,                       11,                       0.509653
48,                            37,                       11,                       0.506989
48,                            37,                       11,                       0.515993
48,                            37,                       11,                       0.502591
48,                            37,                       11,                       0.50824
48,                            37,                       11,                       0.509039
48,                            37,                       11,                       0.503806
48,                            37,                       11,                       0.508117
48,                            37,                       11,                       0.520099
48,                            37,                       11,                       0.518388
48,                            37,                       11,                       0.515946
48,                            37,                       11,                       0.505548
48,                            37,                       11,                       0.516215
48,                            37,                       11,                       0.508272
48,                            37,                       11,                       0.518895
48,                            37,                       11,                       0.535546
48,                            37,                       11,                       0.51434
48,                            37,                       11,                       0.509462
48,                            37,                       11,                       0.532846
48,                            37,                       11,                       0.521344
48,                            37,                       11,                       0.522317
48,                            37,                       11,                       0.510749
48,                            37,                       11,                       0.537298
48,                            37,                       11,                       0.506325
48,                            37,                       11,                       0.527078
48,                            37,                       11,                       0.50939
48,                            37,                       11,                       0.519748
48,                            37,                       11,                       0.519341
48,                            37,                       11,                       0.512465
48,                            37,                       11,                       0.529542
48,                            37,                       11,                       0.509092
48,                            37,                       11,                       0.523717
48,                            37,                       11,                       0.513439
