COMMENT : The search result by Hill-Climbing for Cauchy_Good Fri Jan 26 15:13:27 2018

tech : Cauchy_Good
algorithm : Hill-Climbing
k : 7
m : 4
w : 5
failed_disk_id : 0
conventional_symbol_number    optimized_symbol_number    reduced_symbol_number    time
35,                            27,                       8,                       0.014229
35,                            27,                       8,                       0.014608
35,                            27,                       8,                       0.014845
35,                            27,                       8,                       0.014405
35,                            27,                       8,                       0.014922
35,                            27,                       8,                       0.014829
35,                            27,                       8,                       0.015007
35,                            27,                       8,                       0.014981
35,                            27,                       8,                       0.015416
35,                            27,                       8,                       0.014368
35,                            27,                       8,                       0.014489
35,                            27,                       8,                       0.015056
35,                            27,                       8,                       0.014145
35,                            27,                       8,                       0.01544
35,                            27,                       8,                       0.015243
35,                            27,                       8,                       0.015416
35,                            27,                       8,                       0.014823
35,                            27,                       8,                       0.015201
35,                            27,                       8,                       0.017714
35,                            27,                       8,                       0.016187
35,                            27,                       8,                       0.014753
35,                            27,                       8,                       0.014562
35,                            27,                       8,                       0.014525
35,                            27,                       8,                       0.014385
35,                            27,                       8,                       0.014424
35,                            27,                       8,                       0.015706
35,                            27,                       8,                       0.014252
35,                            27,                       8,                       0.014677
35,                            27,                       8,                       0.014972
35,                            27,                       8,                       0.014898
35,                            27,                       8,                       0.015721
35,                            27,                       8,                       0.01545
35,                            27,                       8,                       0.014683
35,                            27,                       8,                       0.014788
35,                            27,                       8,                       0.015099
35,                            27,                       8,                       0.01479
35,                            27,                       8,                       0.016431
35,                            27,                       8,                       0.01792
35,                            27,                       8,                       0.016219
35,                            27,                       8,                       0.015304
35,                            27,                       8,                       0.015268
35,                            27,                       8,                       0.014798
35,                            27,                       8,                       0.015632
35,                            27,                       8,                       0.014597
35,                            27,                       8,                       0.014893
35,                            27,                       8,                       0.014416
35,                            27,                       8,                       0.014523
35,                            27,                       8,                       0.014835
35,                            27,                       8,                       0.014475
35,                            27,                       8,                       0.015578
35,                            27,                       8,                       0.015464
35,                            27,                       8,                       0.015019
35,                            27,                       8,                       0.015365
35,                            27,                       8,                       0.014624
35,                            27,                       8,                       0.015734
35,                            27,                       8,                       0.014786
35,                            27,                       8,                       0.01511
35,                            27,                       8,                       0.01647
35,                            27,                       8,                       0.014381
35,                            27,                       8,                       0.014702
35,                            27,                       8,                       0.015438
35,                            27,                       8,                       0.01624
35,                            27,                       8,                       0.016435
35,                            27,                       8,                       0.014581
35,                            27,                       8,                       0.015606
35,                            27,                       8,                       0.015508
35,                            27,                       8,                       0.015145
35,                            27,                       8,                       0.014728
35,                            27,                       8,                       0.01467
35,                            27,                       8,                       0.014672
35,                            27,                       8,                       0.014974
35,                            27,                       8,                       0.014871
35,                            27,                       8,                       0.014508
35,                            27,                       8,                       0.015131
35,                            27,                       8,                       0.014458
35,                            27,                       8,                       0.014804
35,                            27,                       8,                       0.014857
35,                            27,                       8,                       0.014853
35,                            27,                       8,                       0.014957
35,                            27,                       8,                       0.015495
35,                            27,                       8,                       0.015066
35,                            27,                       8,                       0.015589
35,                            27,                       8,                       0.015918
35,                            27,                       8,                       0.01574
35,                            27,                       8,                       0.016122
35,                            27,                       8,                       0.015243
35,                            27,                       8,                       0.015348
35,                            27,                       8,                       0.015356
35,                            27,                       8,                       0.016834
35,                            27,                       8,                       0.016882
35,                            27,                       8,                       0.01492
35,                            27,                       8,                       0.015321
35,                            27,                       8,                       0.014733
35,                            27,                       8,                       0.015167
35,                            27,                       8,                       0.014699
35,                            27,                       8,                       0.014715
35,                            27,                       8,                       0.014591
35,                            27,                       8,                       0.015645
35,                            27,                       8,                       0.015584
35,                            27,                       8,                       0.015227
35,                            27,                       8,                       0.014725
35,                            27,                       8,                       0.015356
35,                            27,                       8,                       0.017508
35,                            27,                       8,                       0.015463
35,                            27,                       8,                       0.014655
35,                            27,                       8,                       0.015508
35,                            27,                       8,                       0.015513
35,                            27,                       8,                       0.014735
35,                            27,                       8,                       0.015592
35,                            27,                       8,                       0.015532
35,                            27,                       8,                       0.015303
35,                            27,                       8,                       0.015698
35,                            27,                       8,                       0.015101
35,                            27,                       8,                       0.015219
35,                            27,                       8,                       0.015244
35,                            27,                       8,                       0.015407
35,                            27,                       8,                       0.014607
35,                            27,                       8,                       0.015208
35,                            27,                       8,                       0.014705
35,                            27,                       8,                       0.015275
35,                            27,                       8,                       0.015723
35,                            27,                       8,                       0.015161
35,                            27,                       8,                       0.015288
35,                            27,                       8,                       0.015622
35,                            27,                       8,                       0.01508
35,                            27,                       8,                       0.014923
35,                            27,                       8,                       0.016194
35,                            27,                       8,                       0.014712
35,                            27,                       8,                       0.015162
35,                            27,                       8,                       0.01491
35,                            27,                       8,                       0.015203
35,                            27,                       8,                       0.015633
35,                            27,                       8,                       0.015484
35,                            27,                       8,                       0.015088
35,                            27,                       8,                       0.015829
35,                            27,                       8,                       0.014818
35,                            27,                       8,                       0.014621
35,                            27,                       8,                       0.014692
35,                            27,                       8,                       0.01523
35,                            27,                       8,                       0.015247
35,                            27,                       8,                       0.015433
35,                            27,                       8,                       0.015138
35,                            27,                       8,                       0.014527
35,                            27,                       8,                       0.01618
35,                            27,                       8,                       0.015067
35,                            27,                       8,                       0.015471
35,                            27,                       8,                       0.015476
35,                            27,                       8,                       0.015561
35,                            27,                       8,                       0.015115
35,                            27,                       8,                       0.014786
35,                            27,                       8,                       0.01463
35,                            27,                       8,                       0.015052
35,                            27,                       8,                       0.014769
35,                            27,                       8,                       0.014836
35,                            27,                       8,                       0.015447
35,                            27,                       8,                       0.014804
35,                            27,                       8,                       0.014566
35,                            27,                       8,                       0.017247
35,                            27,                       8,                       0.015021
35,                            27,                       8,                       0.016026
35,                            27,                       8,                       0.015844
35,                            27,                       8,                       0.014801
35,                            27,                       8,                       0.015683
35,                            27,                       8,                       0.014921
35,                            27,                       8,                       0.014564
35,                            27,                       8,                       0.015753
35,                            27,                       8,                       0.014882
35,                            27,                       8,                       0.015148
35,                            27,                       8,                       0.014641
35,                            27,                       8,                       0.015316
35,                            27,                       8,                       0.015062
35,                            27,                       8,                       0.015211
35,                            27,                       8,                       0.015006
35,                            27,                       8,                       0.016078
35,                            27,                       8,                       0.014845
35,                            27,                       8,                       0.016245
35,                            27,                       8,                       0.014605
35,                            27,                       8,                       0.01529
35,                            27,                       8,                       0.016205
35,                            27,                       8,                       0.015474
35,                            27,                       8,                       0.015172
35,                            27,                       8,                       0.015086
35,                            27,                       8,                       0.017305
35,                            27,                       8,                       0.015205
35,                            27,                       8,                       0.01502
35,                            27,                       8,                       0.015375
35,                            27,                       8,                       0.01482
35,                            27,                       8,                       0.015508
35,                            27,                       8,                       0.01488
35,                            27,                       8,                       0.014856
35,                            27,                       8,                       0.01484
35,                            27,                       8,                       0.014642
35,                            27,                       8,                       0.014917
35,                            27,                       8,                       0.017533
35,                            27,                       8,                       0.014602
35,                            27,                       8,                       0.015015
35,                            27,                       8,                       0.014962
35,                            27,                       8,                       0.014999
35,                            27,                       8,                       0.01518
35,                            27,                       8,                       0.01495
35,                            27,                       8,                       0.01522
35,                            27,                       8,                       0.014777
35,                            27,                       8,                       0.014967
35,                            27,                       8,                       0.015299
35,                            27,                       8,                       0.016662
35,                            27,                       8,                       0.015279
35,                            27,                       8,                       0.015813
35,                            27,                       8,                       0.015059
35,                            27,                       8,                       0.015052
35,                            27,                       8,                       0.01504
35,                            27,                       8,                       0.01458
35,                            27,                       8,                       0.014631
35,                            27,                       8,                       0.01913
35,                            27,                       8,                       0.019306
35,                            27,                       8,                       0.015721
35,                            27,                       8,                       0.014923
35,                            27,                       8,                       0.015964
35,                            27,                       8,                       0.015695
35,                            27,                       8,                       0.015513
35,                            27,                       8,                       0.015125
35,                            27,                       8,                       0.020008
35,                            27,                       8,                       0.015086
35,                            27,                       8,                       0.015968
35,                            27,                       8,                       0.01538
35,                            27,                       8,                       0.014284
35,                            27,                       8,                       0.014866
35,                            27,                       8,                       0.015753
35,                            27,                       8,                       0.015603
35,                            27,                       8,                       0.015232
35,                            27,                       8,                       0.015605
35,                            27,                       8,                       0.015556
35,                            27,                       8,                       0.015029
35,                            27,                       8,                       0.015098
35,                            27,                       8,                       0.015246
35,                            27,                       8,                       0.015049
35,                            27,                       8,                       0.015836
35,                            27,                       8,                       0.01517
35,                            27,                       8,                       0.015606
35,                            27,                       8,                       0.01472
35,                            27,                       8,                       0.016047
35,                            27,                       8,                       0.014952
35,                            27,                       8,                       0.015052
35,                            27,                       8,                       0.015387
35,                            27,                       8,                       0.015494
35,                            27,                       8,                       0.014687
35,                            27,                       8,                       0.015627
35,                            27,                       8,                       0.015023
35,                            27,                       8,                       0.015136
35,                            27,                       8,                       0.014961
35,                            27,                       8,                       0.015431
35,                            27,                       8,                       0.015962
35,                            27,                       8,                       0.015149
35,                            27,                       8,                       0.015353
35,                            27,                       8,                       0.014436
35,                            27,                       8,                       0.014734
35,                            27,                       8,                       0.015313
35,                            27,                       8,                       0.01551
35,                            27,                       8,                       0.015002
35,                            27,                       8,                       0.016236
35,                            27,                       8,                       0.015323
35,                            27,                       8,                       0.015364
35,                            27,                       8,                       0.014728
35,                            27,                       8,                       0.015127
35,                            27,                       8,                       0.016197
35,                            27,                       8,                       0.015361
35,                            27,                       8,                       0.014385
35,                            27,                       8,                       0.014193
35,                            27,                       8,                       0.014785
35,                            27,                       8,                       0.015081
35,                            27,                       8,                       0.015385
35,                            27,                       8,                       0.015122
35,                            27,                       8,                       0.014304
35,                            27,                       8,                       0.014523
35,                            27,                       8,                       0.016122
35,                            27,                       8,                       0.01524
35,                            27,                       8,                       0.014716
35,                            27,                       8,                       0.014781
35,                            27,                       8,                       0.014429
35,                            27,                       8,                       0.015825
35,                            27,                       8,                       0.014604
35,                            27,                       8,                       0.015416
35,                            27,                       8,                       0.015622
35,                            27,                       8,                       0.015129
35,                            27,                       8,                       0.015226
35,                            27,                       8,                       0.015046
35,                            27,                       8,                       0.015712
35,                            27,                       8,                       0.015176
35,                            27,                       8,                       0.015571
35,                            27,                       8,                       0.015283
35,                            27,                       8,                       0.015134
35,                            27,                       8,                       0.015738
35,                            27,                       8,                       0.015374
35,                            27,                       8,                       0.015682
35,                            27,                       8,                       0.015127
35,                            27,                       8,                       0.01466
35,                            27,                       8,                       0.015528
35,                            27,                       8,                       0.015088
35,                            27,                       8,                       0.014744
35,                            27,                       8,                       0.015497
35,                            27,                       8,                       0.01476
