COMMENT : The search result by Hill-Climbing for Cauchy_Good Mon Jan 29 00:58:16 2018

tech : Cauchy_Good
algorithm : Hill-Climbing
k : 6
m : 3
w : 10
failed_disk_id : 0
conventional_symbol_number    optimized_symbol_number    reduced_symbol_number    time
60,                            48,                       12,                       1.79122
60,                            48,                       12,                       1.75793
60,                            48,                       12,                       1.73742
60,                            48,                       12,                       1.74178
60,                            48,                       12,                       1.73484
60,                            48,                       12,                       1.74435
60,                            48,                       12,                       1.78536
60,                            48,                       12,                       1.77616
60,                            48,                       12,                       1.73805
60,                            48,                       12,                       1.75284
60,                            48,                       12,                       1.74093
60,                            48,                       12,                       1.78234
60,                            48,                       12,                       1.73661
60,                            48,                       12,                       1.76991
60,                            48,                       12,                       1.73109
60,                            48,                       12,                       1.75266
60,                            48,                       12,                       1.75401
60,                            48,                       12,                       1.79558
60,                            48,                       12,                       1.77632
60,                            48,                       12,                       1.72542
60,                            48,                       12,                       1.73382
60,                            48,                       12,                       1.74817
60,                            48,                       12,                       1.75874
60,                            48,                       12,                       1.74822
60,                            48,                       12,                       1.89387
60,                            48,                       12,                       1.73727
60,                            48,                       12,                       1.71329
60,                            48,                       12,                       1.74724
60,                            48,                       12,                       1.78858
60,                            48,                       12,                       1.75586
60,                            48,                       12,                       1.7997
60,                            48,                       12,                       1.75508
60,                            48,                       12,                       1.7422
60,                            48,                       12,                       1.75234
60,                            48,                       12,                       1.7954
60,                            48,                       12,                       1.76623
60,                            48,                       12,                       1.74292
60,                            48,                       12,                       1.71397
60,                            48,                       12,                       1.73871
60,                            48,                       12,                       1.78193
60,                            48,                       12,                       1.74531
60,                            48,                       12,                       1.76376
60,                            48,                       12,                       1.74295
60,                            48,                       12,                       1.73017
60,                            48,                       12,                       1.75194
60,                            48,                       12,                       1.77952
60,                            48,                       12,                       1.74887
60,                            48,                       12,                       1.76064
60,                            48,                       12,                       1.74789
60,                            48,                       12,                       1.73631
60,                            48,                       12,                       1.75515
60,                            48,                       12,                       1.79901
60,                            48,                       12,                       1.76167
60,                            48,                       12,                       1.74939
60,                            48,                       12,                       1.74296
60,                            48,                       12,                       1.75157
60,                            48,                       12,                       1.78021
60,                            48,                       12,                       1.74127
60,                            48,                       12,                       1.93819
60,                            48,                       12,                       1.87746
60,                            48,                       12,                       2.03787
60,                            48,                       12,                       1.99147
60,                            48,                       12,                       1.7598
60,                            48,                       12,                       1.7601
60,                            48,                       12,                       1.72827
60,                            48,                       12,                       1.73931
60,                            48,                       12,                       1.7607
60,                            48,                       12,                       1.77747
60,                            48,                       12,                       1.74214
60,                            48,                       12,                       1.75897
60,                            48,                       12,                       1.72042
60,                            48,                       12,                       1.7465
60,                            48,                       12,                       1.75932
60,                            48,                       12,                       1.79486
60,                            48,                       12,                       1.77516
60,                            48,                       12,                       1.77598
60,                            48,                       12,                       1.74051
60,                            48,                       12,                       1.7442
60,                            48,                       12,                       1.76247
60,                            48,                       12,                       1.74305
60,                            48,                       12,                       1.75027
60,                            48,                       12,                       1.72946
60,                            48,                       12,                       1.72636
60,                            48,                       12,                       1.75827
60,                            48,                       12,                       1.7748
60,                            48,                       12,                       1.73545
60,                            48,                       12,                       1.79469
60,                            48,                       12,                       1.72465
60,                            48,                       12,                       1.73407
60,                            48,                       12,                       1.76462
60,                            48,                       12,                       1.77136
60,                            48,                       12,                       1.76811
60,                            48,                       12,                       1.73503
60,                            48,                       12,                       1.74726
60,                            48,                       12,                       1.73223
60,                            48,                       12,                       1.7753
60,                            48,                       12,                       1.95095
60,                            48,                       12,                       2.08525
60,                            48,                       12,                       1.92134
60,                            48,                       12,                       1.73447
60,                            48,                       12,                       1.77707
60,                            48,                       12,                       1.76828
60,                            48,                       12,                       1.75399
60,                            48,                       12,                       1.74447
60,                            48,                       12,                       1.73805
60,                            48,                       12,                       1.73959
60,                            48,                       12,                       1.77385
60,                            48,                       12,                       1.73583
60,                            48,                       12,                       1.77173
60,                            48,                       12,                       1.73064
60,                            48,                       12,                       1.74164
60,                            48,                       12,                       1.77859
60,                            48,                       12,                       1.81427
60,                            48,                       12,                       1.75458
60,                            48,                       12,                       1.7486
60,                            48,                       12,                       1.73819
60,                            48,                       12,                       1.73106
60,                            48,                       12,                       1.75397
60,                            48,                       12,                       1.76338
60,                            48,                       12,                       1.76091
60,                            48,                       12,                       1.74577
60,                            48,                       12,                       1.73203
60,                            48,                       12,                       1.74302
60,                            48,                       12,                       1.78085
60,                            48,                       12,                       1.74511
60,                            48,                       12,                       1.81681
60,                            48,                       12,                       1.73079
60,                            48,                       12,                       1.75148
60,                            48,                       12,                       1.73307
60,                            48,                       12,                       1.77333
60,                            48,                       12,                       1.75306
60,                            48,                       12,                       1.73812
60,                            48,                       12,                       1.8158
60,                            48,                       12,                       1.95503
60,                            48,                       12,                       2.03453
60,                            48,                       12,                       1.8105
60,                            48,                       12,                       1.7463
60,                            48,                       12,                       1.73171
60,                            48,                       12,                       1.74197
60,                            48,                       12,                       1.74256
60,                            48,                       12,                       1.80765
60,                            48,                       12,                       1.75919
60,                            48,                       12,                       1.75344
60,                            48,                       12,                       1.74122
60,                            48,                       12,                       1.75435
60,                            48,                       12,                       1.775
60,                            48,                       12,                       1.7508
60,                            48,                       12,                       1.76384
60,                            48,                       12,                       1.72972
60,                            48,                       12,                       1.71799
60,                            48,                       12,                       1.7542
60,                            48,                       12,                       1.77723
60,                            48,                       12,                       1.73311
60,                            48,                       12,                       1.7675
60,                            48,                       12,                       1.73143
60,                            48,                       12,                       1.73906
60,                            48,                       12,                       1.74355
60,                            48,                       12,                       1.77593
60,                            48,                       12,                       1.77411
60,                            48,                       12,                       1.91468
60,                            48,                       12,                       1.73099
60,                            48,                       12,                       1.73745
60,                            48,                       12,                       1.7834
60,                            48,                       12,                       1.74189
60,                            48,                       12,                       1.74622
60,                            48,                       12,                       1.74659
60,                            48,                       12,                       1.72258
60,                            48,                       12,                       1.7703
60,                            48,                       12,                       1.79471
60,                            48,                       12,                       1.84004
60,                            48,                       12,                       1.97079
60,                            48,                       12,                       1.95595
60,                            48,                       12,                       1.73401
60,                            48,                       12,                       1.77969
60,                            48,                       12,                       1.74501
60,                            48,                       12,                       1.73212
60,                            48,                       12,                       1.71811
60,                            48,                       12,                       1.73535
60,                            48,                       12,                       1.7494
60,                            48,                       12,                       1.81081
60,                            48,                       12,                       1.74179
60,                            48,                       12,                       1.75282
60,                            48,                       12,                       1.74123
60,                            48,                       12,                       1.7513
60,                            48,                       12,                       1.7565
60,                            48,                       12,                       1.78364
60,                            48,                       12,                       1.75968
60,                            48,                       12,                       1.75341
60,                            48,                       12,                       1.75144
60,                            48,                       12,                       1.74578
60,                            48,                       12,                       1.78205
60,                            48,                       12,                       1.74045
60,                            48,                       12,                       1.76498
60,                            48,                       12,                       1.72871
60,                            48,                       12,                       1.72956
60,                            48,                       12,                       1.74711
60,                            48,                       12,                       1.77047
60,                            48,                       12,                       1.7341
60,                            48,                       12,                       1.78381
60,                            48,                       12,                       1.73352
60,                            48,                       12,                       1.73356
60,                            48,                       12,                       1.75949
60,                            48,                       12,                       1.75756
60,                            48,                       12,                       1.76382
60,                            48,                       12,                       1.74896
60,                            48,                       12,                       1.72088
60,                            48,                       12,                       1.94157
60,                            48,                       12,                       2.07691
60,                            48,                       12,                       1.89118
60,                            48,                       12,                       1.76137
60,                            48,                       12,                       1.76174
60,                            48,                       12,                       1.75101
60,                            48,                       12,                       1.77327
60,                            48,                       12,                       1.76416
60,                            48,                       12,                       1.76956
60,                            48,                       12,                       1.73033
60,                            48,                       12,                       1.72488
60,                            48,                       12,                       1.73449
60,                            48,                       12,                       1.7939
60,                            48,                       12,                       1.73002
60,                            48,                       12,                       1.75082
60,                            48,                       12,                       1.73283
60,                            48,                       12,                       1.73319
60,                            48,                       12,                       1.76684
60,                            48,                       12,                       1.82455
60,                            48,                       12,                       1.75703
60,                            48,                       12,                       1.7447
60,                            48,                       12,                       1.7436
60,                            48,                       12,                       1.73436
60,                            48,                       12,                       1.78101
60,                            48,                       12,                       1.74988
60,                            48,                       12,                       1.75974
60,                            48,                       12,                       1.75688
60,                            48,                       12,                       1.75219
60,                            48,                       12,                       1.73933
60,                            48,                       12,                       1.78087
60,                            48,                       12,                       1.73965
60,                            48,                       12,                       1.73629
60,                            48,                       12,                       1.72412
60,                            48,                       12,                       1.74377
60,                            48,                       12,                       1.748
60,                            48,                       12,                       1.77075
60,                            48,                       12,                       1.86099
60,                            48,                       12,                       1.94625
60,                            48,                       12,                       2.0164
60,                            48,                       12,                       1.85232
60,                            48,                       12,                       1.78814
60,                            48,                       12,                       1.74895
60,                            48,                       12,                       1.74799
60,                            48,                       12,                       1.7249
60,                            48,                       12,                       1.74087
60,                            48,                       12,                       1.7583
60,                            48,                       12,                       1.78111
60,                            48,                       12,                       1.77024
60,                            48,                       12,                       1.74089
60,                            48,                       12,                       1.75241
60,                            48,                       12,                       1.74368
60,                            48,                       12,                       1.78272
60,                            48,                       12,                       1.73674
60,                            48,                       12,                       1.7795
60,                            48,                       12,                       1.7304
60,                            48,                       12,                       1.73117
60,                            48,                       12,                       1.85714
60,                            48,                       12,                       1.81375
60,                            48,                       12,                       1.76094
60,                            48,                       12,                       1.75253
60,                            48,                       12,                       1.74173
60,                            48,                       12,                       1.7473
60,                            48,                       12,                       1.78334
60,                            48,                       12,                       1.74613
60,                            48,                       12,                       1.76107
60,                            48,                       12,                       1.73909
60,                            48,                       12,                       1.70939
60,                            48,                       12,                       1.7466
60,                            48,                       12,                       1.77823
60,                            48,                       12,                       1.73879
60,                            48,                       12,                       1.7681
60,                            48,                       12,                       1.74176
60,                            48,                       12,                       1.75936
60,                            48,                       12,                       1.88547
60,                            48,                       12,                       1.99615
60,                            48,                       12,                       1.92466
60,                            48,                       12,                       1.73481
60,                            48,                       12,                       1.7478
60,                            48,                       12,                       1.7424
60,                            48,                       12,                       1.7857
60,                            48,                       12,                       1.74743
60,                            48,                       12,                       1.76652
60,                            48,                       12,                       1.73478
60,                            48,                       12,                       1.75339
60,                            48,                       12,                       1.74538
60,                            48,                       12,                       1.7629
60,                            48,                       12,                       1.7408
60,                            48,                       12,                       1.72326
60,                            48,                       12,                       1.73745
60,                            48,                       12,                       1.81008
60,                            48,                       12,                       1.76782
60,                            48,                       12,                       1.74654
60,                            48,                       12,                       1.74461
60,                            48,                       12,                       1.73768
