COMMENT : The search result by Hill-Climbing for Cauchy_Good Fri Jan 26 15:13:16 2018

tech : Cauchy_Good
algorithm : Hill-Climbing
k : 3
m : 3
w : 3
failed_disk_id : 0
conventional_symbol_number    optimized_symbol_number    reduced_symbol_number    time
9,                            7,                       2,                       0.000311
9,                            7,                       2,                       0.000259
9,                            7,                       2,                       0.000307
9,                            7,                       2,                       0.000264
9,                            7,                       2,                       0.000318
9,                            7,                       2,                       0.000262
9,                            7,                       2,                       0.000259
9,                            7,                       2,                       0.000259
9,                            7,                       2,                       0.000257
9,                            7,                       2,                       0.000296
9,                            7,                       2,                       0.000306
9,                            7,                       2,                       0.000326
9,                            7,                       2,                       0.000272
9,                            7,                       2,                       0.000275
9,                            7,                       2,                       0.000257
9,                            7,                       2,                       0.000315
9,                            7,                       2,                       0.000509
9,                            7,                       2,                       0.000298
9,                            7,                       2,                       0.000275
9,                            7,                       2,                       0.000258
9,                            7,                       2,                       0.000309
9,                            7,                       2,                       0.000289
9,                            7,                       2,                       0.000287
9,                            7,                       2,                       0.000258
9,                            7,                       2,                       0.000259
9,                            7,                       2,                       0.000257
9,                            7,                       2,                       0.000266
9,                            7,                       2,                       0.00033
9,                            7,                       2,                       0.000256
9,                            7,                       2,                       0.000258
9,                            7,                       2,                       0.000259
9,                            7,                       2,                       0.000295
9,                            7,                       2,                       0.000331
9,                            7,                       2,                       0.000269
9,                            7,                       2,                       0.000288
9,                            7,                       2,                       0.000255
9,                            7,                       2,                       0.000259
9,                            7,                       2,                       0.000339
9,                            7,                       2,                       0.000367
9,                            7,                       2,                       0.000255
9,                            7,                       2,                       0.000321
9,                            7,                       2,                       0.000445
9,                            7,                       2,                       0.000297
9,                            7,                       2,                       0.000258
9,                            7,                       2,                       0.000341
9,                            7,                       2,                       0.00038
9,                            7,                       2,                       0.000296
9,                            7,                       2,                       0.000493
9,                            7,                       2,                       0.000324
9,                            7,                       2,                       0.000433
9,                            7,                       2,                       0.000257
9,                            7,                       2,                       0.00026
9,                            7,                       2,                       0.000288
9,                            7,                       2,                       0.000258
9,                            7,                       2,                       0.000303
9,                            7,                       2,                       0.000265
9,                            7,                       2,                       0.000264
9,                            7,                       2,                       0.000259
9,                            7,                       2,                       0.000311
9,                            7,                       2,                       0.000288
9,                            7,                       2,                       0.000265
9,                            7,                       2,                       0.000267
9,                            7,                       2,                       0.000266
9,                            7,                       2,                       0.000258
9,                            7,                       2,                       0.000258
9,                            7,                       2,                       0.000257
9,                            7,                       2,                       0.000258
9,                            7,                       2,                       0.000257
9,                            7,                       2,                       0.000259
9,                            7,                       2,                       0.000273
9,                            7,                       2,                       0.000268
9,                            7,                       2,                       0.000259
9,                            7,                       2,                       0.000261
9,                            7,                       2,                       0.000295
9,                            7,                       2,                       0.000351
9,                            7,                       2,                       0.000258
9,                            7,                       2,                       0.000256
9,                            7,                       2,                       0.000256
9,                            7,                       2,                       0.000289
9,                            7,                       2,                       0.000272
9,                            7,                       2,                       0.000274
9,                            7,                       2,                       0.000333
9,                            7,                       2,                       0.000256
9,                            7,                       2,                       0.000263
9,                            7,                       2,                       0.000348
9,                            7,                       2,                       0.000256
9,                            7,                       2,                       0.000258
9,                            7,                       2,                       0.000269
9,                            7,                       2,                       0.000349
9,                            7,                       2,                       0.000317
9,                            7,                       2,                       0.000266
9,                            7,                       2,                       0.000336
9,                            7,                       2,                       0.000266
9,                            7,                       2,                       0.000347
9,                            7,                       2,                       0.000259
9,                            7,                       2,                       0.000272
9,                            7,                       2,                       0.000258
9,                            7,                       2,                       0.00026
9,                            7,                       2,                       0.000354
9,                            7,                       2,                       0.000259
9,                            7,                       2,                       0.000264
9,                            7,                       2,                       0.000319
9,                            7,                       2,                       0.000259
9,                            7,                       2,                       0.000314
9,                            7,                       2,                       0.000317
9,                            7,                       2,                       0.000312
9,                            7,                       2,                       0.000272
9,                            7,                       2,                       0.000266
9,                            7,                       2,                       0.000317
9,                            7,                       2,                       0.000404
9,                            7,                       2,                       0.000272
9,                            7,                       2,                       0.000266
9,                            7,                       2,                       0.000273
9,                            7,                       2,                       0.0003
9,                            7,                       2,                       0.000463
9,                            7,                       2,                       0.000261
9,                            7,                       2,                       0.000336
9,                            7,                       2,                       0.000357
9,                            7,                       2,                       0.000277
9,                            7,                       2,                       0.000264
9,                            7,                       2,                       0.000288
9,                            7,                       2,                       0.000257
9,                            7,                       2,                       0.000302
9,                            7,                       2,                       0.000317
9,                            7,                       2,                       0.000275
9,                            7,                       2,                       0.000264
9,                            7,                       2,                       0.000255
9,                            7,                       2,                       0.000257
9,                            7,                       2,                       0.000524
9,                            7,                       2,                       0.000276
9,                            7,                       2,                       0.000264
9,                            7,                       2,                       0.000478
9,                            7,                       2,                       0.000258
9,                            7,                       2,                       0.000274
9,                            7,                       2,                       0.000264
9,                            7,                       2,                       0.000294
9,                            7,                       2,                       0.00029
9,                            7,                       2,                       0.000271
9,                            7,                       2,                       0.000285
9,                            7,                       2,                       0.00031
9,                            7,                       2,                       0.000347
9,                            7,                       2,                       0.000259
9,                            7,                       2,                       0.000299
9,                            7,                       2,                       0.000257
9,                            7,                       2,                       0.000273
9,                            7,                       2,                       0.000256
9,                            7,                       2,                       0.000273
9,                            7,                       2,                       0.000286
9,                            7,                       2,                       0.000257
9,                            7,                       2,                       0.000273
9,                            7,                       2,                       0.000288
9,                            7,                       2,                       0.000265
9,                            7,                       2,                       0.000266
9,                            7,                       2,                       0.000343
9,                            7,                       2,                       0.000285
9,                            7,                       2,                       0.000258
9,                            7,                       2,                       0.000274
9,                            7,                       2,                       0.000304
9,                            7,                       2,                       0.000296
9,                            7,                       2,                       0.000286
9,                            7,                       2,                       0.000313
9,                            7,                       2,                       0.000266
9,                            7,                       2,                       0.000258
9,                            7,                       2,                       0.000317
9,                            7,                       2,                       0.000272
9,                            7,                       2,                       0.000257
9,                            7,                       2,                       0.000277
9,                            7,                       2,                       0.000257
9,                            7,                       2,                       0.000288
9,                            7,                       2,                       0.000256
9,                            7,                       2,                       0.000268
9,                            7,                       2,                       0.000278
9,                            7,                       2,                       0.000265
9,                            7,                       2,                       0.000279
9,                            7,                       2,                       0.000312
9,                            7,                       2,                       0.000377
9,                            7,                       2,                       0.000258
9,                            7,                       2,                       0.000304
9,                            7,                       2,                       0.000257
9,                            7,                       2,                       0.000272
9,                            7,                       2,                       0.000324
9,                            7,                       2,                       0.000323
9,                            7,                       2,                       0.000317
9,                            7,                       2,                       0.000289
9,                            7,                       2,                       0.00034
9,                            7,                       2,                       0.000263
9,                            7,                       2,                       0.000259
9,                            7,                       2,                       0.000258
9,                            7,                       2,                       0.000318
9,                            7,                       2,                       0.000266
9,                            7,                       2,                       0.000258
9,                            7,                       2,                       0.000272
9,                            7,                       2,                       0.000278
9,                            7,                       2,                       0.000355
9,                            7,                       2,                       0.000265
9,                            7,                       2,                       0.000259
9,                            7,                       2,                       0.000353
9,                            7,                       2,                       0.000339
9,                            7,                       2,                       0.000334
9,                            7,                       2,                       0.000304
9,                            7,                       2,                       0.000259
9,                            7,                       2,                       0.000264
9,                            7,                       2,                       0.000424
9,                            7,                       2,                       0.000257
9,                            7,                       2,                       0.000264
9,                            7,                       2,                       0.000306
9,                            7,                       2,                       0.000336
9,                            7,                       2,                       0.000258
9,                            7,                       2,                       0.000256
9,                            7,                       2,                       0.000258
9,                            7,                       2,                       0.000496
9,                            7,                       2,                       0.000259
9,                            7,                       2,                       0.000332
9,                            7,                       2,                       0.000312
9,                            7,                       2,                       0.000327
9,                            7,                       2,                       0.000258
9,                            7,                       2,                       0.000264
9,                            7,                       2,                       0.000281
9,                            7,                       2,                       0.000267
9,                            7,                       2,                       0.000264
9,                            7,                       2,                       0.000267
9,                            7,                       2,                       0.000313
9,                            7,                       2,                       0.000329
9,                            7,                       2,                       0.00026
9,                            7,                       2,                       0.000319
9,                            7,                       2,                       0.000258
9,                            7,                       2,                       0.000534
9,                            7,                       2,                       0.000346
9,                            7,                       2,                       0.000277
9,                            7,                       2,                       0.000266
9,                            7,                       2,                       0.000335
9,                            7,                       2,                       0.000258
9,                            7,                       2,                       0.000351
9,                            7,                       2,                       0.00026
9,                            7,                       2,                       0.000259
9,                            7,                       2,                       0.000258
9,                            7,                       2,                       0.000268
9,                            7,                       2,                       0.00032
9,                            7,                       2,                       0.000276
9,                            7,                       2,                       0.000265
9,                            7,                       2,                       0.000263
9,                            7,                       2,                       0.000269
9,                            7,                       2,                       0.000384
9,                            7,                       2,                       0.000308
9,                            7,                       2,                       0.000278
9,                            7,                       2,                       0.000319
9,                            7,                       2,                       0.000314
9,                            7,                       2,                       0.000257
9,                            7,                       2,                       0.000307
9,                            7,                       2,                       0.000304
9,                            7,                       2,                       0.000258
9,                            7,                       2,                       0.000326
9,                            7,                       2,                       0.000316
9,                            7,                       2,                       0.000303
9,                            7,                       2,                       0.000324
9,                            7,                       2,                       0.00033
9,                            7,                       2,                       0.000266
9,                            7,                       2,                       0.000382
9,                            7,                       2,                       0.000297
9,                            7,                       2,                       0.000576
9,                            7,                       2,                       0.000271
9,                            7,                       2,                       0.000299
9,                            7,                       2,                       0.000302
9,                            7,                       2,                       0.000264
9,                            7,                       2,                       0.000257
9,                            7,                       2,                       0.000259
9,                            7,                       2,                       0.000269
9,                            7,                       2,                       0.000258
9,                            7,                       2,                       0.000263
9,                            7,                       2,                       0.000259
9,                            7,                       2,                       0.000259
9,                            7,                       2,                       0.000347
9,                            7,                       2,                       0.000307
9,                            7,                       2,                       0.000258
9,                            7,                       2,                       0.000265
9,                            7,                       2,                       0.000605
9,                            7,                       2,                       0.000259
9,                            7,                       2,                       0.000265
9,                            7,                       2,                       0.000274
9,                            7,                       2,                       0.000335
9,                            7,                       2,                       0.000266
9,                            7,                       2,                       0.000288
9,                            7,                       2,                       0.000265
9,                            7,                       2,                       0.000257
9,                            7,                       2,                       0.00036
9,                            7,                       2,                       0.000265
9,                            7,                       2,                       0.000368
9,                            7,                       2,                       0.000317
9,                            7,                       2,                       0.000259
9,                            7,                       2,                       0.000325
9,                            7,                       2,                       0.000258
9,                            7,                       2,                       0.000346
9,                            7,                       2,                       0.000283
9,                            7,                       2,                       0.000491
9,                            7,                       2,                       0.000256
9,                            7,                       2,                       0.000335
9,                            7,                       2,                       0.000265
9,                            7,                       2,                       0.00036
9,                            7,                       2,                       0.000315
9,                            7,                       2,                       0.000315
9,                            7,                       2,                       0.001264
