COMMENT : The search result by Hill-Climbing for Cauchy_Good Wed Jan 24 16:15:11 2018

tech : Cauchy_Good
algorithm : Hill-Climbing
k : 2
m : 2
w : 10
failed_disk_id : 0
conventional_symbol_number    optimized_symbol_number    reduced_symbol_number    time
20,                            16,                       4,                       0.35
20,                            16,                       4,                       0.35
20,                            16,                       4,                       0.36
20,                            16,                       4,                       0.36
20,                            16,                       4,                       0.36
20,                            16,                       4,                       0.36
20,                            16,                       4,                       0.35
20,                            16,                       4,                       0.35
20,                            16,                       4,                       0.35
20,                            16,                       4,                       0.35
20,                            16,                       4,                       0.35
20,                            16,                       4,                       0.35
20,                            16,                       4,                       0.35
20,                            16,                       4,                       0.36
20,                            16,                       4,                       0.35
20,                            16,                       4,                       0.35
20,                            16,                       4,                       0.35
20,                            16,                       4,                       0.36
20,                            16,                       4,                       0.35
20,                            16,                       4,                       0.35
20,                            16,                       4,                       0.35
20,                            16,                       4,                       0.35
20,                            16,                       4,                       0.35
20,                            16,                       4,                       0.35
20,                            16,                       4,                       0.35
20,                            16,                       4,                       0.35
20,                            16,                       4,                       0.35
20,                            16,                       4,                       0.35
20,                            16,                       4,                       0.35
20,                            16,                       4,                       0.35
20,                            16,                       4,                       0.35
20,                            16,                       4,                       0.35
20,                            16,                       4,                       0.35
20,                            16,                       4,                       0.35
20,                            16,                       4,                       0.35
20,                            16,                       4,                       0.36
20,                            16,                       4,                       0.36
20,                            16,                       4,                       0.36
20,                            16,                       4,                       0.35
20,                            16,                       4,                       0.35
20,                            16,                       4,                       0.35
20,                            16,                       4,                       0.35
20,                            16,                       4,                       0.35
20,                            16,                       4,                       0.35
20,                            16,                       4,                       0.36
20,                            16,                       4,                       0.36
20,                            16,                       4,                       0.35
20,                            16,                       4,                       0.35
20,                            16,                       4,                       0.36
20,                            16,                       4,                       0.36
20,                            16,                       4,                       0.36
20,                            16,                       4,                       0.35
20,                            16,                       4,                       0.35
20,                            16,                       4,                       0.35
20,                            16,                       4,                       0.36
20,                            16,                       4,                       0.36
20,                            16,                       4,                       0.35
20,                            16,                       4,                       0.36
20,                            16,                       4,                       0.35
20,                            16,                       4,                       0.35
20,                            16,                       4,                       0.35
20,                            16,                       4,                       0.35
20,                            16,                       4,                       0.36
20,                            16,                       4,                       0.36
20,                            16,                       4,                       0.35
20,                            16,                       4,                       0.35
20,                            16,                       4,                       0.35
20,                            16,                       4,                       0.35
20,                            16,                       4,                       0.35
20,                            16,                       4,                       0.36
20,                            16,                       4,                       0.36
20,                            16,                       4,                       0.36
20,                            16,                       4,                       0.35
20,                            16,                       4,                       0.35
20,                            16,                       4,                       0.35
20,                            16,                       4,                       0.36
20,                            16,                       4,                       0.35
20,                            16,                       4,                       0.36
20,                            16,                       4,                       0.35
20,                            16,                       4,                       0.35
20,                            16,                       4,                       0.35
20,                            16,                       4,                       0.35
20,                            16,                       4,                       0.35
20,                            16,                       4,                       0.35
20,                            16,                       4,                       0.35
20,                            16,                       4,                       0.35
20,                            16,                       4,                       0.36
20,                            16,                       4,                       0.36
20,                            16,                       4,                       0.35
20,                            16,                       4,                       0.35
20,                            16,                       4,                       0.35
20,                            16,                       4,                       0.35
20,                            16,                       4,                       0.35
20,                            16,                       4,                       0.36
20,                            16,                       4,                       0.36
20,                            16,                       4,                       0.36
20,                            16,                       4,                       0.35
20,                            16,                       4,                       0.35
20,                            16,                       4,                       0.35
20,                            16,                       4,                       0.35
