COMMENT : The search result by Hill-Climbing for Cauchy_Good Wed Jan 24 16:16:59 2018

tech : Cauchy_Good
algorithm : Hill-Climbing
k : 5
m : 2
w : 10
failed_disk_id : 0
conventional_symbol_number    optimized_symbol_number    reduced_symbol_number    time
50,                            36,                       14,                       0.36
50,                            36,                       14,                       0.35
50,                            36,                       14,                       0.35
50,                            36,                       14,                       0.36
50,                            36,                       14,                       0.36
50,                            36,                       14,                       0.35
50,                            36,                       14,                       0.35
50,                            36,                       14,                       0.35
50,                            36,                       14,                       0.36
50,                            36,                       14,                       0.37
50,                            36,                       14,                       0.36
50,                            36,                       14,                       0.36
50,                            36,                       14,                       0.35
50,                            36,                       14,                       0.35
50,                            36,                       14,                       0.36
50,                            36,                       14,                       0.35
50,                            36,                       14,                       0.35
50,                            36,                       14,                       0.35
50,                            36,                       14,                       0.35
50,                            36,                       14,                       0.35
50,                            36,                       14,                       0.35
50,                            36,                       14,                       0.35
50,                            36,                       14,                       0.35
50,                            36,                       14,                       0.35
50,                            36,                       14,                       0.35
50,                            36,                       14,                       0.35
50,                            36,                       14,                       0.36
50,                            36,                       14,                       0.36
50,                            36,                       14,                       0.36
50,                            36,                       14,                       0.35
50,                            36,                       14,                       0.35
50,                            36,                       14,                       0.35
50,                            36,                       14,                       0.36
50,                            36,                       14,                       0.36
50,                            36,                       14,                       0.35
50,                            36,                       14,                       0.36
50,                            36,                       14,                       0.36
50,                            36,                       14,                       0.35
50,                            36,                       14,                       0.35
50,                            36,                       14,                       0.35
50,                            36,                       14,                       0.36
50,                            36,                       14,                       0.36
50,                            36,                       14,                       0.36
50,                            36,                       14,                       0.35
50,                            36,                       14,                       0.35
50,                            36,                       14,                       0.35
50,                            36,                       14,                       0.35
50,                            36,                       14,                       0.35
50,                            36,                       14,                       0.35
50,                            36,                       14,                       0.35
50,                            36,                       14,                       0.36
50,                            36,                       14,                       0.36
50,                            36,                       14,                       0.35
50,                            36,                       14,                       0.36
50,                            36,                       14,                       0.36
50,                            36,                       14,                       0.36
50,                            36,                       14,                       0.36
50,                            36,                       14,                       0.36
50,                            36,                       14,                       0.35
50,                            36,                       14,                       0.35
50,                            36,                       14,                       0.35
50,                            36,                       14,                       0.35
50,                            36,                       14,                       0.35
50,                            36,                       14,                       0.35
50,                            36,                       14,                       0.35
50,                            36,                       14,                       0.36
50,                            36,                       14,                       0.35
50,                            36,                       14,                       0.36
50,                            36,                       14,                       0.35
50,                            36,                       14,                       0.36
50,                            36,                       14,                       0.36
50,                            36,                       14,                       0.36
50,                            36,                       14,                       0.35
50,                            36,                       14,                       0.37
50,                            36,                       14,                       0.36
50,                            36,                       14,                       0.35
50,                            36,                       14,                       0.35
50,                            36,                       14,                       0.35
50,                            36,                       14,                       0.35
50,                            36,                       14,                       0.35
50,                            36,                       14,                       0.35
50,                            36,                       14,                       0.35
50,                            36,                       14,                       0.35
50,                            36,                       14,                       0.36
50,                            36,                       14,                       0.37
50,                            36,                       14,                       0.35
50,                            36,                       14,                       0.35
50,                            36,                       14,                       0.35
50,                            36,                       14,                       0.35
50,                            36,                       14,                       0.35
50,                            36,                       14,                       0.35
50,                            36,                       14,                       0.36
50,                            36,                       14,                       0.36
50,                            36,                       14,                       0.35
50,                            36,                       14,                       0.35
50,                            36,                       14,                       0.35
50,                            36,                       14,                       0.35
50,                            36,                       14,                       0.36
50,                            36,                       14,                       0.36
50,                            36,                       14,                       0.36
