COMMENT : The search result by Hill-Climbing for Cauchy_Good Fri Jan 26 15:13:36 2018

tech : Cauchy_Good
algorithm : Hill-Climbing
k : 8
m : 5
w : 4
failed_disk_id : 0
conventional_symbol_number    optimized_symbol_number    reduced_symbol_number    time
32,                            25,                       7,                       0.009178
32,                            25,                       7,                       0.009029
32,                            25,                       7,                       0.009091
32,                            25,                       7,                       0.008866
32,                            25,                       7,                       0.008934
32,                            25,                       7,                       0.009701
32,                            25,                       7,                       0.009129
32,                            25,                       7,                       0.009277
32,                            25,                       7,                       0.009337
32,                            25,                       7,                       0.009088
32,                            25,                       7,                       0.009108
32,                            25,                       7,                       0.009948
32,                            25,                       7,                       0.009176
32,                            25,                       7,                       0.010073
32,                            25,                       7,                       0.009256
32,                            25,                       7,                       0.012534
32,                            25,                       7,                       0.01019
32,                            25,                       7,                       0.009126
32,                            25,                       7,                       0.012005
32,                            25,                       7,                       0.009069
32,                            25,                       7,                       0.009284
32,                            25,                       7,                       0.00904
32,                            25,                       7,                       0.009628
32,                            25,                       7,                       0.008803
32,                            25,                       7,                       0.00891
32,                            25,                       7,                       0.009392
32,                            25,                       7,                       0.009135
32,                            25,                       7,                       0.009328
32,                            25,                       7,                       0.008868
32,                            25,                       7,                       0.008887
32,                            25,                       7,                       0.009179
32,                            25,                       7,                       0.008893
32,                            25,                       7,                       0.00882
32,                            25,                       7,                       0.00982
32,                            25,                       7,                       0.008971
32,                            25,                       7,                       0.009216
32,                            25,                       7,                       0.009345
32,                            25,                       7,                       0.012647
32,                            25,                       7,                       0.009015
32,                            25,                       7,                       0.010117
32,                            25,                       7,                       0.009394
32,                            25,                       7,                       0.009068
32,                            25,                       7,                       0.009031
32,                            25,                       7,                       0.009315
32,                            25,                       7,                       0.012869
32,                            25,                       7,                       0.009452
32,                            25,                       7,                       0.009035
32,                            25,                       7,                       0.009351
32,                            25,                       7,                       0.009483
32,                            25,                       7,                       0.010463
32,                            25,                       7,                       0.010168
32,                            25,                       7,                       0.009375
32,                            25,                       7,                       0.008998
32,                            25,                       7,                       0.008829
32,                            25,                       7,                       0.008809
32,                            25,                       7,                       0.009885
32,                            25,                       7,                       0.009472
32,                            25,                       7,                       0.010302
32,                            25,                       7,                       0.008911
32,                            25,                       7,                       0.00921
32,                            25,                       7,                       0.009085
32,                            25,                       7,                       0.009336
32,                            25,                       7,                       0.009172
32,                            25,                       7,                       0.009075
32,                            25,                       7,                       0.00897
32,                            25,                       7,                       0.008958
32,                            25,                       7,                       0.009098
32,                            25,                       7,                       0.009342
32,                            25,                       7,                       0.009182
32,                            25,                       7,                       0.009209
32,                            25,                       7,                       0.009018
32,                            25,                       7,                       0.0097
32,                            25,                       7,                       0.009162
32,                            25,                       7,                       0.009034
32,                            25,                       7,                       0.009763
32,                            25,                       7,                       0.009275
32,                            25,                       7,                       0.009007
32,                            25,                       7,                       0.009277
32,                            25,                       7,                       0.009605
32,                            25,                       7,                       0.009322
32,                            25,                       7,                       0.010083
32,                            25,                       7,                       0.009116
32,                            25,                       7,                       0.010626
32,                            25,                       7,                       0.009192
32,                            25,                       7,                       0.009436
32,                            25,                       7,                       0.009224
32,                            25,                       7,                       0.009937
32,                            25,                       7,                       0.009237
32,                            25,                       7,                       0.009936
32,                            25,                       7,                       0.009476
32,                            25,                       7,                       0.009159
32,                            25,                       7,                       0.010026
32,                            25,                       7,                       0.009551
32,                            25,                       7,                       0.009144
32,                            25,                       7,                       0.009069
32,                            25,                       7,                       0.009301
32,                            25,                       7,                       0.009635
32,                            25,                       7,                       0.009354
32,                            25,                       7,                       0.009001
32,                            25,                       7,                       0.009361
32,                            25,                       7,                       0.009496
32,                            25,                       7,                       0.009444
32,                            25,                       7,                       0.009361
32,                            25,                       7,                       0.009582
32,                            25,                       7,                       0.008921
32,                            25,                       7,                       0.009818
32,                            25,                       7,                       0.009131
32,                            25,                       7,                       0.010048
32,                            25,                       7,                       0.010886
32,                            25,                       7,                       0.00905
32,                            25,                       7,                       0.009407
32,                            25,                       7,                       0.008952
32,                            25,                       7,                       0.009264
32,                            25,                       7,                       0.009655
32,                            25,                       7,                       0.009185
32,                            25,                       7,                       0.008923
32,                            25,                       7,                       0.009813
32,                            25,                       7,                       0.009283
32,                            25,                       7,                       0.009323
32,                            25,                       7,                       0.009023
32,                            25,                       7,                       0.009652
32,                            25,                       7,                       0.009952
32,                            25,                       7,                       0.00959
32,                            25,                       7,                       0.009578
32,                            25,                       7,                       0.009548
32,                            25,                       7,                       0.009172
32,                            25,                       7,                       0.010495
32,                            25,                       7,                       0.009291
32,                            25,                       7,                       0.016317
32,                            25,                       7,                       0.00994
32,                            25,                       7,                       0.00931
32,                            25,                       7,                       0.009336
32,                            25,                       7,                       0.009584
32,                            25,                       7,                       0.009394
32,                            25,                       7,                       0.009116
32,                            25,                       7,                       0.00981
32,                            25,                       7,                       0.009784
32,                            25,                       7,                       0.009723
32,                            25,                       7,                       0.009098
32,                            25,                       7,                       0.009321
32,                            25,                       7,                       0.009503
32,                            25,                       7,                       0.009384
32,                            25,                       7,                       0.00977
32,                            25,                       7,                       0.00965
32,                            25,                       7,                       0.009316
32,                            25,                       7,                       0.009363
32,                            25,                       7,                       0.008977
32,                            25,                       7,                       0.009153
32,                            25,                       7,                       0.009097
32,                            25,                       7,                       0.02333
32,                            25,                       7,                       0.009569
32,                            25,                       7,                       0.010362
32,                            25,                       7,                       0.009509
32,                            25,                       7,                       0.008932
32,                            25,                       7,                       0.008962
32,                            25,                       7,                       0.009142
32,                            25,                       7,                       0.009053
32,                            25,                       7,                       0.009199
32,                            25,                       7,                       0.009786
32,                            25,                       7,                       0.009647
32,                            25,                       7,                       0.009233
32,                            25,                       7,                       0.00951
32,                            25,                       7,                       0.008922
32,                            25,                       7,                       0.009414
32,                            25,                       7,                       0.009683
32,                            25,                       7,                       0.009254
32,                            25,                       7,                       0.009025
32,                            25,                       7,                       0.008882
32,                            25,                       7,                       0.00901
32,                            25,                       7,                       0.009073
32,                            25,                       7,                       0.009781
32,                            25,                       7,                       0.00956
32,                            25,                       7,                       0.009843
32,                            25,                       7,                       0.009083
32,                            25,                       7,                       0.009513
32,                            25,                       7,                       0.008988
32,                            25,                       7,                       0.009095
32,                            25,                       7,                       0.009866
32,                            25,                       7,                       0.009051
32,                            25,                       7,                       0.010346
32,                            25,                       7,                       0.009087
32,                            25,                       7,                       0.009467
32,                            25,                       7,                       0.009258
32,                            25,                       7,                       0.010127
32,                            25,                       7,                       0.009533
32,                            25,                       7,                       0.009153
32,                            25,                       7,                       0.009218
32,                            25,                       7,                       0.009895
32,                            25,                       7,                       0.010352
32,                            25,                       7,                       0.00894
32,                            25,                       7,                       0.008888
32,                            25,                       7,                       0.00914
32,                            25,                       7,                       0.010002
32,                            25,                       7,                       0.00951
32,                            25,                       7,                       0.010222
32,                            25,                       7,                       0.009321
32,                            25,                       7,                       0.009035
32,                            25,                       7,                       0.009505
32,                            25,                       7,                       0.009418
32,                            25,                       7,                       0.008949
32,                            25,                       7,                       0.009569
32,                            25,                       7,                       0.010066
32,                            25,                       7,                       0.008799
32,                            25,                       7,                       0.00947
32,                            25,                       7,                       0.009724
32,                            25,                       7,                       0.008987
32,                            25,                       7,                       0.00979
32,                            25,                       7,                       0.009982
32,                            25,                       7,                       0.009439
32,                            25,                       7,                       0.00913
32,                            25,                       7,                       0.009483
32,                            25,                       7,                       0.009226
32,                            25,                       7,                       0.009845
32,                            25,                       7,                       0.010678
32,                            25,                       7,                       0.009418
32,                            25,                       7,                       0.010127
32,                            25,                       7,                       0.009467
32,                            25,                       7,                       0.009367
32,                            25,                       7,                       0.0095
32,                            25,                       7,                       0.009568
32,                            25,                       7,                       0.010448
32,                            25,                       7,                       0.009393
32,                            25,                       7,                       0.009902
32,                            25,                       7,                       0.00928
32,                            25,                       7,                       0.011078
32,                            25,                       7,                       0.0091
32,                            25,                       7,                       0.00953
32,                            25,                       7,                       0.00914
32,                            25,                       7,                       0.009888
32,                            25,                       7,                       0.009445
32,                            25,                       7,                       0.00913
32,                            25,                       7,                       0.008907
32,                            25,                       7,                       0.009368
32,                            25,                       7,                       0.009246
32,                            25,                       7,                       0.010163
32,                            25,                       7,                       0.009045
32,                            25,                       7,                       0.009186
32,                            25,                       7,                       0.013164
32,                            25,                       7,                       0.00921
32,                            25,                       7,                       0.009036
32,                            25,                       7,                       0.008927
32,                            25,                       7,                       0.00961
32,                            25,                       7,                       0.010968
32,                            25,                       7,                       0.009289
32,                            25,                       7,                       0.009765
32,                            25,                       7,                       0.009512
32,                            25,                       7,                       0.009399
32,                            25,                       7,                       0.009016
32,                            25,                       7,                       0.009135
32,                            25,                       7,                       0.009388
32,                            25,                       7,                       0.009153
32,                            25,                       7,                       0.009514
32,                            25,                       7,                       0.008923
32,                            25,                       7,                       0.008918
32,                            25,                       7,                       0.009274
32,                            25,                       7,                       0.009243
32,                            25,                       7,                       0.008879
32,                            25,                       7,                       0.009693
32,                            25,                       7,                       0.009953
32,                            25,                       7,                       0.009532
32,                            25,                       7,                       0.00993
32,                            25,                       7,                       0.008975
32,                            25,                       7,                       0.009432
32,                            25,                       7,                       0.010059
32,                            25,                       7,                       0.009502
32,                            25,                       7,                       0.00901
32,                            25,                       7,                       0.009856
32,                            25,                       7,                       0.011703
32,                            25,                       7,                       0.009173
32,                            25,                       7,                       0.009477
32,                            25,                       7,                       0.008936
32,                            25,                       7,                       0.008971
32,                            25,                       7,                       0.009115
32,                            25,                       7,                       0.008896
32,                            25,                       7,                       0.009096
32,                            25,                       7,                       0.011227
32,                            25,                       7,                       0.009289
32,                            25,                       7,                       0.009164
32,                            25,                       7,                       0.009125
32,                            25,                       7,                       0.009104
32,                            25,                       7,                       0.01045
32,                            25,                       7,                       0.0094
32,                            25,                       7,                       0.009557
32,                            25,                       7,                       0.010137
32,                            25,                       7,                       0.009681
32,                            25,                       7,                       0.010748
32,                            25,                       7,                       0.009536
32,                            25,                       7,                       0.009643
32,                            25,                       7,                       0.009505
32,                            25,                       7,                       0.008921
32,                            25,                       7,                       0.009799
32,                            25,                       7,                       0.008941
32,                            25,                       7,                       0.010555
32,                            25,                       7,                       0.010204
32,                            25,                       7,                       0.010972
32,                            25,                       7,                       0.009769
32,                            25,                       7,                       0.009155
32,                            25,                       7,                       0.009348
32,                            25,                       7,                       0.009636
32,                            25,                       7,                       0.00981
