COMMENT : The search result by Hill-Climbing for Cauchy_Good Wed Jan 24 16:33:25 2018

tech : Cauchy_Good
algorithm : Hill-Climbing
k : 6
m : 4
w : 10
failed_disk_id : 0
conventional_symbol_number    optimized_symbol_number    reduced_symbol_number    time
60,                            49,                       11,                       7.4
60,                            49,                       11,                       7.4
60,                            49,                       11,                       7.41
60,                            49,                       11,                       7.4
60,                            49,                       11,                       7.4
60,                            49,                       11,                       7.4
60,                            49,                       11,                       7.41
60,                            49,                       11,                       7.4
60,                            49,                       11,                       7.4
60,                            49,                       11,                       7.4
60,                            49,                       11,                       7.4
60,                            49,                       11,                       7.4
60,                            49,                       11,                       7.41
60,                            49,                       11,                       7.4
60,                            49,                       11,                       7.39
60,                            49,                       11,                       7.38
60,                            49,                       11,                       7.39
60,                            49,                       11,                       7.38
60,                            49,                       11,                       7.4
60,                            49,                       11,                       7.39
60,                            49,                       11,                       7.39
60,                            49,                       11,                       7.4
60,                            49,                       11,                       7.4
60,                            49,                       11,                       7.39
60,                            49,                       11,                       7.39
60,                            49,                       11,                       7.41
60,                            49,                       11,                       7.4
60,                            49,                       11,                       7.4
60,                            49,                       11,                       7.39
60,                            49,                       11,                       7.39
60,                            49,                       11,                       7.39
60,                            49,                       11,                       7.39
60,                            49,                       11,                       7.4
60,                            49,                       11,                       7.4
60,                            49,                       11,                       7.4
60,                            49,                       11,                       7.39
60,                            49,                       11,                       7.39
60,                            49,                       11,                       7.39
60,                            49,                       11,                       7.4
60,                            49,                       11,                       7.4
60,                            49,                       11,                       7.4
60,                            49,                       11,                       7.4
60,                            49,                       11,                       7.39
60,                            49,                       11,                       7.4
60,                            49,                       11,                       7.41
60,                            49,                       11,                       7.4
60,                            49,                       11,                       7.4
60,                            49,                       11,                       7.4
60,                            49,                       11,                       7.39
60,                            49,                       11,                       7.39
60,                            49,                       11,                       7.39
60,                            49,                       11,                       7.39
60,                            49,                       11,                       7.39
60,                            49,                       11,                       7.4
60,                            49,                       11,                       7.41
60,                            49,                       11,                       7.4
60,                            49,                       11,                       7.41
60,                            49,                       11,                       7.4
60,                            49,                       11,                       7.39
60,                            49,                       11,                       7.39
60,                            49,                       11,                       7.4
60,                            49,                       11,                       7.4
60,                            49,                       11,                       7.4
60,                            49,                       11,                       7.39
60,                            49,                       11,                       7.4
60,                            49,                       11,                       7.39
60,                            49,                       11,                       7.4
60,                            49,                       11,                       7.4
60,                            49,                       11,                       7.4
60,                            49,                       11,                       7.4
60,                            49,                       11,                       7.4
60,                            49,                       11,                       7.4
60,                            49,                       11,                       7.39
60,                            49,                       11,                       7.39
60,                            49,                       11,                       7.39
60,                            49,                       11,                       7.39
60,                            49,                       11,                       7.4
60,                            49,                       11,                       7.4
60,                            49,                       11,                       7.4
60,                            49,                       11,                       7.4
60,                            49,                       11,                       7.4
60,                            49,                       11,                       7.4
60,                            49,                       11,                       7.4
60,                            49,                       11,                       7.39
60,                            49,                       11,                       7.4
60,                            49,                       11,                       7.4
60,                            49,                       11,                       7.39
60,                            49,                       11,                       7.39
60,                            49,                       11,                       7.39
60,                            49,                       11,                       7.39
60,                            49,                       11,                       7.41
60,                            49,                       11,                       7.4
60,                            49,                       11,                       7.4
60,                            49,                       11,                       7.4
60,                            49,                       11,                       7.4
60,                            49,                       11,                       7.4
60,                            49,                       11,                       7.4
60,                            49,                       11,                       7.39
60,                            49,                       11,                       7.41
60,                            49,                       11,                       7.39
