COMMENT : The search result by Hill-Climbing for Cauchy_Good Fri Jan 26 15:13:26 2018

tech : Cauchy_Good
algorithm : Hill-Climbing
k : 7
m : 3
w : 8
failed_disk_id : 0
conventional_symbol_number    optimized_symbol_number    reduced_symbol_number    time
56,                            46,                       10,                       0.153799
56,                            46,                       10,                       0.149752
56,                            46,                       10,                       0.151298
56,                            46,                       10,                       0.148119
56,                            46,                       10,                       0.157899
56,                            46,                       10,                       0.157607
56,                            46,                       10,                       0.155175
56,                            46,                       10,                       0.153671
56,                            46,                       10,                       0.150296
56,                            46,                       10,                       0.146867
56,                            46,                       10,                       0.15406
56,                            46,                       10,                       0.154501
56,                            46,                       10,                       0.144839
56,                            46,                       10,                       0.157547
56,                            46,                       10,                       0.155023
56,                            46,                       10,                       0.156732
56,                            46,                       10,                       0.157405
56,                            46,                       10,                       0.156504
56,                            46,                       10,                       0.178307
56,                            46,                       10,                       0.152422
56,                            46,                       10,                       0.151167
56,                            46,                       10,                       0.150173
56,                            46,                       10,                       0.150147
56,                            46,                       10,                       0.146357
56,                            46,                       10,                       0.148082
56,                            46,                       10,                       0.147813
56,                            46,                       10,                       0.146501
56,                            46,                       10,                       0.146812
56,                            46,                       10,                       0.146258
56,                            46,                       10,                       0.148722
56,                            46,                       10,                       0.147945
56,                            46,                       10,                       0.153139
56,                            46,                       10,                       0.146825
56,                            46,                       10,                       0.149884
56,                            46,                       10,                       0.14621
56,                            46,                       10,                       0.155455
56,                            46,                       10,                       0.159319
56,                            46,                       10,                       0.149278
56,                            46,                       10,                       0.166471
56,                            46,                       10,                       0.156332
56,                            46,                       10,                       0.154821
56,                            46,                       10,                       0.159871
56,                            46,                       10,                       0.150965
56,                            46,                       10,                       0.148846
56,                            46,                       10,                       0.151222
56,                            46,                       10,                       0.150039
56,                            46,                       10,                       0.154919
56,                            46,                       10,                       0.154384
56,                            46,                       10,                       0.152231
56,                            46,                       10,                       0.155977
56,                            46,                       10,                       0.150844
56,                            46,                       10,                       0.150736
56,                            46,                       10,                       0.150783
56,                            46,                       10,                       0.152934
56,                            46,                       10,                       0.155153
56,                            46,                       10,                       0.155695
56,                            46,                       10,                       0.149216
56,                            46,                       10,                       0.149513
56,                            46,                       10,                       0.151583
56,                            46,                       10,                       0.152399
56,                            46,                       10,                       0.151913
56,                            46,                       10,                       0.153972
56,                            46,                       10,                       0.153727
56,                            46,                       10,                       0.151549
56,                            46,                       10,                       0.152588
56,                            46,                       10,                       0.156336
56,                            46,                       10,                       0.149896
56,                            46,                       10,                       0.155009
56,                            46,                       10,                       0.150943
56,                            46,                       10,                       0.149171
56,                            46,                       10,                       0.147849
56,                            46,                       10,                       0.148027
56,                            46,                       10,                       0.149647
56,                            46,                       10,                       0.152302
56,                            46,                       10,                       0.151171
56,                            46,                       10,                       0.151223
56,                            46,                       10,                       0.149094
56,                            46,                       10,                       0.152033
56,                            46,                       10,                       0.150477
56,                            46,                       10,                       0.154938
56,                            46,                       10,                       0.158684
56,                            46,                       10,                       0.15063
56,                            46,                       10,                       0.151375
56,                            46,                       10,                       0.159946
56,                            46,                       10,                       0.155197
56,                            46,                       10,                       0.151722
56,                            46,                       10,                       0.15143
56,                            46,                       10,                       0.153881
56,                            46,                       10,                       0.151163
56,                            46,                       10,                       0.163388
56,                            46,                       10,                       0.150846
56,                            46,                       10,                       0.151402
56,                            46,                       10,                       0.155195
56,                            46,                       10,                       0.151211
56,                            46,                       10,                       0.152266
56,                            46,                       10,                       0.150673
56,                            46,                       10,                       0.149858
56,                            46,                       10,                       0.153718
56,                            46,                       10,                       0.151524
56,                            46,                       10,                       0.149332
56,                            46,                       10,                       0.156156
56,                            46,                       10,                       0.160779
56,                            46,                       10,                       0.156796
56,                            46,                       10,                       0.162465
56,                            46,                       10,                       0.15415
56,                            46,                       10,                       0.151787
56,                            46,                       10,                       0.151002
56,                            46,                       10,                       0.152344
56,                            46,                       10,                       0.15275
56,                            46,                       10,                       0.15302
56,                            46,                       10,                       0.153599
56,                            46,                       10,                       0.152612
56,                            46,                       10,                       0.154912
56,                            46,                       10,                       0.152719
56,                            46,                       10,                       0.152615
56,                            46,                       10,                       0.153708
56,                            46,                       10,                       0.15167
56,                            46,                       10,                       0.152525
56,                            46,                       10,                       0.155622
56,                            46,                       10,                       0.152789
56,                            46,                       10,                       0.154046
56,                            46,                       10,                       0.152645
56,                            46,                       10,                       0.157023
56,                            46,                       10,                       0.151895
56,                            46,                       10,                       0.152163
56,                            46,                       10,                       0.151732
56,                            46,                       10,                       0.158077
56,                            46,                       10,                       0.152027
56,                            46,                       10,                       0.153688
56,                            46,                       10,                       0.151805
56,                            46,                       10,                       0.156801
56,                            46,                       10,                       0.152101
56,                            46,                       10,                       0.155618
56,                            46,                       10,                       0.150783
56,                            46,                       10,                       0.153746
56,                            46,                       10,                       0.150879
56,                            46,                       10,                       0.151616
56,                            46,                       10,                       0.151218
56,                            46,                       10,                       0.152286
56,                            46,                       10,                       0.152221
56,                            46,                       10,                       0.155248
56,                            46,                       10,                       0.153893
56,                            46,                       10,                       0.151243
56,                            46,                       10,                       0.153352
56,                            46,                       10,                       0.154314
56,                            46,                       10,                       0.152301
56,                            46,                       10,                       0.153474
56,                            46,                       10,                       0.151108
56,                            46,                       10,                       0.154848
56,                            46,                       10,                       0.15159
56,                            46,                       10,                       0.152186
56,                            46,                       10,                       0.153459
56,                            46,                       10,                       0.158606
56,                            46,                       10,                       0.153247
56,                            46,                       10,                       0.155657
56,                            46,                       10,                       0.15286
56,                            46,                       10,                       0.150274
56,                            46,                       10,                       0.166096
56,                            46,                       10,                       0.151235
56,                            46,                       10,                       0.150697
56,                            46,                       10,                       0.151994
56,                            46,                       10,                       0.151434
56,                            46,                       10,                       0.154062
56,                            46,                       10,                       0.151459
56,                            46,                       10,                       0.150868
56,                            46,                       10,                       0.151941
56,                            46,                       10,                       0.1508
56,                            46,                       10,                       0.150046
56,                            46,                       10,                       0.153037
56,                            46,                       10,                       0.155729
56,                            46,                       10,                       0.150629
56,                            46,                       10,                       0.152801
56,                            46,                       10,                       0.152136
56,                            46,                       10,                       0.152104
56,                            46,                       10,                       0.162377
56,                            46,                       10,                       0.155402
56,                            46,                       10,                       0.158599
56,                            46,                       10,                       0.150752
56,                            46,                       10,                       0.161656
56,                            46,                       10,                       0.153762
56,                            46,                       10,                       0.151314
56,                            46,                       10,                       0.150853
56,                            46,                       10,                       0.152852
56,                            46,                       10,                       0.152133
56,                            46,                       10,                       0.151308
56,                            46,                       10,                       0.152948
56,                            46,                       10,                       0.165881
56,                            46,                       10,                       0.200366
56,                            46,                       10,                       0.16227
56,                            46,                       10,                       0.153249
56,                            46,                       10,                       0.156649
56,                            46,                       10,                       0.152605
56,                            46,                       10,                       0.153154
56,                            46,                       10,                       0.163747
56,                            46,                       10,                       0.151126
56,                            46,                       10,                       0.154024
56,                            46,                       10,                       0.1567
56,                            46,                       10,                       0.150232
56,                            46,                       10,                       0.152115
56,                            46,                       10,                       0.152129
56,                            46,                       10,                       0.15066
56,                            46,                       10,                       0.152794
56,                            46,                       10,                       0.151386
56,                            46,                       10,                       0.151303
56,                            46,                       10,                       0.152958
56,                            46,                       10,                       0.152723
56,                            46,                       10,                       0.15183
56,                            46,                       10,                       0.152286
56,                            46,                       10,                       0.151217
56,                            46,                       10,                       0.152195
56,                            46,                       10,                       0.151512
56,                            46,                       10,                       0.158978
56,                            46,                       10,                       0.154259
56,                            46,                       10,                       0.150542
56,                            46,                       10,                       0.153494
56,                            46,                       10,                       0.157666
56,                            46,                       10,                       0.157959
56,                            46,                       10,                       0.15578
56,                            46,                       10,                       0.152611
56,                            46,                       10,                       0.170387
56,                            46,                       10,                       0.156896
56,                            46,                       10,                       0.154615
56,                            46,                       10,                       0.169136
56,                            46,                       10,                       0.154523
56,                            46,                       10,                       0.150001
56,                            46,                       10,                       0.149711
56,                            46,                       10,                       0.155132
56,                            46,                       10,                       0.154495
56,                            46,                       10,                       0.152373
56,                            46,                       10,                       0.155019
56,                            46,                       10,                       0.154505
56,                            46,                       10,                       0.151207
56,                            46,                       10,                       0.152789
56,                            46,                       10,                       0.152772
56,                            46,                       10,                       0.154637
56,                            46,                       10,                       0.153916
56,                            46,                       10,                       0.151903
56,                            46,                       10,                       0.15891
56,                            46,                       10,                       0.151907
56,                            46,                       10,                       0.152164
56,                            46,                       10,                       0.152594
56,                            46,                       10,                       0.156222
56,                            46,                       10,                       0.15337
56,                            46,                       10,                       0.150718
56,                            46,                       10,                       0.153712
56,                            46,                       10,                       0.153895
56,                            46,                       10,                       0.153317
56,                            46,                       10,                       0.151708
56,                            46,                       10,                       0.153362
56,                            46,                       10,                       0.15226
56,                            46,                       10,                       0.153721
56,                            46,                       10,                       0.152983
56,                            46,                       10,                       0.156343
56,                            46,                       10,                       0.152198
56,                            46,                       10,                       0.157642
56,                            46,                       10,                       0.155961
56,                            46,                       10,                       0.155912
56,                            46,                       10,                       0.152669
56,                            46,                       10,                       0.164086
56,                            46,                       10,                       0.153999
56,                            46,                       10,                       0.154358
56,                            46,                       10,                       0.150843
56,                            46,                       10,                       0.155692
56,                            46,                       10,                       0.149869
56,                            46,                       10,                       0.152665
56,                            46,                       10,                       0.152059
56,                            46,                       10,                       0.150236
56,                            46,                       10,                       0.150708
56,                            46,                       10,                       0.15296
56,                            46,                       10,                       0.155351
56,                            46,                       10,                       0.151189
56,                            46,                       10,                       0.154088
56,                            46,                       10,                       0.150989
56,                            46,                       10,                       0.153063
56,                            46,                       10,                       0.156364
56,                            46,                       10,                       0.152285
56,                            46,                       10,                       0.153021
56,                            46,                       10,                       0.15589
56,                            46,                       10,                       0.159848
56,                            46,                       10,                       0.156703
56,                            46,                       10,                       0.153185
56,                            46,                       10,                       0.154869
56,                            46,                       10,                       0.154355
56,                            46,                       10,                       0.151066
56,                            46,                       10,                       0.1521
56,                            46,                       10,                       0.158102
56,                            46,                       10,                       0.154006
56,                            46,                       10,                       0.152652
56,                            46,                       10,                       0.153596
56,                            46,                       10,                       0.152737
56,                            46,                       10,                       0.158812
56,                            46,                       10,                       0.1551
56,                            46,                       10,                       0.160547
56,                            46,                       10,                       0.153404
56,                            46,                       10,                       0.163252
56,                            46,                       10,                       0.15332
56,                            46,                       10,                       0.153384
56,                            46,                       10,                       0.156192
56,                            46,                       10,                       0.156258
56,                            46,                       10,                       0.162464
