COMMENT : The search result by Hill-Climbing for Cauchy_Good Fri Jan 26 15:13:16 2018

tech : Cauchy_Good
algorithm : Hill-Climbing
k : 3
m : 2
w : 3
failed_disk_id : 0
conventional_symbol_number    optimized_symbol_number    reduced_symbol_number    time
9,                            7,                       2,                       9.5e-05
9,                            7,                       2,                       6.9e-05
9,                            7,                       2,                       6.6e-05
9,                            7,                       2,                       7e-05
9,                            7,                       2,                       6.7e-05
9,                            7,                       2,                       6.9e-05
9,                            7,                       2,                       6.6e-05
9,                            7,                       2,                       6.6e-05
9,                            7,                       2,                       7.1e-05
9,                            7,                       2,                       6.6e-05
9,                            7,                       2,                       6.7e-05
9,                            7,                       2,                       6.7e-05
9,                            7,                       2,                       6.7e-05
9,                            7,                       2,                       8.3e-05
9,                            7,                       2,                       6.7e-05
9,                            7,                       2,                       6.7e-05
9,                            7,                       2,                       7e-05
9,                            7,                       2,                       6.7e-05
9,                            7,                       2,                       7e-05
9,                            7,                       2,                       6.6e-05
9,                            7,                       2,                       9.7e-05
9,                            7,                       2,                       6.8e-05
9,                            7,                       2,                       6.7e-05
9,                            7,                       2,                       6.8e-05
9,                            7,                       2,                       9.8e-05
9,                            7,                       2,                       7.6e-05
9,                            7,                       2,                       6.7e-05
9,                            7,                       2,                       6.7e-05
9,                            7,                       2,                       6.7e-05
9,                            7,                       2,                       6.7e-05
9,                            7,                       2,                       7.6e-05
9,                            7,                       2,                       7.9e-05
9,                            7,                       2,                       6.7e-05
9,                            7,                       2,                       7.9e-05
9,                            7,                       2,                       8e-05
9,                            7,                       2,                       0.000104
9,                            7,                       2,                       0.000105
9,                            7,                       2,                       6.7e-05
9,                            7,                       2,                       6.7e-05
9,                            7,                       2,                       6.6e-05
9,                            7,                       2,                       0.000174
9,                            7,                       2,                       6.6e-05
9,                            7,                       2,                       9.8e-05
9,                            7,                       2,                       7.5e-05
9,                            7,                       2,                       0.000155
9,                            7,                       2,                       9.8e-05
9,                            7,                       2,                       7.6e-05
9,                            7,                       2,                       7.8e-05
9,                            7,                       2,                       6.7e-05
9,                            7,                       2,                       0.000129
9,                            7,                       2,                       6.9e-05
9,                            7,                       2,                       8.1e-05
9,                            7,                       2,                       6.6e-05
9,                            7,                       2,                       6.8e-05
9,                            7,                       2,                       6.7e-05
9,                            7,                       2,                       8.3e-05
9,                            7,                       2,                       6.9e-05
9,                            7,                       2,                       6.9e-05
9,                            7,                       2,                       9.5e-05
9,                            7,                       2,                       8.1e-05
9,                            7,                       2,                       7.3e-05
9,                            7,                       2,                       6.7e-05
9,                            7,                       2,                       7e-05
9,                            7,                       2,                       9.6e-05
9,                            7,                       2,                       6.7e-05
9,                            7,                       2,                       0.000192
9,                            7,                       2,                       6.5e-05
9,                            7,                       2,                       6.8e-05
9,                            7,                       2,                       9.3e-05
9,                            7,                       2,                       6.8e-05
9,                            7,                       2,                       6.6e-05
9,                            7,                       2,                       0.000105
9,                            7,                       2,                       7.8e-05
9,                            7,                       2,                       6.7e-05
9,                            7,                       2,                       6.6e-05
9,                            7,                       2,                       6.6e-05
9,                            7,                       2,                       8.1e-05
9,                            7,                       2,                       6.7e-05
9,                            7,                       2,                       8.3e-05
9,                            7,                       2,                       6.8e-05
9,                            7,                       2,                       6.8e-05
9,                            7,                       2,                       9.9e-05
9,                            7,                       2,                       6.6e-05
9,                            7,                       2,                       6.9e-05
9,                            7,                       2,                       0.00012
9,                            7,                       2,                       8.3e-05
9,                            7,                       2,                       7.9e-05
9,                            7,                       2,                       8.5e-05
9,                            7,                       2,                       6.8e-05
9,                            7,                       2,                       9.4e-05
9,                            7,                       2,                       6.7e-05
9,                            7,                       2,                       6.7e-05
9,                            7,                       2,                       6.9e-05
9,                            7,                       2,                       6.6e-05
9,                            7,                       2,                       6.9e-05
9,                            7,                       2,                       7.7e-05
9,                            7,                       2,                       6.9e-05
9,                            7,                       2,                       6.7e-05
9,                            7,                       2,                       6.7e-05
9,                            7,                       2,                       6.7e-05
9,                            7,                       2,                       9.6e-05
9,                            7,                       2,                       6.9e-05
9,                            7,                       2,                       6.8e-05
9,                            7,                       2,                       8e-05
9,                            7,                       2,                       0.000103
9,                            7,                       2,                       7e-05
9,                            7,                       2,                       6.7e-05
9,                            7,                       2,                       6.7e-05
9,                            7,                       2,                       6.6e-05
9,                            7,                       2,                       6.8e-05
9,                            7,                       2,                       6.8e-05
9,                            7,                       2,                       6.8e-05
9,                            7,                       2,                       6.8e-05
9,                            7,                       2,                       6.8e-05
9,                            7,                       2,                       0.000142
9,                            7,                       2,                       7e-05
9,                            7,                       2,                       7.9e-05
9,                            7,                       2,                       6.6e-05
9,                            7,                       2,                       6.7e-05
9,                            7,                       2,                       8.2e-05
9,                            7,                       2,                       6.9e-05
9,                            7,                       2,                       8.2e-05
9,                            7,                       2,                       7.3e-05
9,                            7,                       2,                       6.8e-05
9,                            7,                       2,                       6.7e-05
9,                            7,                       2,                       6.9e-05
9,                            7,                       2,                       6.7e-05
9,                            7,                       2,                       6.8e-05
9,                            7,                       2,                       6.9e-05
9,                            7,                       2,                       6.7e-05
9,                            7,                       2,                       6.8e-05
9,                            7,                       2,                       8.2e-05
9,                            7,                       2,                       6.7e-05
9,                            7,                       2,                       7.8e-05
9,                            7,                       2,                       6.9e-05
9,                            7,                       2,                       0.000117
9,                            7,                       2,                       6.7e-05
9,                            7,                       2,                       6.8e-05
9,                            7,                       2,                       0.00012
9,                            7,                       2,                       6.9e-05
9,                            7,                       2,                       6.8e-05
9,                            7,                       2,                       6.7e-05
9,                            7,                       2,                       6.7e-05
9,                            7,                       2,                       6.6e-05
9,                            7,                       2,                       6.7e-05
9,                            7,                       2,                       6.9e-05
9,                            7,                       2,                       6.7e-05
9,                            7,                       2,                       6.7e-05
9,                            7,                       2,                       7e-05
9,                            7,                       2,                       0.0001
9,                            7,                       2,                       6.8e-05
9,                            7,                       2,                       6.9e-05
9,                            7,                       2,                       6.9e-05
9,                            7,                       2,                       6.9e-05
9,                            7,                       2,                       6.7e-05
9,                            7,                       2,                       6.9e-05
9,                            7,                       2,                       6.7e-05
9,                            7,                       2,                       6.9e-05
9,                            7,                       2,                       6.9e-05
9,                            7,                       2,                       7e-05
9,                            7,                       2,                       6.7e-05
9,                            7,                       2,                       6.7e-05
9,                            7,                       2,                       6.8e-05
9,                            7,                       2,                       6.9e-05
9,                            7,                       2,                       9.6e-05
9,                            7,                       2,                       6.6e-05
9,                            7,                       2,                       0.000171
9,                            7,                       2,                       6.7e-05
9,                            7,                       2,                       6.7e-05
9,                            7,                       2,                       6.6e-05
9,                            7,                       2,                       0.000134
9,                            7,                       2,                       6.8e-05
9,                            7,                       2,                       6.9e-05
9,                            7,                       2,                       6.9e-05
9,                            7,                       2,                       7e-05
9,                            7,                       2,                       6.8e-05
9,                            7,                       2,                       6.9e-05
9,                            7,                       2,                       0.000134
9,                            7,                       2,                       6.8e-05
9,                            7,                       2,                       6.5e-05
9,                            7,                       2,                       6.7e-05
9,                            7,                       2,                       0.000118
9,                            7,                       2,                       6.6e-05
9,                            7,                       2,                       6.7e-05
9,                            7,                       2,                       8.3e-05
9,                            7,                       2,                       6.9e-05
9,                            7,                       2,                       9.7e-05
9,                            7,                       2,                       6.7e-05
9,                            7,                       2,                       6.6e-05
9,                            7,                       2,                       0.000337
9,                            7,                       2,                       6.8e-05
9,                            7,                       2,                       6.6e-05
9,                            7,                       2,                       6.8e-05
9,                            7,                       2,                       6.8e-05
9,                            7,                       2,                       6.8e-05
9,                            7,                       2,                       6.6e-05
9,                            7,                       2,                       0.00011
9,                            7,                       2,                       6.7e-05
9,                            7,                       2,                       6.8e-05
9,                            7,                       2,                       0.000125
9,                            7,                       2,                       6.9e-05
9,                            7,                       2,                       6.8e-05
9,                            7,                       2,                       6.7e-05
9,                            7,                       2,                       6.7e-05
9,                            7,                       2,                       0.000148
9,                            7,                       2,                       6.8e-05
9,                            7,                       2,                       6.9e-05
9,                            7,                       2,                       6.9e-05
9,                            7,                       2,                       7.2e-05
9,                            7,                       2,                       9.3e-05
9,                            7,                       2,                       8.1e-05
9,                            7,                       2,                       6.8e-05
9,                            7,                       2,                       0.000103
9,                            7,                       2,                       6.6e-05
9,                            7,                       2,                       8.1e-05
9,                            7,                       2,                       7.8e-05
9,                            7,                       2,                       6.7e-05
9,                            7,                       2,                       0.001189
9,                            7,                       2,                       6.8e-05
9,                            7,                       2,                       6.7e-05
9,                            7,                       2,                       7e-05
9,                            7,                       2,                       0.000129
9,                            7,                       2,                       6.6e-05
9,                            7,                       2,                       7.5e-05
9,                            7,                       2,                       9.5e-05
9,                            7,                       2,                       6.6e-05
9,                            7,                       2,                       6.7e-05
9,                            7,                       2,                       7e-05
9,                            7,                       2,                       8.9e-05
9,                            7,                       2,                       8.3e-05
9,                            7,                       2,                       0.000111
9,                            7,                       2,                       6.8e-05
9,                            7,                       2,                       6.9e-05
9,                            7,                       2,                       7.1e-05
9,                            7,                       2,                       6.6e-05
9,                            7,                       2,                       6.8e-05
9,                            7,                       2,                       0.000112
9,                            7,                       2,                       6.8e-05
9,                            7,                       2,                       6.7e-05
9,                            7,                       2,                       9.2e-05
9,                            7,                       2,                       6.6e-05
9,                            7,                       2,                       6.9e-05
9,                            7,                       2,                       6.8e-05
9,                            7,                       2,                       7.1e-05
9,                            7,                       2,                       9e-05
9,                            7,                       2,                       6.9e-05
9,                            7,                       2,                       6.7e-05
9,                            7,                       2,                       6.8e-05
9,                            7,                       2,                       6.6e-05
9,                            7,                       2,                       6.7e-05
9,                            7,                       2,                       8e-05
9,                            7,                       2,                       6.8e-05
9,                            7,                       2,                       6.8e-05
9,                            7,                       2,                       6.8e-05
9,                            7,                       2,                       6.9e-05
9,                            7,                       2,                       6.8e-05
9,                            7,                       2,                       6.6e-05
9,                            7,                       2,                       6.9e-05
9,                            7,                       2,                       0.000148
9,                            7,                       2,                       6.7e-05
9,                            7,                       2,                       6.8e-05
9,                            7,                       2,                       7.1e-05
9,                            7,                       2,                       6.7e-05
9,                            7,                       2,                       7.2e-05
9,                            7,                       2,                       6.8e-05
9,                            7,                       2,                       6.9e-05
9,                            7,                       2,                       6.7e-05
9,                            7,                       2,                       6.9e-05
9,                            7,                       2,                       9.5e-05
9,                            7,                       2,                       6.9e-05
9,                            7,                       2,                       6.5e-05
9,                            7,                       2,                       6.6e-05
9,                            7,                       2,                       6.8e-05
9,                            7,                       2,                       6.6e-05
9,                            7,                       2,                       6.9e-05
9,                            7,                       2,                       6.9e-05
9,                            7,                       2,                       9.3e-05
9,                            7,                       2,                       6.9e-05
9,                            7,                       2,                       6.9e-05
9,                            7,                       2,                       6.8e-05
9,                            7,                       2,                       6.8e-05
9,                            7,                       2,                       8.2e-05
9,                            7,                       2,                       9.7e-05
9,                            7,                       2,                       6.6e-05
9,                            7,                       2,                       6.9e-05
9,                            7,                       2,                       0.000126
9,                            7,                       2,                       6.6e-05
9,                            7,                       2,                       6.8e-05
9,                            7,                       2,                       0.00024
9,                            7,                       2,                       6.7e-05
9,                            7,                       2,                       0.000137
9,                            7,                       2,                       6.7e-05
9,                            7,                       2,                       8.3e-05
9,                            7,                       2,                       6.9e-05
9,                            7,                       2,                       0.000117
9,                            7,                       2,                       6.8e-05
9,                            7,                       2,                       7.9e-05
9,                            7,                       2,                       8.6e-05
9,                            7,                       2,                       7.2e-05
9,                            7,                       2,                       6.8e-05
