COMMENT : The search result by Hill-Climbing for Cauchy_Good Fri Jan 26 15:13:15 2018

tech : Cauchy_Good
algorithm : Hill-Climbing
k : 2
m : 2
w : 3
failed_disk_id : 0
conventional_symbol_number    optimized_symbol_number    reduced_symbol_number    time
6,                            5,                       1,                       9.6e-05
6,                            5,                       1,                       6.6e-05
6,                            5,                       1,                       8.2e-05
6,                            5,                       1,                       6.9e-05
6,                            5,                       1,                       6.6e-05
6,                            5,                       1,                       6.8e-05
6,                            5,                       1,                       6.7e-05
6,                            5,                       1,                       8.2e-05
6,                            5,                       1,                       6.6e-05
6,                            5,                       1,                       6.7e-05
6,                            5,                       1,                       6.6e-05
6,                            5,                       1,                       6.7e-05
6,                            5,                       1,                       0.00013
6,                            5,                       1,                       6.8e-05
6,                            5,                       1,                       6.7e-05
6,                            5,                       1,                       7.8e-05
6,                            5,                       1,                       8.9e-05
6,                            5,                       1,                       6.9e-05
6,                            5,                       1,                       6.6e-05
6,                            5,                       1,                       7.6e-05
6,                            5,                       1,                       6.6e-05
6,                            5,                       1,                       8e-05
6,                            5,                       1,                       8.2e-05
6,                            5,                       1,                       6.6e-05
6,                            5,                       1,                       6.6e-05
6,                            5,                       1,                       6.5e-05
6,                            5,                       1,                       6.6e-05
6,                            5,                       1,                       6.5e-05
6,                            5,                       1,                       6.6e-05
6,                            5,                       1,                       6.8e-05
6,                            5,                       1,                       0.000131
6,                            5,                       1,                       6.5e-05
6,                            5,                       1,                       0.000118
6,                            5,                       1,                       7.9e-05
6,                            5,                       1,                       9.4e-05
6,                            5,                       1,                       6.5e-05
6,                            5,                       1,                       6.4e-05
6,                            5,                       1,                       6.8e-05
6,                            5,                       1,                       0.000193
6,                            5,                       1,                       6.6e-05
6,                            5,                       1,                       9.7e-05
6,                            5,                       1,                       8.7e-05
6,                            5,                       1,                       0.000112
6,                            5,                       1,                       6.8e-05
6,                            5,                       1,                       0.000121
6,                            5,                       1,                       0.000134
6,                            5,                       1,                       9.3e-05
6,                            5,                       1,                       6.4e-05
6,                            5,                       1,                       6.7e-05
6,                            5,                       1,                       6.9e-05
6,                            5,                       1,                       6.6e-05
6,                            5,                       1,                       6.8e-05
6,                            5,                       1,                       8e-05
6,                            5,                       1,                       6.7e-05
6,                            5,                       1,                       6.6e-05
6,                            5,                       1,                       6.8e-05
6,                            5,                       1,                       9.4e-05
6,                            5,                       1,                       6.7e-05
6,                            5,                       1,                       6.7e-05
6,                            5,                       1,                       6.7e-05
6,                            5,                       1,                       6.8e-05
6,                            5,                       1,                       6.6e-05
6,                            5,                       1,                       6.7e-05
6,                            5,                       1,                       6.7e-05
6,                            5,                       1,                       7e-05
6,                            5,                       1,                       6.7e-05
6,                            5,                       1,                       6.7e-05
6,                            5,                       1,                       6.6e-05
6,                            5,                       1,                       6.7e-05
6,                            5,                       1,                       7.1e-05
6,                            5,                       1,                       6.7e-05
6,                            5,                       1,                       7.5e-05
6,                            5,                       1,                       6.8e-05
6,                            5,                       1,                       7.8e-05
6,                            5,                       1,                       6.8e-05
6,                            5,                       1,                       6.8e-05
6,                            5,                       1,                       6.6e-05
6,                            5,                       1,                       0.000119
6,                            5,                       1,                       7e-05
6,                            5,                       1,                       6.7e-05
6,                            5,                       1,                       9.5e-05
6,                            5,                       1,                       6.7e-05
6,                            5,                       1,                       6.6e-05
6,                            5,                       1,                       7.9e-05
6,                            5,                       1,                       6.6e-05
6,                            5,                       1,                       6.8e-05
6,                            5,                       1,                       6.6e-05
6,                            5,                       1,                       6.7e-05
6,                            5,                       1,                       0.000113
6,                            5,                       1,                       6.7e-05
6,                            5,                       1,                       6.6e-05
6,                            5,                       1,                       6.8e-05
6,                            5,                       1,                       6.7e-05
6,                            5,                       1,                       6.6e-05
6,                            5,                       1,                       7.9e-05
6,                            5,                       1,                       6.6e-05
6,                            5,                       1,                       6.7e-05
6,                            5,                       1,                       6.7e-05
6,                            5,                       1,                       7e-05
6,                            5,                       1,                       0.000147
6,                            5,                       1,                       9.6e-05
6,                            5,                       1,                       0.000216
6,                            5,                       1,                       6.8e-05
6,                            5,                       1,                       6.8e-05
6,                            5,                       1,                       6.8e-05
6,                            5,                       1,                       6.9e-05
6,                            5,                       1,                       8.3e-05
6,                            5,                       1,                       6.6e-05
6,                            5,                       1,                       6.6e-05
6,                            5,                       1,                       6.6e-05
6,                            5,                       1,                       6.6e-05
6,                            5,                       1,                       7.4e-05
6,                            5,                       1,                       9.5e-05
6,                            5,                       1,                       6.7e-05
6,                            5,                       1,                       6.7e-05
6,                            5,                       1,                       6.7e-05
6,                            5,                       1,                       6.7e-05
6,                            5,                       1,                       7e-05
6,                            5,                       1,                       6.6e-05
6,                            5,                       1,                       6.9e-05
6,                            5,                       1,                       6.7e-05
6,                            5,                       1,                       6.9e-05
6,                            5,                       1,                       6.7e-05
6,                            5,                       1,                       6.7e-05
6,                            5,                       1,                       6.6e-05
6,                            5,                       1,                       8.1e-05
6,                            5,                       1,                       6.7e-05
6,                            5,                       1,                       0.000166
6,                            5,                       1,                       8.1e-05
6,                            5,                       1,                       6.5e-05
6,                            5,                       1,                       8.2e-05
6,                            5,                       1,                       0.000107
6,                            5,                       1,                       8.1e-05
6,                            5,                       1,                       6.6e-05
6,                            5,                       1,                       0.000106
6,                            5,                       1,                       6.6e-05
6,                            5,                       1,                       6.8e-05
6,                            5,                       1,                       8.3e-05
6,                            5,                       1,                       8.2e-05
6,                            5,                       1,                       6.6e-05
6,                            5,                       1,                       8.2e-05
6,                            5,                       1,                       0.000127
6,                            5,                       1,                       6.7e-05
6,                            5,                       1,                       6.6e-05
6,                            5,                       1,                       6.7e-05
6,                            5,                       1,                       6.9e-05
6,                            5,                       1,                       6.6e-05
6,                            5,                       1,                       6.7e-05
6,                            5,                       1,                       6.7e-05
6,                            5,                       1,                       9.2e-05
6,                            5,                       1,                       8e-05
6,                            5,                       1,                       6.8e-05
6,                            5,                       1,                       8.1e-05
6,                            5,                       1,                       6.8e-05
6,                            5,                       1,                       6.6e-05
6,                            5,                       1,                       6.5e-05
6,                            5,                       1,                       6.6e-05
6,                            5,                       1,                       8.4e-05
6,                            5,                       1,                       6.9e-05
6,                            5,                       1,                       6.8e-05
6,                            5,                       1,                       6.6e-05
6,                            5,                       1,                       6.7e-05
6,                            5,                       1,                       6.9e-05
6,                            5,                       1,                       7e-05
6,                            5,                       1,                       6.7e-05
6,                            5,                       1,                       8e-05
6,                            5,                       1,                       6.9e-05
6,                            5,                       1,                       6.7e-05
6,                            5,                       1,                       0.00011
6,                            5,                       1,                       6.7e-05
6,                            5,                       1,                       6.7e-05
6,                            5,                       1,                       6.6e-05
6,                            5,                       1,                       7.6e-05
6,                            5,                       1,                       0.000143
6,                            5,                       1,                       0.000128
6,                            5,                       1,                       6.8e-05
6,                            5,                       1,                       6.8e-05
6,                            5,                       1,                       6.6e-05
6,                            5,                       1,                       6.6e-05
6,                            5,                       1,                       0.000131
6,                            5,                       1,                       8.8e-05
6,                            5,                       1,                       6.7e-05
6,                            5,                       1,                       9.5e-05
6,                            5,                       1,                       8e-05
6,                            5,                       1,                       9.2e-05
6,                            5,                       1,                       6.8e-05
6,                            5,                       1,                       6.9e-05
6,                            5,                       1,                       6.7e-05
6,                            5,                       1,                       0.000107
6,                            5,                       1,                       6.8e-05
6,                            5,                       1,                       6.5e-05
6,                            5,                       1,                       6.8e-05
6,                            5,                       1,                       0.000103
6,                            5,                       1,                       6.6e-05
6,                            5,                       1,                       6.6e-05
6,                            5,                       1,                       0.000144
6,                            5,                       1,                       6.7e-05
6,                            5,                       1,                       0.000119
6,                            5,                       1,                       6.6e-05
6,                            5,                       1,                       6.6e-05
6,                            5,                       1,                       6.8e-05
6,                            5,                       1,                       8e-05
6,                            5,                       1,                       6.7e-05
6,                            5,                       1,                       6.6e-05
6,                            5,                       1,                       0.0001
6,                            5,                       1,                       8.1e-05
6,                            5,                       1,                       6.6e-05
6,                            5,                       1,                       8e-05
6,                            5,                       1,                       0.000106
6,                            5,                       1,                       6.9e-05
6,                            5,                       1,                       9.5e-05
6,                            5,                       1,                       8e-05
6,                            5,                       1,                       6.8e-05
6,                            5,                       1,                       7.6e-05
6,                            5,                       1,                       0.000132
6,                            5,                       1,                       6.7e-05
6,                            5,                       1,                       9.1e-05
6,                            5,                       1,                       6.7e-05
6,                            5,                       1,                       9.9e-05
6,                            5,                       1,                       7.1e-05
6,                            5,                       1,                       6.6e-05
6,                            5,                       1,                       0.000144
6,                            5,                       1,                       6.5e-05
6,                            5,                       1,                       6.6e-05
6,                            5,                       1,                       0.000127
6,                            5,                       1,                       6.6e-05
6,                            5,                       1,                       6.8e-05
6,                            5,                       1,                       6.6e-05
6,                            5,                       1,                       6.7e-05
6,                            5,                       1,                       7e-05
6,                            5,                       1,                       9.3e-05
6,                            5,                       1,                       6.8e-05
6,                            5,                       1,                       6.7e-05
6,                            5,                       1,                       6.6e-05
6,                            5,                       1,                       6.9e-05
6,                            5,                       1,                       8e-05
6,                            5,                       1,                       6.6e-05
6,                            5,                       1,                       7.2e-05
6,                            5,                       1,                       6.6e-05
6,                            5,                       1,                       6.8e-05
6,                            5,                       1,                       6.6e-05
6,                            5,                       1,                       6.5e-05
6,                            5,                       1,                       6.6e-05
6,                            5,                       1,                       6.7e-05
6,                            5,                       1,                       6.7e-05
6,                            5,                       1,                       6.8e-05
6,                            5,                       1,                       6.8e-05
6,                            5,                       1,                       6.9e-05
6,                            5,                       1,                       6.5e-05
6,                            5,                       1,                       6.9e-05
6,                            5,                       1,                       6.7e-05
6,                            5,                       1,                       6.8e-05
6,                            5,                       1,                       0.000113
6,                            5,                       1,                       7.4e-05
6,                            5,                       1,                       6.7e-05
6,                            5,                       1,                       0.000141
6,                            5,                       1,                       6.8e-05
6,                            5,                       1,                       6.8e-05
6,                            5,                       1,                       6.7e-05
6,                            5,                       1,                       9.7e-05
6,                            5,                       1,                       8.8e-05
6,                            5,                       1,                       8.7e-05
6,                            5,                       1,                       6.7e-05
6,                            5,                       1,                       6.8e-05
6,                            5,                       1,                       6.7e-05
6,                            5,                       1,                       6.6e-05
6,                            5,                       1,                       6.8e-05
6,                            5,                       1,                       6.7e-05
6,                            5,                       1,                       6.7e-05
6,                            5,                       1,                       7.9e-05
6,                            5,                       1,                       0.00013
6,                            5,                       1,                       0.000101
6,                            5,                       1,                       8e-05
6,                            5,                       1,                       6.4e-05
6,                            5,                       1,                       9.7e-05
6,                            5,                       1,                       0.000146
6,                            5,                       1,                       6.6e-05
6,                            5,                       1,                       9.5e-05
6,                            5,                       1,                       8.4e-05
6,                            5,                       1,                       6.6e-05
6,                            5,                       1,                       0.000121
6,                            5,                       1,                       6.6e-05
6,                            5,                       1,                       0.000111
6,                            5,                       1,                       6.7e-05
6,                            5,                       1,                       6.7e-05
6,                            5,                       1,                       6.8e-05
6,                            5,                       1,                       0.000137
6,                            5,                       1,                       6.5e-05
6,                            5,                       1,                       6.7e-05
6,                            5,                       1,                       6.8e-05
6,                            5,                       1,                       6.8e-05
6,                            5,                       1,                       6.7e-05
6,                            5,                       1,                       0.000109
6,                            5,                       1,                       6.7e-05
6,                            5,                       1,                       0.00013
6,                            5,                       1,                       9.4e-05
6,                            5,                       1,                       6.8e-05
6,                            5,                       1,                       6.9e-05
6,                            5,                       1,                       6.7e-05
6,                            5,                       1,                       9e-05
