COMMENT : The search result by Hill-Climbing for Cauchy_Good Fri Jan 26 15:13:21 2018

tech : Cauchy_Good
algorithm : Hill-Climbing
k : 6
m : 4
w : 4
failed_disk_id : 0
conventional_symbol_number    optimized_symbol_number    reduced_symbol_number    time
24,                            19,                       5,                       0.003493
24,                            19,                       5,                       0.003444
24,                            19,                       5,                       0.003627
24,                            19,                       5,                       0.003705
24,                            19,                       5,                       0.003523
24,                            19,                       5,                       0.004308
24,                            19,                       5,                       0.00389
24,                            19,                       5,                       0.003535
24,                            19,                       5,                       0.003581
24,                            19,                       5,                       0.004204
24,                            19,                       5,                       0.003465
24,                            19,                       5,                       0.00473
24,                            19,                       5,                       0.004117
24,                            19,                       5,                       0.003592
24,                            19,                       5,                       0.003615
24,                            19,                       5,                       0.003573
24,                            19,                       5,                       0.003794
24,                            19,                       5,                       0.003527
24,                            19,                       5,                       0.003559
24,                            19,                       5,                       0.003898
24,                            19,                       5,                       0.003661
24,                            19,                       5,                       0.003507
24,                            19,                       5,                       0.003879
24,                            19,                       5,                       0.003423
24,                            19,                       5,                       0.003522
24,                            19,                       5,                       0.003534
24,                            19,                       5,                       0.003455
24,                            19,                       5,                       0.003593
24,                            19,                       5,                       0.003618
24,                            19,                       5,                       0.00354
24,                            19,                       5,                       0.003423
24,                            19,                       5,                       0.003784
24,                            19,                       5,                       0.003539
24,                            19,                       5,                       0.003544
24,                            19,                       5,                       0.003792
24,                            19,                       5,                       0.003447
24,                            19,                       5,                       0.003565
24,                            19,                       5,                       0.003664
24,                            19,                       5,                       0.00354
24,                            19,                       5,                       0.004759
24,                            19,                       5,                       0.003619
24,                            19,                       5,                       0.003555
24,                            19,                       5,                       0.003829
24,                            19,                       5,                       0.003655
24,                            19,                       5,                       0.003494
24,                            19,                       5,                       0.003525
24,                            19,                       5,                       0.003559
24,                            19,                       5,                       0.003483
24,                            19,                       5,                       0.003512
24,                            19,                       5,                       0.003523
24,                            19,                       5,                       0.003572
24,                            19,                       5,                       0.004043
24,                            19,                       5,                       0.003791
24,                            19,                       5,                       0.003502
24,                            19,                       5,                       0.003485
24,                            19,                       5,                       0.003862
24,                            19,                       5,                       0.004307
24,                            19,                       5,                       0.004129
24,                            19,                       5,                       0.004095
24,                            19,                       5,                       0.003965
24,                            19,                       5,                       0.004303
24,                            19,                       5,                       0.003589
24,                            19,                       5,                       0.003645
24,                            19,                       5,                       0.003521
24,                            19,                       5,                       0.003764
24,                            19,                       5,                       0.003428
24,                            19,                       5,                       0.003487
24,                            19,                       5,                       0.003856
24,                            19,                       5,                       0.003488
24,                            19,                       5,                       0.003514
24,                            19,                       5,                       0.003548
24,                            19,                       5,                       0.003572
24,                            19,                       5,                       0.00346
24,                            19,                       5,                       0.003506
24,                            19,                       5,                       0.003437
24,                            19,                       5,                       0.003518
24,                            19,                       5,                       0.003434
24,                            19,                       5,                       0.003568
24,                            19,                       5,                       0.004066
24,                            19,                       5,                       0.00405
24,                            19,                       5,                       0.003519
24,                            19,                       5,                       0.003509
24,                            19,                       5,                       0.003655
24,                            19,                       5,                       0.00368
24,                            19,                       5,                       0.00355
24,                            19,                       5,                       0.003533
24,                            19,                       5,                       0.004162
24,                            19,                       5,                       0.003553
24,                            19,                       5,                       0.004657
24,                            19,                       5,                       0.003645
24,                            19,                       5,                       0.003997
24,                            19,                       5,                       0.003496
24,                            19,                       5,                       0.003804
24,                            19,                       5,                       0.003609
24,                            19,                       5,                       0.0038
24,                            19,                       5,                       0.003549
24,                            19,                       5,                       0.003895
24,                            19,                       5,                       0.003526
24,                            19,                       5,                       0.003466
24,                            19,                       5,                       0.003678
24,                            19,                       5,                       0.003759
24,                            19,                       5,                       0.003488
24,                            19,                       5,                       0.004105
24,                            19,                       5,                       0.004308
24,                            19,                       5,                       0.003506
24,                            19,                       5,                       0.004377
24,                            19,                       5,                       0.004149
24,                            19,                       5,                       0.003845
24,                            19,                       5,                       0.003483
24,                            19,                       5,                       0.003665
24,                            19,                       5,                       0.003632
24,                            19,                       5,                       0.004296
24,                            19,                       5,                       0.003496
24,                            19,                       5,                       0.003568
24,                            19,                       5,                       0.003643
24,                            19,                       5,                       0.003572
24,                            19,                       5,                       0.003584
24,                            19,                       5,                       0.00366
24,                            19,                       5,                       0.003671
24,                            19,                       5,                       0.003576
24,                            19,                       5,                       0.003584
24,                            19,                       5,                       0.003553
24,                            19,                       5,                       0.003876
24,                            19,                       5,                       0.004022
24,                            19,                       5,                       0.003529
24,                            19,                       5,                       0.003712
24,                            19,                       5,                       0.003858
24,                            19,                       5,                       0.003957
24,                            19,                       5,                       0.003807
24,                            19,                       5,                       0.003606
24,                            19,                       5,                       0.00377
24,                            19,                       5,                       0.003626
24,                            19,                       5,                       0.0036
24,                            19,                       5,                       0.003772
24,                            19,                       5,                       0.004189
24,                            19,                       5,                       0.003504
24,                            19,                       5,                       0.003468
24,                            19,                       5,                       0.004014
24,                            19,                       5,                       0.003611
24,                            19,                       5,                       0.00354
24,                            19,                       5,                       0.003598
24,                            19,                       5,                       0.004132
24,                            19,                       5,                       0.003547
24,                            19,                       5,                       0.004013
24,                            19,                       5,                       0.003516
24,                            19,                       5,                       0.003773
24,                            19,                       5,                       0.003777
24,                            19,                       5,                       0.004102
24,                            19,                       5,                       0.003643
24,                            19,                       5,                       0.003566
24,                            19,                       5,                       0.00354
24,                            19,                       5,                       0.003874
24,                            19,                       5,                       0.003647
24,                            19,                       5,                       0.003602
24,                            19,                       5,                       0.003725
24,                            19,                       5,                       0.004121
24,                            19,                       5,                       0.003473
24,                            19,                       5,                       0.003506
24,                            19,                       5,                       0.004061
24,                            19,                       5,                       0.00367
24,                            19,                       5,                       0.003663
24,                            19,                       5,                       0.003548
24,                            19,                       5,                       0.003497
24,                            19,                       5,                       0.003522
24,                            19,                       5,                       0.003564
24,                            19,                       5,                       0.003532
24,                            19,                       5,                       0.004712
24,                            19,                       5,                       0.003855
24,                            19,                       5,                       0.003606
24,                            19,                       5,                       0.003473
24,                            19,                       5,                       0.003433
24,                            19,                       5,                       0.003665
24,                            19,                       5,                       0.003612
24,                            19,                       5,                       0.003879
24,                            19,                       5,                       0.003651
24,                            19,                       5,                       0.00357
24,                            19,                       5,                       0.003517
24,                            19,                       5,                       0.003859
24,                            19,                       5,                       0.004121
24,                            19,                       5,                       0.003821
24,                            19,                       5,                       0.004121
24,                            19,                       5,                       0.003579
24,                            19,                       5,                       0.003714
24,                            19,                       5,                       0.003446
24,                            19,                       5,                       0.003545
24,                            19,                       5,                       0.003645
24,                            19,                       5,                       0.003502
24,                            19,                       5,                       0.003656
24,                            19,                       5,                       0.003552
24,                            19,                       5,                       0.005004
24,                            19,                       5,                       0.004256
24,                            19,                       5,                       0.003621
24,                            19,                       5,                       0.003532
24,                            19,                       5,                       0.003535
24,                            19,                       5,                       0.003614
24,                            19,                       5,                       0.003602
24,                            19,                       5,                       0.003883
24,                            19,                       5,                       0.003447
24,                            19,                       5,                       0.003769
24,                            19,                       5,                       0.003543
24,                            19,                       5,                       0.003621
24,                            19,                       5,                       0.00382
24,                            19,                       5,                       0.003642
24,                            19,                       5,                       0.003627
24,                            19,                       5,                       0.00484
24,                            19,                       5,                       0.00361
24,                            19,                       5,                       0.003649
24,                            19,                       5,                       0.003441
24,                            19,                       5,                       0.003516
24,                            19,                       5,                       0.003533
24,                            19,                       5,                       0.003629
24,                            19,                       5,                       0.003631
24,                            19,                       5,                       0.003504
24,                            19,                       5,                       0.003564
24,                            19,                       5,                       0.003634
24,                            19,                       5,                       0.003496
24,                            19,                       5,                       0.003632
24,                            19,                       5,                       0.003577
24,                            19,                       5,                       0.003539
24,                            19,                       5,                       0.003664
24,                            19,                       5,                       0.004276
24,                            19,                       5,                       0.003502
24,                            19,                       5,                       0.004111
24,                            19,                       5,                       0.003478
24,                            19,                       5,                       0.003517
24,                            19,                       5,                       0.003733
24,                            19,                       5,                       0.003546
24,                            19,                       5,                       0.003565
24,                            19,                       5,                       0.003475
24,                            19,                       5,                       0.004366
24,                            19,                       5,                       0.00359
24,                            19,                       5,                       0.00379
24,                            19,                       5,                       0.004038
24,                            19,                       5,                       0.003518
24,                            19,                       5,                       0.003503
24,                            19,                       5,                       0.003533
24,                            19,                       5,                       0.003539
24,                            19,                       5,                       0.003792
24,                            19,                       5,                       0.004414
24,                            19,                       5,                       0.003545
24,                            19,                       5,                       0.004221
24,                            19,                       5,                       0.00344
24,                            19,                       5,                       0.003566
24,                            19,                       5,                       0.003551
24,                            19,                       5,                       0.003506
24,                            19,                       5,                       0.00375
24,                            19,                       5,                       0.003672
24,                            19,                       5,                       0.003573
24,                            19,                       5,                       0.003461
24,                            19,                       5,                       0.003691
24,                            19,                       5,                       0.003427
24,                            19,                       5,                       0.003715
24,                            19,                       5,                       0.003557
24,                            19,                       5,                       0.003559
24,                            19,                       5,                       0.004147
24,                            19,                       5,                       0.004345
24,                            19,                       5,                       0.003573
24,                            19,                       5,                       0.003769
24,                            19,                       5,                       0.004082
24,                            19,                       5,                       0.003677
24,                            19,                       5,                       0.003528
24,                            19,                       5,                       0.004181
24,                            19,                       5,                       0.004072
24,                            19,                       5,                       0.003562
24,                            19,                       5,                       0.003855
24,                            19,                       5,                       0.003536
24,                            19,                       5,                       0.003571
24,                            19,                       5,                       0.003538
24,                            19,                       5,                       0.004027
24,                            19,                       5,                       0.003945
24,                            19,                       5,                       0.003589
24,                            19,                       5,                       0.00406
24,                            19,                       5,                       0.004068
24,                            19,                       5,                       0.00384
24,                            19,                       5,                       0.003503
24,                            19,                       5,                       0.003527
24,                            19,                       5,                       0.003615
24,                            19,                       5,                       0.003576
24,                            19,                       5,                       0.003591
24,                            19,                       5,                       0.003836
24,                            19,                       5,                       0.003703
24,                            19,                       5,                       0.003706
24,                            19,                       5,                       0.004221
24,                            19,                       5,                       0.003453
24,                            19,                       5,                       0.004901
24,                            19,                       5,                       0.003633
24,                            19,                       5,                       0.00359
24,                            19,                       5,                       0.00353
24,                            19,                       5,                       0.00348
24,                            19,                       5,                       0.003684
24,                            19,                       5,                       0.003685
24,                            19,                       5,                       0.004029
24,                            19,                       5,                       0.003529
24,                            19,                       5,                       0.003625
24,                            19,                       5,                       0.003465
24,                            19,                       5,                       0.0036
24,                            19,                       5,                       0.003563
24,                            19,                       5,                       0.003669
24,                            19,                       5,                       0.003655
24,                            19,                       5,                       0.003519
