COMMENT : The search result by Hill-Climbing for Cauchy_Good Fri Jan 26 15:13:16 2018

tech : Cauchy_Good
algorithm : Hill-Climbing
k : 4
m : 2
w : 4
failed_disk_id : 0
conventional_symbol_number    optimized_symbol_number    reduced_symbol_number    time
16,                            12,                       4,                       0.000177
16,                            12,                       4,                       0.000173
16,                            12,                       4,                       0.000185
16,                            12,                       4,                       0.000172
16,                            12,                       4,                       0.000177
16,                            12,                       4,                       0.000173
16,                            12,                       4,                       0.000173
16,                            12,                       4,                       0.000173
16,                            12,                       4,                       0.000203
16,                            12,                       4,                       0.000172
16,                            12,                       4,                       0.000173
16,                            12,                       4,                       0.000172
16,                            12,                       4,                       0.000225
16,                            12,                       4,                       0.000178
16,                            12,                       4,                       0.00018
16,                            12,                       4,                       0.000186
16,                            12,                       4,                       0.000178
16,                            12,                       4,                       0.000174
16,                            12,                       4,                       0.000218
16,                            12,                       4,                       0.000182
16,                            12,                       4,                       0.000173
16,                            12,                       4,                       0.000214
16,                            12,                       4,                       0.000172
16,                            12,                       4,                       0.000215
16,                            12,                       4,                       0.00018
16,                            12,                       4,                       0.000172
16,                            12,                       4,                       0.000201
16,                            12,                       4,                       0.000228
16,                            12,                       4,                       0.000213
16,                            12,                       4,                       0.000186
16,                            12,                       4,                       0.000188
16,                            12,                       4,                       0.000188
16,                            12,                       4,                       0.000171
16,                            12,                       4,                       0.000185
16,                            12,                       4,                       0.000173
16,                            12,                       4,                       0.000281
16,                            12,                       4,                       0.000172
16,                            12,                       4,                       0.000172
16,                            12,                       4,                       0.000173
16,                            12,                       4,                       0.000187
16,                            12,                       4,                       0.000178
16,                            12,                       4,                       0.000176
16,                            12,                       4,                       0.000307
16,                            12,                       4,                       0.000231
16,                            12,                       4,                       0.000243
16,                            12,                       4,                       0.000177
16,                            12,                       4,                       0.000173
16,                            12,                       4,                       0.000173
16,                            12,                       4,                       0.000177
16,                            12,                       4,                       0.000243
16,                            12,                       4,                       0.000174
16,                            12,                       4,                       0.000218
16,                            12,                       4,                       0.000195
16,                            12,                       4,                       0.000177
16,                            12,                       4,                       0.000178
16,                            12,                       4,                       0.000216
16,                            12,                       4,                       0.000191
16,                            12,                       4,                       0.000172
16,                            12,                       4,                       0.000203
16,                            12,                       4,                       0.000186
16,                            12,                       4,                       0.000214
16,                            12,                       4,                       0.000176
16,                            12,                       4,                       0.000177
16,                            12,                       4,                       0.000217
16,                            12,                       4,                       0.000177
16,                            12,                       4,                       0.000193
16,                            12,                       4,                       0.000227
16,                            12,                       4,                       0.000173
16,                            12,                       4,                       0.000229
16,                            12,                       4,                       0.000171
16,                            12,                       4,                       0.000184
16,                            12,                       4,                       0.000228
16,                            12,                       4,                       0.000202
16,                            12,                       4,                       0.000226
16,                            12,                       4,                       0.000177
16,                            12,                       4,                       0.000186
16,                            12,                       4,                       0.000174
16,                            12,                       4,                       0.000173
16,                            12,                       4,                       0.000177
16,                            12,                       4,                       0.000173
16,                            12,                       4,                       0.000229
16,                            12,                       4,                       0.00021
16,                            12,                       4,                       0.000178
16,                            12,                       4,                       0.000218
16,                            12,                       4,                       0.000173
16,                            12,                       4,                       0.000391
16,                            12,                       4,                       0.00024
16,                            12,                       4,                       0.000243
16,                            12,                       4,                       0.000201
16,                            12,                       4,                       0.00021
16,                            12,                       4,                       0.000177
16,                            12,                       4,                       0.000172
16,                            12,                       4,                       0.000174
16,                            12,                       4,                       0.000174
16,                            12,                       4,                       0.000232
16,                            12,                       4,                       0.000173
16,                            12,                       4,                       0.000185
16,                            12,                       4,                       0.000172
16,                            12,                       4,                       0.000177
16,                            12,                       4,                       0.000203
16,                            12,                       4,                       0.00019
16,                            12,                       4,                       0.00024
16,                            12,                       4,                       0.000172
16,                            12,                       4,                       0.000173
16,                            12,                       4,                       0.000177
16,                            12,                       4,                       0.000185
16,                            12,                       4,                       0.000178
16,                            12,                       4,                       0.000185
16,                            12,                       4,                       0.000172
16,                            12,                       4,                       0.000172
16,                            12,                       4,                       0.000186
16,                            12,                       4,                       0.000252
16,                            12,                       4,                       0.000178
16,                            12,                       4,                       0.000178
16,                            12,                       4,                       0.000284
16,                            12,                       4,                       0.000172
16,                            12,                       4,                       0.000201
16,                            12,                       4,                       0.000179
16,                            12,                       4,                       0.000246
16,                            12,                       4,                       0.000178
16,                            12,                       4,                       0.000187
16,                            12,                       4,                       0.00027
16,                            12,                       4,                       0.000172
16,                            12,                       4,                       0.000177
16,                            12,                       4,                       0.000201
16,                            12,                       4,                       0.000187
16,                            12,                       4,                       0.000178
16,                            12,                       4,                       0.00023
16,                            12,                       4,                       0.000173
16,                            12,                       4,                       0.000279
16,                            12,                       4,                       0.000252
16,                            12,                       4,                       0.000172
16,                            12,                       4,                       0.00026
16,                            12,                       4,                       0.000173
16,                            12,                       4,                       0.000177
16,                            12,                       4,                       0.000244
16,                            12,                       4,                       0.000326
16,                            12,                       4,                       0.000232
16,                            12,                       4,                       0.00037
16,                            12,                       4,                       0.000192
16,                            12,                       4,                       0.000202
16,                            12,                       4,                       0.000176
16,                            12,                       4,                       0.000291
16,                            12,                       4,                       0.000172
16,                            12,                       4,                       0.000215
16,                            12,                       4,                       0.000178
16,                            12,                       4,                       0.000174
16,                            12,                       4,                       0.000214
16,                            12,                       4,                       0.000172
16,                            12,                       4,                       0.00043
16,                            12,                       4,                       0.000175
16,                            12,                       4,                       0.000213
16,                            12,                       4,                       0.000191
16,                            12,                       4,                       0.000177
16,                            12,                       4,                       0.000216
16,                            12,                       4,                       0.000225
16,                            12,                       4,                       0.000177
16,                            12,                       4,                       0.000206
16,                            12,                       4,                       0.000191
16,                            12,                       4,                       0.000176
16,                            12,                       4,                       0.000174
16,                            12,                       4,                       0.00024
16,                            12,                       4,                       0.000186
16,                            12,                       4,                       0.000187
16,                            12,                       4,                       0.000172
16,                            12,                       4,                       0.000187
16,                            12,                       4,                       0.000339
16,                            12,                       4,                       0.000177
16,                            12,                       4,                       0.000177
16,                            12,                       4,                       0.000173
16,                            12,                       4,                       0.000178
16,                            12,                       4,                       0.000177
16,                            12,                       4,                       0.00018
16,                            12,                       4,                       0.000177
16,                            12,                       4,                       0.000177
16,                            12,                       4,                       0.000171
16,                            12,                       4,                       0.000173
16,                            12,                       4,                       0.000171
16,                            12,                       4,                       0.000205
16,                            12,                       4,                       0.000205
16,                            12,                       4,                       0.00024
16,                            12,                       4,                       0.000172
16,                            12,                       4,                       0.000177
16,                            12,                       4,                       0.000183
16,                            12,                       4,                       0.000176
16,                            12,                       4,                       0.000178
16,                            12,                       4,                       0.000173
16,                            12,                       4,                       0.000178
16,                            12,                       4,                       0.000277
16,                            12,                       4,                       0.000221
16,                            12,                       4,                       0.000229
16,                            12,                       4,                       0.000288
16,                            12,                       4,                       0.000172
16,                            12,                       4,                       0.000177
16,                            12,                       4,                       0.000173
16,                            12,                       4,                       0.000173
16,                            12,                       4,                       0.000176
16,                            12,                       4,                       0.000203
16,                            12,                       4,                       0.000197
16,                            12,                       4,                       0.0002
16,                            12,                       4,                       0.000172
16,                            12,                       4,                       0.00018
16,                            12,                       4,                       0.000324
16,                            12,                       4,                       0.000286
16,                            12,                       4,                       0.000173
16,                            12,                       4,                       0.000444
16,                            12,                       4,                       0.000174
16,                            12,                       4,                       0.000174
16,                            12,                       4,                       0.000225
16,                            12,                       4,                       0.000182
16,                            12,                       4,                       0.000178
16,                            12,                       4,                       0.000172
16,                            12,                       4,                       0.000172
16,                            12,                       4,                       0.000172
16,                            12,                       4,                       0.000172
16,                            12,                       4,                       0.000173
16,                            12,                       4,                       0.000217
16,                            12,                       4,                       0.000202
16,                            12,                       4,                       0.000178
16,                            12,                       4,                       0.000173
16,                            12,                       4,                       0.000244
16,                            12,                       4,                       0.000178
16,                            12,                       4,                       0.000174
16,                            12,                       4,                       0.000178
16,                            12,                       4,                       0.000207
16,                            12,                       4,                       0.000175
16,                            12,                       4,                       0.000172
16,                            12,                       4,                       0.000213
16,                            12,                       4,                       0.00018
16,                            12,                       4,                       0.000172
16,                            12,                       4,                       0.000177
16,                            12,                       4,                       0.000232
16,                            12,                       4,                       0.000178
16,                            12,                       4,                       0.000173
16,                            12,                       4,                       0.000171
16,                            12,                       4,                       0.000172
16,                            12,                       4,                       0.000176
16,                            12,                       4,                       0.000173
16,                            12,                       4,                       0.000177
16,                            12,                       4,                       0.000217
16,                            12,                       4,                       0.000203
16,                            12,                       4,                       0.000176
16,                            12,                       4,                       0.000203
16,                            12,                       4,                       0.00018
16,                            12,                       4,                       0.000178
16,                            12,                       4,                       0.000187
16,                            12,                       4,                       0.000172
16,                            12,                       4,                       0.000178
16,                            12,                       4,                       0.000277
16,                            12,                       4,                       0.000173
16,                            12,                       4,                       0.000227
16,                            12,                       4,                       0.000188
16,                            12,                       4,                       0.000195
16,                            12,                       4,                       0.000229
16,                            12,                       4,                       0.000176
16,                            12,                       4,                       0.000235
16,                            12,                       4,                       0.000214
16,                            12,                       4,                       0.000173
16,                            12,                       4,                       0.000237
16,                            12,                       4,                       0.00026
16,                            12,                       4,                       0.000177
16,                            12,                       4,                       0.000174
16,                            12,                       4,                       0.000192
16,                            12,                       4,                       0.000192
16,                            12,                       4,                       0.000187
16,                            12,                       4,                       0.000172
16,                            12,                       4,                       0.000173
16,                            12,                       4,                       0.000395
16,                            12,                       4,                       0.000223
16,                            12,                       4,                       0.000186
16,                            12,                       4,                       0.000175
16,                            12,                       4,                       0.000191
16,                            12,                       4,                       0.000213
16,                            12,                       4,                       0.000187
16,                            12,                       4,                       0.000226
16,                            12,                       4,                       0.000236
16,                            12,                       4,                       0.000177
16,                            12,                       4,                       0.000177
16,                            12,                       4,                       0.000173
16,                            12,                       4,                       0.000177
16,                            12,                       4,                       0.000211
16,                            12,                       4,                       0.000176
16,                            12,                       4,                       0.000177
16,                            12,                       4,                       0.000224
16,                            12,                       4,                       0.000199
16,                            12,                       4,                       0.000223
16,                            12,                       4,                       0.000219
16,                            12,                       4,                       0.000252
16,                            12,                       4,                       0.000173
16,                            12,                       4,                       0.000176
16,                            12,                       4,                       0.000178
16,                            12,                       4,                       0.000236
16,                            12,                       4,                       0.000223
16,                            12,                       4,                       0.000192
16,                            12,                       4,                       0.000215
16,                            12,                       4,                       0.000179
16,                            12,                       4,                       0.000176
16,                            12,                       4,                       0.000232
16,                            12,                       4,                       0.000182
16,                            12,                       4,                       0.000176
