COMMENT : The search result by Hill-Climbing for Cauchy_Good Wed Jan 24 16:45:45 2018

tech : Cauchy_Good
algorithm : Hill-Climbing
k : 7
m : 4
w : 10
failed_disk_id : 0
conventional_symbol_number    optimized_symbol_number    reduced_symbol_number    time
70,                            59,                       11,                       7.29
70,                            59,                       11,                       7.3
70,                            59,                       11,                       7.29
70,                            59,                       11,                       7.31
70,                            59,                       11,                       7.3
70,                            59,                       11,                       7.31
70,                            59,                       11,                       7.3
70,                            59,                       11,                       7.3
70,                            59,                       11,                       7.3
70,                            59,                       11,                       7.3
70,                            59,                       11,                       7.3
70,                            59,                       11,                       7.29
70,                            59,                       11,                       7.3
70,                            59,                       11,                       7.3
70,                            59,                       11,                       7.3
70,                            59,                       11,                       7.31
70,                            59,                       11,                       7.3
70,                            59,                       11,                       7.3
70,                            59,                       11,                       7.31
70,                            59,                       11,                       7.31
70,                            59,                       11,                       7.3
70,                            59,                       11,                       7.3
70,                            59,                       11,                       7.3
70,                            59,                       11,                       7.3
70,                            59,                       11,                       7.29
70,                            59,                       11,                       7.3
70,                            59,                       11,                       7.31
70,                            59,                       11,                       7.29
70,                            59,                       11,                       7.3
70,                            59,                       11,                       7.3
70,                            59,                       11,                       7.32
70,                            59,                       11,                       7.29
70,                            59,                       11,                       7.29
70,                            59,                       11,                       7.3
70,                            59,                       11,                       7.3
70,                            59,                       11,                       7.3
70,                            59,                       11,                       7.3
70,                            59,                       11,                       7.29
70,                            59,                       11,                       7.31
70,                            59,                       11,                       7.3
70,                            59,                       11,                       7.31
70,                            59,                       11,                       7.31
70,                            59,                       11,                       7.3
70,                            59,                       11,                       7.29
70,                            59,                       11,                       7.3
70,                            59,                       11,                       7.29
70,                            59,                       11,                       7.29
70,                            59,                       11,                       7.3
70,                            59,                       11,                       7.3
70,                            59,                       11,                       7.29
70,                            59,                       11,                       7.31
70,                            59,                       11,                       7.31
70,                            59,                       11,                       7.3
70,                            59,                       11,                       7.3
70,                            59,                       11,                       7.29
70,                            59,                       11,                       7.29
70,                            59,                       11,                       7.3
70,                            59,                       11,                       7.31
70,                            59,                       11,                       7.31
70,                            59,                       11,                       7.31
70,                            59,                       11,                       7.32
70,                            59,                       11,                       7.3
70,                            59,                       11,                       7.31
70,                            59,                       11,                       7.29
70,                            59,                       11,                       7.3
70,                            59,                       11,                       7.3
70,                            59,                       11,                       7.3
70,                            59,                       11,                       7.3
70,                            59,                       11,                       7.29
70,                            59,                       11,                       7.32
70,                            59,                       11,                       7.31
70,                            59,                       11,                       7.31
70,                            59,                       11,                       7.3
70,                            59,                       11,                       7.3
70,                            59,                       11,                       7.29
70,                            59,                       11,                       7.3
70,                            59,                       11,                       7.3
70,                            59,                       11,                       7.31
70,                            59,                       11,                       7.3
70,                            59,                       11,                       7.29
70,                            59,                       11,                       7.29
70,                            59,                       11,                       7.3
70,                            59,                       11,                       7.3
70,                            59,                       11,                       7.3
70,                            59,                       11,                       7.31
70,                            59,                       11,                       7.3
70,                            59,                       11,                       7.3
70,                            59,                       11,                       7.29
70,                            59,                       11,                       7.3
70,                            59,                       11,                       7.3
70,                            59,                       11,                       7.3
70,                            59,                       11,                       7.3
70,                            59,                       11,                       7.29
70,                            59,                       11,                       7.31
70,                            59,                       11,                       7.3
70,                            59,                       11,                       7.29
70,                            59,                       11,                       7.31
70,                            59,                       11,                       7.31
70,                            59,                       11,                       7.3
70,                            59,                       11,                       7.3
