COMMENT : The search result by Hill-Climbing for Cauchy_Good Fri Jan 26 15:13:38 2018

tech : Cauchy_Good
algorithm : Hill-Climbing
k : 8
m : 6
w : 4
failed_disk_id : 0
conventional_symbol_number    optimized_symbol_number    reduced_symbol_number    time
32,                            25,                       7,                       0.01963
32,                            25,                       7,                       0.018187
32,                            25,                       7,                       0.017341
32,                            25,                       7,                       0.017884
32,                            25,                       7,                       0.018442
32,                            25,                       7,                       0.017076
32,                            25,                       7,                       0.017065
32,                            25,                       7,                       0.01924
32,                            25,                       7,                       0.01902
32,                            25,                       7,                       0.017668
32,                            25,                       7,                       0.017403
32,                            25,                       7,                       0.017886
32,                            25,                       7,                       0.017154
32,                            25,                       7,                       0.018174
32,                            25,                       7,                       0.019073
32,                            25,                       7,                       0.019359
32,                            25,                       7,                       0.017874
32,                            25,                       7,                       0.017923
32,                            25,                       7,                       0.023141
32,                            25,                       7,                       0.01791
32,                            25,                       7,                       0.017267
32,                            25,                       7,                       0.017787
32,                            25,                       7,                       0.017344
32,                            25,                       7,                       0.018532
32,                            25,                       7,                       0.017395
32,                            25,                       7,                       0.01761
32,                            25,                       7,                       0.017488
32,                            25,                       7,                       0.017391
32,                            25,                       7,                       0.018756
32,                            25,                       7,                       0.017126
32,                            25,                       7,                       0.017135
32,                            25,                       7,                       0.017017
32,                            25,                       7,                       0.017512
32,                            25,                       7,                       0.01867
32,                            25,                       7,                       0.018713
32,                            25,                       7,                       0.018085
32,                            25,                       7,                       0.019579
32,                            25,                       7,                       0.025292
32,                            25,                       7,                       0.017901
32,                            25,                       7,                       0.017107
32,                            25,                       7,                       0.017584
32,                            25,                       7,                       0.018255
32,                            25,                       7,                       0.016956
32,                            25,                       7,                       0.018267
32,                            25,                       7,                       0.017557
32,                            25,                       7,                       0.018057
32,                            25,                       7,                       0.018564
32,                            25,                       7,                       0.018413
32,                            25,                       7,                       0.018918
32,                            25,                       7,                       0.020347
32,                            25,                       7,                       0.018011
32,                            25,                       7,                       0.018183
32,                            25,                       7,                       0.017677
32,                            25,                       7,                       0.018701
32,                            25,                       7,                       0.017207
32,                            25,                       7,                       0.019779
32,                            25,                       7,                       0.017713
32,                            25,                       7,                       0.018591
32,                            25,                       7,                       0.017739
32,                            25,                       7,                       0.021039
32,                            25,                       7,                       0.017792
32,                            25,                       7,                       0.018991
32,                            25,                       7,                       0.017457
32,                            25,                       7,                       0.018704
32,                            25,                       7,                       0.018689
32,                            25,                       7,                       0.018472
32,                            25,                       7,                       0.017255
32,                            25,                       7,                       0.01885
32,                            25,                       7,                       0.017889
32,                            25,                       7,                       0.020268
32,                            25,                       7,                       0.018454
32,                            25,                       7,                       0.017605
32,                            25,                       7,                       0.017518
32,                            25,                       7,                       0.018051
32,                            25,                       7,                       0.017993
32,                            25,                       7,                       0.017391
32,                            25,                       7,                       0.017535
32,                            25,                       7,                       0.017977
32,                            25,                       7,                       0.01767
32,                            25,                       7,                       0.018007
32,                            25,                       7,                       0.019258
32,                            25,                       7,                       0.017771
32,                            25,                       7,                       0.020005
32,                            25,                       7,                       0.017282
32,                            25,                       7,                       0.017697
32,                            25,                       7,                       0.018577
32,                            25,                       7,                       0.018841
32,                            25,                       7,                       0.018035
32,                            25,                       7,                       0.018582
32,                            25,                       7,                       0.017953
32,                            25,                       7,                       0.017336
32,                            25,                       7,                       0.01728
32,                            25,                       7,                       0.017549
32,                            25,                       7,                       0.017653
32,                            25,                       7,                       0.018138
32,                            25,                       7,                       0.019586
32,                            25,                       7,                       0.017335
32,                            25,                       7,                       0.017716
32,                            25,                       7,                       0.018057
32,                            25,                       7,                       0.01802
32,                            25,                       7,                       0.018029
32,                            25,                       7,                       0.018423
32,                            25,                       7,                       0.018052
32,                            25,                       7,                       0.018997
32,                            25,                       7,                       0.018461
32,                            25,                       7,                       0.018263
32,                            25,                       7,                       0.01775
32,                            25,                       7,                       0.019975
32,                            25,                       7,                       0.017897
32,                            25,                       7,                       0.018107
32,                            25,                       7,                       0.01788
32,                            25,                       7,                       0.018432
32,                            25,                       7,                       0.017838
32,                            25,                       7,                       0.0177
32,                            25,                       7,                       0.018525
32,                            25,                       7,                       0.017411
32,                            25,                       7,                       0.018086
32,                            25,                       7,                       0.017689
32,                            25,                       7,                       0.018428
32,                            25,                       7,                       0.018697
32,                            25,                       7,                       0.017344
32,                            25,                       7,                       0.017773
32,                            25,                       7,                       0.017768
32,                            25,                       7,                       0.018533
32,                            25,                       7,                       0.018893
32,                            25,                       7,                       0.01804
32,                            25,                       7,                       0.018989
32,                            25,                       7,                       0.018835
32,                            25,                       7,                       0.019361
32,                            25,                       7,                       0.017593
32,                            25,                       7,                       0.017775
32,                            25,                       7,                       0.017638
32,                            25,                       7,                       0.017525
32,                            25,                       7,                       0.017346
32,                            25,                       7,                       0.018262
32,                            25,                       7,                       0.017794
32,                            25,                       7,                       0.018208
32,                            25,                       7,                       0.018334
32,                            25,                       7,                       0.017989
32,                            25,                       7,                       0.017832
32,                            25,                       7,                       0.017804
32,                            25,                       7,                       0.017997
32,                            25,                       7,                       0.018025
32,                            25,                       7,                       0.018041
32,                            25,                       7,                       0.018074
32,                            25,                       7,                       0.018002
32,                            25,                       7,                       0.017886
32,                            25,                       7,                       0.017491
32,                            25,                       7,                       0.018413
32,                            25,                       7,                       0.017858
32,                            25,                       7,                       0.01813
32,                            25,                       7,                       0.018522
32,                            25,                       7,                       0.018025
32,                            25,                       7,                       0.017956
32,                            25,                       7,                       0.017758
32,                            25,                       7,                       0.017303
32,                            25,                       7,                       0.018103
32,                            25,                       7,                       0.017708
32,                            25,                       7,                       0.017594
32,                            25,                       7,                       0.018166
32,                            25,                       7,                       0.017899
32,                            25,                       7,                       0.017787
32,                            25,                       7,                       0.018455
32,                            25,                       7,                       0.019682
32,                            25,                       7,                       0.018002
32,                            25,                       7,                       0.018049
32,                            25,                       7,                       0.01743
32,                            25,                       7,                       0.018524
32,                            25,                       7,                       0.01782
32,                            25,                       7,                       0.017816
32,                            25,                       7,                       0.017342
32,                            25,                       7,                       0.017951
32,                            25,                       7,                       0.018037
32,                            25,                       7,                       0.018013
32,                            25,                       7,                       0.017597
32,                            25,                       7,                       0.025561
32,                            25,                       7,                       0.018487
32,                            25,                       7,                       0.018493
32,                            25,                       7,                       0.017702
32,                            25,                       7,                       0.017891
32,                            25,                       7,                       0.01754
32,                            25,                       7,                       0.018043
32,                            25,                       7,                       0.017578
32,                            25,                       7,                       0.018964
32,                            25,                       7,                       0.017881
32,                            25,                       7,                       0.017778
32,                            25,                       7,                       0.017652
32,                            25,                       7,                       0.01803
32,                            25,                       7,                       0.018682
32,                            25,                       7,                       0.019133
32,                            25,                       7,                       0.022698
32,                            25,                       7,                       0.017955
32,                            25,                       7,                       0.017567
32,                            25,                       7,                       0.01885
32,                            25,                       7,                       0.018753
32,                            25,                       7,                       0.017935
32,                            25,                       7,                       0.018326
32,                            25,                       7,                       0.018117
32,                            25,                       7,                       0.017475
32,                            25,                       7,                       0.017793
32,                            25,                       7,                       0.017934
32,                            25,                       7,                       0.01833
32,                            25,                       7,                       0.017759
32,                            25,                       7,                       0.017825
32,                            25,                       7,                       0.018356
32,                            25,                       7,                       0.017395
32,                            25,                       7,                       0.018062
32,                            25,                       7,                       0.017575
32,                            25,                       7,                       0.017523
32,                            25,                       7,                       0.017825
32,                            25,                       7,                       0.018107
32,                            25,                       7,                       0.017526
32,                            25,                       7,                       0.019008
32,                            25,                       7,                       0.019549
32,                            25,                       7,                       0.017869
32,                            25,                       7,                       0.01882
32,                            25,                       7,                       0.017632
32,                            25,                       7,                       0.018663
32,                            25,                       7,                       0.018191
32,                            25,                       7,                       0.017911
32,                            25,                       7,                       0.017711
32,                            25,                       7,                       0.018299
32,                            25,                       7,                       0.018047
32,                            25,                       7,                       0.017857
32,                            25,                       7,                       0.017605
32,                            25,                       7,                       0.017819
32,                            25,                       7,                       0.017715
32,                            25,                       7,                       0.017776
32,                            25,                       7,                       0.017652
32,                            25,                       7,                       0.01833
32,                            25,                       7,                       0.018457
32,                            25,                       7,                       0.017627
32,                            25,                       7,                       0.018561
32,                            25,                       7,                       0.017796
32,                            25,                       7,                       0.018296
32,                            25,                       7,                       0.01818
32,                            25,                       7,                       0.017763
32,                            25,                       7,                       0.01813
32,                            25,                       7,                       0.017881
32,                            25,                       7,                       0.018057
32,                            25,                       7,                       0.018055
32,                            25,                       7,                       0.018251
32,                            25,                       7,                       0.018436
32,                            25,                       7,                       0.018308
32,                            25,                       7,                       0.01823
32,                            25,                       7,                       0.018357
32,                            25,                       7,                       0.017778
32,                            25,                       7,                       0.018251
32,                            25,                       7,                       0.017982
32,                            25,                       7,                       0.017403
32,                            25,                       7,                       0.018121
32,                            25,                       7,                       0.018527
32,                            25,                       7,                       0.017969
32,                            25,                       7,                       0.018175
32,                            25,                       7,                       0.017831
32,                            25,                       7,                       0.019016
32,                            25,                       7,                       0.018343
32,                            25,                       7,                       0.019157
32,                            25,                       7,                       0.01921
32,                            25,                       7,                       0.02095
32,                            25,                       7,                       0.017875
32,                            25,                       7,                       0.018556
32,                            25,                       7,                       0.017673
32,                            25,                       7,                       0.017684
32,                            25,                       7,                       0.018151
32,                            25,                       7,                       0.017953
32,                            25,                       7,                       0.017588
32,                            25,                       7,                       0.018653
32,                            25,                       7,                       0.017769
32,                            25,                       7,                       0.017517
32,                            25,                       7,                       0.016885
32,                            25,                       7,                       0.017785
32,                            25,                       7,                       0.018366
32,                            25,                       7,                       0.018054
32,                            25,                       7,                       0.018212
32,                            25,                       7,                       0.018914
32,                            25,                       7,                       0.018032
32,                            25,                       7,                       0.017741
32,                            25,                       7,                       0.019885
32,                            25,                       7,                       0.01878
32,                            25,                       7,                       0.018733
32,                            25,                       7,                       0.017929
32,                            25,                       7,                       0.017945
32,                            25,                       7,                       0.018106
32,                            25,                       7,                       0.018237
32,                            25,                       7,                       0.018281
32,                            25,                       7,                       0.017921
32,                            25,                       7,                       0.019249
32,                            25,                       7,                       0.018354
32,                            25,                       7,                       0.018225
32,                            25,                       7,                       0.019488
32,                            25,                       7,                       0.017762
32,                            25,                       7,                       0.018311
32,                            25,                       7,                       0.017934
32,                            25,                       7,                       0.018863
32,                            25,                       7,                       0.018246
32,                            25,                       7,                       0.017713
32,                            25,                       7,                       0.021405
32,                            25,                       7,                       0.01873
32,                            25,                       7,                       0.018117
