COMMENT : The search result by Hill-Climbing for Cauchy_Good Fri Jan 26 15:13:16 2018

tech : Cauchy_Good
algorithm : Hill-Climbing
k : 3
m : 2
w : 2
failed_disk_id : 0
conventional_symbol_number    optimized_symbol_number    reduced_symbol_number    time
6,                            5,                       1,                       2.1e-05
6,                            5,                       1,                       2.1e-05
6,                            5,                       1,                       2.1e-05
6,                            5,                       1,                       2.2e-05
6,                            5,                       1,                       2e-05
6,                            5,                       1,                       2.1e-05
6,                            5,                       1,                       2e-05
6,                            5,                       1,                       2.1e-05
6,                            5,                       1,                       2.1e-05
6,                            5,                       1,                       2.1e-05
6,                            5,                       1,                       2.1e-05
6,                            5,                       1,                       2.1e-05
6,                            5,                       1,                       2.1e-05
6,                            5,                       1,                       4.5e-05
6,                            5,                       1,                       2.1e-05
6,                            5,                       1,                       2.2e-05
6,                            5,                       1,                       2.3e-05
6,                            5,                       1,                       2e-05
6,                            5,                       1,                       2.2e-05
6,                            5,                       1,                       2e-05
6,                            5,                       1,                       2.1e-05
6,                            5,                       1,                       2.1e-05
6,                            5,                       1,                       2e-05
6,                            5,                       1,                       3.5e-05
6,                            5,                       1,                       2.1e-05
6,                            5,                       1,                       2e-05
6,                            5,                       1,                       2e-05
6,                            5,                       1,                       2.1e-05
6,                            5,                       1,                       2.1e-05
6,                            5,                       1,                       2e-05
6,                            5,                       1,                       2.1e-05
6,                            5,                       1,                       2.1e-05
6,                            5,                       1,                       2e-05
6,                            5,                       1,                       2.2e-05
6,                            5,                       1,                       2.1e-05
6,                            5,                       1,                       2e-05
6,                            5,                       1,                       2.1e-05
6,                            5,                       1,                       2.1e-05
6,                            5,                       1,                       2e-05
6,                            5,                       1,                       2.1e-05
6,                            5,                       1,                       2.1e-05
6,                            5,                       1,                       2.1e-05
6,                            5,                       1,                       3.5e-05
6,                            5,                       1,                       2e-05
6,                            5,                       1,                       6.6e-05
6,                            5,                       1,                       2.1e-05
6,                            5,                       1,                       3.7e-05
6,                            5,                       1,                       2e-05
6,                            5,                       1,                       2.2e-05
6,                            5,                       1,                       4.8e-05
6,                            5,                       1,                       2.1e-05
6,                            5,                       1,                       2.1e-05
6,                            5,                       1,                       2.1e-05
6,                            5,                       1,                       2.1e-05
6,                            5,                       1,                       2.1e-05
6,                            5,                       1,                       2.2e-05
6,                            5,                       1,                       2.1e-05
6,                            5,                       1,                       2.2e-05
6,                            5,                       1,                       2e-05
6,                            5,                       1,                       2.1e-05
6,                            5,                       1,                       2.1e-05
6,                            5,                       1,                       2e-05
6,                            5,                       1,                       2.3e-05
6,                            5,                       1,                       3.2e-05
6,                            5,                       1,                       2.1e-05
6,                            5,                       1,                       3.5e-05
6,                            5,                       1,                       2e-05
6,                            5,                       1,                       2e-05
6,                            5,                       1,                       3.2e-05
6,                            5,                       1,                       2.1e-05
6,                            5,                       1,                       2.1e-05
6,                            5,                       1,                       2e-05
6,                            5,                       1,                       3.4e-05
6,                            5,                       1,                       2e-05
6,                            5,                       1,                       2.1e-05
6,                            5,                       1,                       2.1e-05
6,                            5,                       1,                       2e-05
6,                            5,                       1,                       2e-05
6,                            5,                       1,                       3.4e-05
6,                            5,                       1,                       2.1e-05
6,                            5,                       1,                       2.1e-05
6,                            5,                       1,                       2.1e-05
6,                            5,                       1,                       2.1e-05
6,                            5,                       1,                       2.1e-05
6,                            5,                       1,                       2.1e-05
6,                            5,                       1,                       2.1e-05
6,                            5,                       1,                       2.2e-05
6,                            5,                       1,                       2.1e-05
6,                            5,                       1,                       6e-05
6,                            5,                       1,                       2.4e-05
6,                            5,                       1,                       3.4e-05
6,                            5,                       1,                       2.1e-05
6,                            5,                       1,                       2.2e-05
6,                            5,                       1,                       4.8e-05
6,                            5,                       1,                       2.2e-05
6,                            5,                       1,                       2.1e-05
6,                            5,                       1,                       2.1e-05
6,                            5,                       1,                       2.1e-05
6,                            5,                       1,                       2.1e-05
6,                            5,                       1,                       2.1e-05
6,                            5,                       1,                       2.1e-05
6,                            5,                       1,                       2.1e-05
6,                            5,                       1,                       3.7e-05
6,                            5,                       1,                       2.1e-05
6,                            5,                       1,                       2.1e-05
6,                            5,                       1,                       2.1e-05
6,                            5,                       1,                       2.1e-05
6,                            5,                       1,                       2.1e-05
6,                            5,                       1,                       2.2e-05
6,                            5,                       1,                       4.7e-05
6,                            5,                       1,                       2.2e-05
6,                            5,                       1,                       2.1e-05
6,                            5,                       1,                       2.2e-05
6,                            5,                       1,                       2.5e-05
6,                            5,                       1,                       2.1e-05
6,                            5,                       1,                       2.1e-05
6,                            5,                       1,                       2e-05
6,                            5,                       1,                       5e-05
6,                            5,                       1,                       5.3e-05
6,                            5,                       1,                       2.1e-05
6,                            5,                       1,                       2.1e-05
6,                            5,                       1,                       2e-05
6,                            5,                       1,                       2.2e-05
6,                            5,                       1,                       2.1e-05
6,                            5,                       1,                       3.5e-05
6,                            5,                       1,                       2.1e-05
6,                            5,                       1,                       2.1e-05
6,                            5,                       1,                       2.1e-05
6,                            5,                       1,                       2e-05
6,                            5,                       1,                       2.1e-05
6,                            5,                       1,                       3.4e-05
6,                            5,                       1,                       3.4e-05
6,                            5,                       1,                       2e-05
6,                            5,                       1,                       2.1e-05
6,                            5,                       1,                       2.1e-05
6,                            5,                       1,                       3.6e-05
6,                            5,                       1,                       2e-05
6,                            5,                       1,                       2.2e-05
6,                            5,                       1,                       2e-05
6,                            5,                       1,                       2.2e-05
6,                            5,                       1,                       2.1e-05
6,                            5,                       1,                       2e-05
6,                            5,                       1,                       2.1e-05
6,                            5,                       1,                       2e-05
6,                            5,                       1,                       3.7e-05
6,                            5,                       1,                       2.1e-05
6,                            5,                       1,                       2e-05
6,                            5,                       1,                       2.1e-05
6,                            5,                       1,                       6.5e-05
6,                            5,                       1,                       2.1e-05
6,                            5,                       1,                       2.1e-05
6,                            5,                       1,                       2.1e-05
6,                            5,                       1,                       3.7e-05
6,                            5,                       1,                       2.1e-05
6,                            5,                       1,                       3.6e-05
6,                            5,                       1,                       2e-05
6,                            5,                       1,                       2e-05
6,                            5,                       1,                       2.1e-05
6,                            5,                       1,                       2.1e-05
6,                            5,                       1,                       2e-05
6,                            5,                       1,                       2.1e-05
6,                            5,                       1,                       2e-05
6,                            5,                       1,                       2.2e-05
6,                            5,                       1,                       2.1e-05
6,                            5,                       1,                       4.3e-05
6,                            5,                       1,                       2e-05
6,                            5,                       1,                       3.3e-05
6,                            5,                       1,                       2.1e-05
6,                            5,                       1,                       2e-05
6,                            5,                       1,                       2.1e-05
6,                            5,                       1,                       2.1e-05
6,                            5,                       1,                       2.1e-05
6,                            5,                       1,                       2.1e-05
6,                            5,                       1,                       2.1e-05
6,                            5,                       1,                       2.1e-05
6,                            5,                       1,                       2.1e-05
6,                            5,                       1,                       2.1e-05
6,                            5,                       1,                       2.1e-05
6,                            5,                       1,                       2.1e-05
6,                            5,                       1,                       2.1e-05
6,                            5,                       1,                       2.1e-05
6,                            5,                       1,                       6.3e-05
6,                            5,                       1,                       2.1e-05
6,                            5,                       1,                       3e-05
6,                            5,                       1,                       2e-05
6,                            5,                       1,                       2.3e-05
6,                            5,                       1,                       2.1e-05
6,                            5,                       1,                       2e-05
6,                            5,                       1,                       2e-05
6,                            5,                       1,                       2e-05
6,                            5,                       1,                       2e-05
6,                            5,                       1,                       2e-05
6,                            5,                       1,                       2.1e-05
6,                            5,                       1,                       3.5e-05
6,                            5,                       1,                       2e-05
6,                            5,                       1,                       2.1e-05
6,                            5,                       1,                       3.6e-05
6,                            5,                       1,                       2.1e-05
6,                            5,                       1,                       5.1e-05
6,                            5,                       1,                       2e-05
6,                            5,                       1,                       2.1e-05
6,                            5,                       1,                       2.1e-05
6,                            5,                       1,                       2.1e-05
6,                            5,                       1,                       2.1e-05
6,                            5,                       1,                       2.2e-05
6,                            5,                       1,                       2e-05
6,                            5,                       1,                       2e-05
6,                            5,                       1,                       2.1e-05
6,                            5,                       1,                       2.2e-05
6,                            5,                       1,                       2.2e-05
6,                            5,                       1,                       5.7e-05
6,                            5,                       1,                       2.1e-05
6,                            5,                       1,                       2.1e-05
6,                            5,                       1,                       2.1e-05
6,                            5,                       1,                       2e-05
6,                            5,                       1,                       2.1e-05
6,                            5,                       1,                       2e-05
6,                            5,                       1,                       3.7e-05
6,                            5,                       1,                       2.3e-05
6,                            5,                       1,                       2.1e-05
6,                            5,                       1,                       2.1e-05
6,                            5,                       1,                       2e-05
6,                            5,                       1,                       2.1e-05
6,                            5,                       1,                       2.1e-05
6,                            5,                       1,                       4.8e-05
6,                            5,                       1,                       2.1e-05
6,                            5,                       1,                       2.1e-05
6,                            5,                       1,                       2.9e-05
6,                            5,                       1,                       4.9e-05
6,                            5,                       1,                       2.1e-05
6,                            5,                       1,                       2.1e-05
6,                            5,                       1,                       2.1e-05
6,                            5,                       1,                       2e-05
6,                            5,                       1,                       4.5e-05
6,                            5,                       1,                       2.1e-05
6,                            5,                       1,                       2.1e-05
6,                            5,                       1,                       2.1e-05
6,                            5,                       1,                       2.2e-05
6,                            5,                       1,                       2.1e-05
6,                            5,                       1,                       2.1e-05
6,                            5,                       1,                       2.1e-05
6,                            5,                       1,                       5.1e-05
6,                            5,                       1,                       2.1e-05
6,                            5,                       1,                       2.1e-05
6,                            5,                       1,                       2e-05
6,                            5,                       1,                       2.2e-05
6,                            5,                       1,                       2.1e-05
6,                            5,                       1,                       2.1e-05
6,                            5,                       1,                       4.9e-05
6,                            5,                       1,                       3.6e-05
6,                            5,                       1,                       2e-05
6,                            5,                       1,                       2e-05
6,                            5,                       1,                       2.1e-05
6,                            5,                       1,                       3.5e-05
6,                            5,                       1,                       2.1e-05
6,                            5,                       1,                       6.4e-05
6,                            5,                       1,                       2.2e-05
6,                            5,                       1,                       2.1e-05
6,                            5,                       1,                       2.1e-05
6,                            5,                       1,                       2.1e-05
6,                            5,                       1,                       2.2e-05
6,                            5,                       1,                       4.3e-05
6,                            5,                       1,                       3.6e-05
6,                            5,                       1,                       2.2e-05
6,                            5,                       1,                       3.3e-05
6,                            5,                       1,                       2.1e-05
6,                            5,                       1,                       2.1e-05
6,                            5,                       1,                       2.1e-05
6,                            5,                       1,                       2.1e-05
6,                            5,                       1,                       2.1e-05
6,                            5,                       1,                       2e-05
6,                            5,                       1,                       2.1e-05
6,                            5,                       1,                       6.8e-05
6,                            5,                       1,                       2.1e-05
6,                            5,                       1,                       2.2e-05
6,                            5,                       1,                       2.1e-05
6,                            5,                       1,                       2e-05
6,                            5,                       1,                       2.1e-05
6,                            5,                       1,                       2.2e-05
6,                            5,                       1,                       2.2e-05
6,                            5,                       1,                       2.2e-05
6,                            5,                       1,                       2.1e-05
6,                            5,                       1,                       3.4e-05
6,                            5,                       1,                       2.1e-05
6,                            5,                       1,                       2.1e-05
6,                            5,                       1,                       2.1e-05
6,                            5,                       1,                       3.4e-05
6,                            5,                       1,                       2.1e-05
6,                            5,                       1,                       2.2e-05
6,                            5,                       1,                       2.1e-05
6,                            5,                       1,                       2.1e-05
6,                            5,                       1,                       2e-05
6,                            5,                       1,                       2.1e-05
6,                            5,                       1,                       2.2e-05
6,                            5,                       1,                       2.1e-05
6,                            5,                       1,                       2.2e-05
6,                            5,                       1,                       2.2e-05
6,                            5,                       1,                       2.3e-05
6,                            5,                       1,                       2.1e-05
6,                            5,                       1,                       2.2e-05
