COMMENT : The search result by Hill-Climbing for Cauchy_Good Fri Jan 26 15:13:15 2018

tech : Cauchy_Good
algorithm : Hill-Climbing
k : 2
m : 2
w : 2
failed_disk_id : 0
conventional_symbol_number    optimized_symbol_number    reduced_symbol_number    time
4,                            3,                       1,                       1.9e-05
4,                            3,                       1,                       1.9e-05
4,                            3,                       1,                       1.9e-05
4,                            3,                       1,                       2e-05
4,                            3,                       1,                       1.9e-05
4,                            3,                       1,                       3.4e-05
4,                            3,                       1,                       2e-05
4,                            3,                       1,                       1.9e-05
4,                            3,                       1,                       1.9e-05
4,                            3,                       1,                       1.9e-05
4,                            3,                       1,                       1.9e-05
4,                            3,                       1,                       2e-05
4,                            3,                       1,                       2e-05
4,                            3,                       1,                       1.9e-05
4,                            3,                       1,                       1.9e-05
4,                            3,                       1,                       2e-05
4,                            3,                       1,                       4.8e-05
4,                            3,                       1,                       2.2e-05
4,                            3,                       1,                       2e-05
4,                            3,                       1,                       2.2e-05
4,                            3,                       1,                       3.1e-05
4,                            3,                       1,                       1.9e-05
4,                            3,                       1,                       2e-05
4,                            3,                       1,                       2e-05
4,                            3,                       1,                       1.9e-05
4,                            3,                       1,                       1.9e-05
4,                            3,                       1,                       2e-05
4,                            3,                       1,                       1.9e-05
4,                            3,                       1,                       1.9e-05
4,                            3,                       1,                       3.4e-05
4,                            3,                       1,                       3.1e-05
4,                            3,                       1,                       2e-05
4,                            3,                       1,                       1.9e-05
4,                            3,                       1,                       2e-05
4,                            3,                       1,                       1.8e-05
4,                            3,                       1,                       1.9e-05
4,                            3,                       1,                       1.9e-05
4,                            3,                       1,                       1.9e-05
4,                            3,                       1,                       1.9e-05
4,                            3,                       1,                       1.9e-05
4,                            3,                       1,                       1.9e-05
4,                            3,                       1,                       2e-05
4,                            3,                       1,                       1.8e-05
4,                            3,                       1,                       4.6e-05
4,                            3,                       1,                       1.9e-05
4,                            3,                       1,                       2e-05
4,                            3,                       1,                       1.9e-05
4,                            3,                       1,                       1.9e-05
4,                            3,                       1,                       1.9e-05
4,                            3,                       1,                       2e-05
4,                            3,                       1,                       1.9e-05
4,                            3,                       1,                       1.9e-05
4,                            3,                       1,                       2e-05
4,                            3,                       1,                       2e-05
4,                            3,                       1,                       2e-05
4,                            3,                       1,                       2e-05
4,                            3,                       1,                       1.9e-05
4,                            3,                       1,                       3.5e-05
4,                            3,                       1,                       3.4e-05
4,                            3,                       1,                       1.9e-05
4,                            3,                       1,                       1.9e-05
4,                            3,                       1,                       1.9e-05
4,                            3,                       1,                       1.9e-05
4,                            3,                       1,                       2e-05
4,                            3,                       1,                       2e-05
4,                            3,                       1,                       1.9e-05
4,                            3,                       1,                       2e-05
4,                            3,                       1,                       1.9e-05
4,                            3,                       1,                       2e-05
4,                            3,                       1,                       5.9e-05
4,                            3,                       1,                       2e-05
4,                            3,                       1,                       2.2e-05
4,                            3,                       1,                       1.8e-05
4,                            3,                       1,                       1.9e-05
4,                            3,                       1,                       1.9e-05
4,                            3,                       1,                       1.9e-05
4,                            3,                       1,                       1.9e-05
4,                            3,                       1,                       1.9e-05
4,                            3,                       1,                       2e-05
4,                            3,                       1,                       1.9e-05
4,                            3,                       1,                       2e-05
4,                            3,                       1,                       1.9e-05
4,                            3,                       1,                       1.9e-05
4,                            3,                       1,                       3.5e-05
4,                            3,                       1,                       2e-05
4,                            3,                       1,                       2e-05
4,                            3,                       1,                       1.9e-05
4,                            3,                       1,                       4.8e-05
4,                            3,                       1,                       2.1e-05
4,                            3,                       1,                       3.5e-05
4,                            3,                       1,                       1.9e-05
4,                            3,                       1,                       1.9e-05
4,                            3,                       1,                       1.9e-05
4,                            3,                       1,                       1.9e-05
4,                            3,                       1,                       2e-05
4,                            3,                       1,                       1.9e-05
4,                            3,                       1,                       1.9e-05
4,                            3,                       1,                       2e-05
4,                            3,                       1,                       2.1e-05
4,                            3,                       1,                       3e-05
4,                            3,                       1,                       1.9e-05
4,                            3,                       1,                       1.9e-05
4,                            3,                       1,                       1.9e-05
4,                            3,                       1,                       2e-05
4,                            3,                       1,                       1.9e-05
4,                            3,                       1,                       3.4e-05
4,                            3,                       1,                       1.9e-05
4,                            3,                       1,                       4.4e-05
4,                            3,                       1,                       2e-05
4,                            3,                       1,                       1.9e-05
4,                            3,                       1,                       2e-05
4,                            3,                       1,                       1.9e-05
4,                            3,                       1,                       1.8e-05
4,                            3,                       1,                       2e-05
4,                            3,                       1,                       1.9e-05
4,                            3,                       1,                       2e-05
4,                            3,                       1,                       2e-05
4,                            3,                       1,                       3.4e-05
4,                            3,                       1,                       1.9e-05
4,                            3,                       1,                       2e-05
4,                            3,                       1,                       1.9e-05
4,                            3,                       1,                       1.9e-05
4,                            3,                       1,                       2e-05
4,                            3,                       1,                       2.1e-05
4,                            3,                       1,                       1.9e-05
4,                            3,                       1,                       2e-05
4,                            3,                       1,                       2e-05
4,                            3,                       1,                       4.5e-05
4,                            3,                       1,                       2e-05
4,                            3,                       1,                       2e-05
4,                            3,                       1,                       3.3e-05
4,                            3,                       1,                       1.9e-05
4,                            3,                       1,                       1.9e-05
4,                            3,                       1,                       1.9e-05
4,                            3,                       1,                       1.9e-05
4,                            3,                       1,                       1.8e-05
4,                            3,                       1,                       1.9e-05
4,                            3,                       1,                       2e-05
4,                            3,                       1,                       2e-05
4,                            3,                       1,                       1.9e-05
4,                            3,                       1,                       1.9e-05
4,                            3,                       1,                       3.5e-05
4,                            3,                       1,                       1.9e-05
4,                            3,                       1,                       1.9e-05
4,                            3,                       1,                       2e-05
4,                            3,                       1,                       1.8e-05
4,                            3,                       1,                       2e-05
4,                            3,                       1,                       1.9e-05
4,                            3,                       1,                       1.9e-05
4,                            3,                       1,                       2e-05
4,                            3,                       1,                       2e-05
4,                            3,                       1,                       1.9e-05
4,                            3,                       1,                       1.9e-05
4,                            3,                       1,                       2e-05
4,                            3,                       1,                       1.9e-05
4,                            3,                       1,                       3.4e-05
4,                            3,                       1,                       1.9e-05
4,                            3,                       1,                       1.9e-05
4,                            3,                       1,                       2e-05
4,                            3,                       1,                       1.9e-05
4,                            3,                       1,                       1.9e-05
4,                            3,                       1,                       1.9e-05
4,                            3,                       1,                       2e-05
4,                            3,                       1,                       3.3e-05
4,                            3,                       1,                       2e-05
4,                            3,                       1,                       3.5e-05
4,                            3,                       1,                       1.9e-05
4,                            3,                       1,                       1.9e-05
4,                            3,                       1,                       1.9e-05
4,                            3,                       1,                       1.9e-05
4,                            3,                       1,                       2.1e-05
4,                            3,                       1,                       2.1e-05
4,                            3,                       1,                       1.9e-05
4,                            3,                       1,                       2e-05
4,                            3,                       1,                       2e-05
4,                            3,                       1,                       2e-05
4,                            3,                       1,                       1.9e-05
4,                            3,                       1,                       1.9e-05
4,                            3,                       1,                       1.9e-05
4,                            3,                       1,                       2e-05
4,                            3,                       1,                       1.8e-05
4,                            3,                       1,                       1.8e-05
4,                            3,                       1,                       3.3e-05
4,                            3,                       1,                       2e-05
4,                            3,                       1,                       1.9e-05
4,                            3,                       1,                       1.9e-05
4,                            3,                       1,                       2e-05
4,                            3,                       1,                       1.9e-05
4,                            3,                       1,                       2e-05
4,                            3,                       1,                       1.9e-05
4,                            3,                       1,                       1.9e-05
4,                            3,                       1,                       1.9e-05
4,                            3,                       1,                       2e-05
4,                            3,                       1,                       1.9e-05
4,                            3,                       1,                       2.1e-05
4,                            3,                       1,                       2e-05
4,                            3,                       1,                       1.9e-05
4,                            3,                       1,                       1.9e-05
4,                            3,                       1,                       1.9e-05
4,                            3,                       1,                       1.9e-05
4,                            3,                       1,                       2.1e-05
4,                            3,                       1,                       6.7e-05
4,                            3,                       1,                       3.3e-05
4,                            3,                       1,                       1.9e-05
4,                            3,                       1,                       2e-05
4,                            3,                       1,                       2.1e-05
4,                            3,                       1,                       4.9e-05
4,                            3,                       1,                       4.7e-05
4,                            3,                       1,                       1.9e-05
4,                            3,                       1,                       1.9e-05
4,                            3,                       1,                       2e-05
4,                            3,                       1,                       1.9e-05
4,                            3,                       1,                       2e-05
4,                            3,                       1,                       2.3e-05
4,                            3,                       1,                       2e-05
4,                            3,                       1,                       1.9e-05
4,                            3,                       1,                       1.9e-05
4,                            3,                       1,                       2e-05
4,                            3,                       1,                       2e-05
4,                            3,                       1,                       2e-05
4,                            3,                       1,                       2e-05
4,                            3,                       1,                       2e-05
4,                            3,                       1,                       1.9e-05
4,                            3,                       1,                       1.9e-05
4,                            3,                       1,                       2e-05
4,                            3,                       1,                       2e-05
4,                            3,                       1,                       2.1e-05
4,                            3,                       1,                       1.9e-05
4,                            3,                       1,                       1.9e-05
4,                            3,                       1,                       2.2e-05
4,                            3,                       1,                       5.5e-05
4,                            3,                       1,                       1.9e-05
4,                            3,                       1,                       2e-05
4,                            3,                       1,                       3.2e-05
4,                            3,                       1,                       1.9e-05
4,                            3,                       1,                       2e-05
4,                            3,                       1,                       1.9e-05
4,                            3,                       1,                       2e-05
4,                            3,                       1,                       1.9e-05
4,                            3,                       1,                       1.9e-05
4,                            3,                       1,                       3.7e-05
4,                            3,                       1,                       1.9e-05
4,                            3,                       1,                       1.9e-05
4,                            3,                       1,                       2e-05
4,                            3,                       1,                       1.9e-05
4,                            3,                       1,                       3.5e-05
4,                            3,                       1,                       2e-05
4,                            3,                       1,                       2e-05
4,                            3,                       1,                       2e-05
4,                            3,                       1,                       1.9e-05
4,                            3,                       1,                       2e-05
4,                            3,                       1,                       2e-05
4,                            3,                       1,                       3.2e-05
4,                            3,                       1,                       1.9e-05
4,                            3,                       1,                       1.9e-05
4,                            3,                       1,                       1.9e-05
4,                            3,                       1,                       5.7e-05
4,                            3,                       1,                       2e-05
4,                            3,                       1,                       3.5e-05
4,                            3,                       1,                       1.9e-05
4,                            3,                       1,                       2e-05
4,                            3,                       1,                       4.1e-05
4,                            3,                       1,                       1.9e-05
4,                            3,                       1,                       2e-05
4,                            3,                       1,                       1.9e-05
4,                            3,                       1,                       1.9e-05
4,                            3,                       1,                       2e-05
4,                            3,                       1,                       1.9e-05
4,                            3,                       1,                       2e-05
4,                            3,                       1,                       1.9e-05
4,                            3,                       1,                       1.9e-05
4,                            3,                       1,                       2e-05
4,                            3,                       1,                       1.9e-05
4,                            3,                       1,                       2e-05
4,                            3,                       1,                       1.9e-05
4,                            3,                       1,                       1.9e-05
4,                            3,                       1,                       1.9e-05
4,                            3,                       1,                       1.9e-05
4,                            3,                       1,                       4.1e-05
4,                            3,                       1,                       2e-05
4,                            3,                       1,                       2e-05
4,                            3,                       1,                       1.9e-05
4,                            3,                       1,                       1.9e-05
4,                            3,                       1,                       3.2e-05
4,                            3,                       1,                       2e-05
4,                            3,                       1,                       2e-05
4,                            3,                       1,                       1.9e-05
4,                            3,                       1,                       2.1e-05
4,                            3,                       1,                       2e-05
4,                            3,                       1,                       2e-05
4,                            3,                       1,                       2e-05
4,                            3,                       1,                       2e-05
4,                            3,                       1,                       2e-05
4,                            3,                       1,                       1.9e-05
4,                            3,                       1,                       4.9e-05
4,                            3,                       1,                       2e-05
4,                            3,                       1,                       2e-05
4,                            3,                       1,                       1.9e-05
4,                            3,                       1,                       4.7e-05
4,                            3,                       1,                       1.9e-05
