COMMENT : The search result by Hill-Climbing for Liber8tion Wed Jan 24 15:31:52 2018

tech : Liber8tion
algorithm : Hill-Climbing
k : 7
m : 2
w : 8
failed_disk_id : 0
conventional_symbol_number    optimized_symbol_number    reduced_symbol_number    time
56,                            41,                       15,                       0.05
56,                            41,                       15,                       0.04
56,                            41,                       15,                       0.04
56,                            41,                       15,                       0.04
56,                            41,                       15,                       0.04
56,                            41,                       15,                       0.04
56,                            41,                       15,                       0.04
56,                            41,                       15,                       0.04
56,                            41,                       15,                       0.04
56,                            41,                       15,                       0.04
56,                            41,                       15,                       0.05
56,                            41,                       15,                       0.05
56,                            41,                       15,                       0.04
56,                            41,                       15,                       0.05
56,                            41,                       15,                       0.05
56,                            41,                       15,                       0.05
56,                            41,                       15,                       0.04
56,                            41,                       15,                       0.04
56,                            41,                       15,                       0.04
56,                            41,                       15,                       0.04
56,                            41,                       15,                       0.04
56,                            41,                       15,                       0.04
56,                            41,                       15,                       0.04
56,                            41,                       15,                       0.04
56,                            41,                       15,                       0.04
56,                            41,                       15,                       0.04
56,                            41,                       15,                       0.04
56,                            41,                       15,                       0.04
56,                            41,                       15,                       0.04
56,                            41,                       15,                       0.04
56,                            41,                       15,                       0.04
56,                            41,                       15,                       0.04
56,                            41,                       15,                       0.04
56,                            41,                       15,                       0.04
56,                            41,                       15,                       0.04
56,                            41,                       15,                       0.04
56,                            41,                       15,                       0.04
56,                            41,                       15,                       0.04
56,                            41,                       15,                       0.04
56,                            41,                       15,                       0.04
56,                            41,                       15,                       0.04
56,                            41,                       15,                       0.04
56,                            41,                       15,                       0.04
56,                            41,                       15,                       0.04
56,                            41,                       15,                       0.04
56,                            41,                       15,                       0.04
56,                            41,                       15,                       0.04
56,                            41,                       15,                       0.04
56,                            41,                       15,                       0.04
56,                            41,                       15,                       0.04
56,                            41,                       15,                       0.04
56,                            41,                       15,                       0.04
56,                            41,                       15,                       0.04
56,                            41,                       15,                       0.04
56,                            41,                       15,                       0.04
56,                            41,                       15,                       0.04
56,                            41,                       15,                       0.04
56,                            41,                       15,                       0.04
56,                            41,                       15,                       0.04
56,                            41,                       15,                       0.04
56,                            41,                       15,                       0.04
56,                            41,                       15,                       0.04
56,                            41,                       15,                       0.04
56,                            41,                       15,                       0.04
56,                            41,                       15,                       0.04
56,                            41,                       15,                       0.04
56,                            41,                       15,                       0.04
56,                            41,                       15,                       0.04
56,                            41,                       15,                       0.04
56,                            41,                       15,                       0.04
56,                            41,                       15,                       0.04
56,                            41,                       15,                       0.04
56,                            41,                       15,                       0.04
56,                            41,                       15,                       0.04
56,                            41,                       15,                       0.04
56,                            41,                       15,                       0.04
56,                            41,                       15,                       0.04
56,                            41,                       15,                       0.04
56,                            41,                       15,                       0.04
56,                            41,                       15,                       0.04
56,                            41,                       15,                       0.04
56,                            41,                       15,                       0.04
56,                            41,                       15,                       0.04
56,                            41,                       15,                       0.04
56,                            41,                       15,                       0.03
56,                            41,                       15,                       0.03
56,                            41,                       15,                       0.04
56,                            41,                       15,                       0.05
56,                            41,                       15,                       0.04
56,                            41,                       15,                       0.05
56,                            41,                       15,                       0.05
56,                            41,                       15,                       0.04
56,                            41,                       15,                       0.04
56,                            41,                       15,                       0.04
56,                            41,                       15,                       0.04
56,                            41,                       15,                       0.04
56,                            41,                       15,                       0.04
56,                            41,                       15,                       0.04
56,                            41,                       15,                       0.04
56,                            41,                       15,                       0.04
