COMMENT : The search result by Hill-Climbing for Liber8tion Wed Jan 24 15:31:29 2018

tech : Liber8tion
algorithm : Hill-Climbing
k : 2
m : 2
w : 8
failed_disk_id : 0
conventional_symbol_number    optimized_symbol_number    reduced_symbol_number    time
16,                            13,                       3,                       0.05
16,                            13,                       3,                       0.05
16,                            13,                       3,                       0.04
16,                            13,                       3,                       0.04
16,                            13,                       3,                       0.04
16,                            13,                       3,                       0.04
16,                            13,                       3,                       0.04
16,                            13,                       3,                       0.04
16,                            13,                       3,                       0.04
16,                            13,                       3,                       0.04
16,                            13,                       3,                       0.04
16,                            13,                       3,                       0.04
16,                            13,                       3,                       0.04
16,                            13,                       3,                       0.04
16,                            13,                       3,                       0.04
16,                            13,                       3,                       0.04
16,                            13,                       3,                       0.04
16,                            13,                       3,                       0.04
16,                            13,                       3,                       0.04
16,                            13,                       3,                       0.04
16,                            13,                       3,                       0.04
16,                            13,                       3,                       0.05
16,                            13,                       3,                       0.05
16,                            13,                       3,                       0.05
16,                            13,                       3,                       0.04
16,                            13,                       3,                       0.05
16,                            13,                       3,                       0.05
16,                            13,                       3,                       0.04
16,                            13,                       3,                       0.04
16,                            13,                       3,                       0.04
16,                            13,                       3,                       0.04
16,                            13,                       3,                       0.04
16,                            13,                       3,                       0.04
16,                            13,                       3,                       0.04
16,                            13,                       3,                       0.04
16,                            13,                       3,                       0.04
16,                            13,                       3,                       0.04
16,                            13,                       3,                       0.04
16,                            13,                       3,                       0.05
16,                            13,                       3,                       0.04
16,                            13,                       3,                       0.04
16,                            13,                       3,                       0.04
16,                            13,                       3,                       0.04
16,                            13,                       3,                       0.05
16,                            13,                       3,                       0.04
16,                            13,                       3,                       0.04
16,                            13,                       3,                       0.04
16,                            13,                       3,                       0.04
16,                            13,                       3,                       0.04
16,                            13,                       3,                       0.04
16,                            13,                       3,                       0.04
16,                            13,                       3,                       0.04
16,                            13,                       3,                       0.04
16,                            13,                       3,                       0.04
16,                            13,                       3,                       0.04
16,                            13,                       3,                       0.04
16,                            13,                       3,                       0.04
16,                            13,                       3,                       0.04
16,                            13,                       3,                       0.05
16,                            13,                       3,                       0.04
16,                            13,                       3,                       0.04
16,                            13,                       3,                       0.04
16,                            13,                       3,                       0.05
16,                            13,                       3,                       0.04
16,                            13,                       3,                       0.04
16,                            13,                       3,                       0.04
16,                            13,                       3,                       0.04
16,                            13,                       3,                       0.04
16,                            13,                       3,                       0.05
16,                            13,                       3,                       0.04
16,                            13,                       3,                       0.05
16,                            13,                       3,                       0.05
16,                            13,                       3,                       0.04
16,                            13,                       3,                       0.04
16,                            13,                       3,                       0.04
16,                            13,                       3,                       0.04
16,                            13,                       3,                       0.04
16,                            13,                       3,                       0.04
16,                            13,                       3,                       0.04
16,                            13,                       3,                       0.04
16,                            13,                       3,                       0.04
16,                            13,                       3,                       0.05
16,                            13,                       3,                       0.05
16,                            13,                       3,                       0.05
16,                            13,                       3,                       0.05
16,                            13,                       3,                       0.04
16,                            13,                       3,                       0.04
16,                            13,                       3,                       0.04
16,                            13,                       3,                       0.04
16,                            13,                       3,                       0.04
16,                            13,                       3,                       0.04
16,                            13,                       3,                       0.04
16,                            13,                       3,                       0.04
16,                            13,                       3,                       0.04
16,                            13,                       3,                       0.04
16,                            13,                       3,                       0.04
16,                            13,                       3,                       0.04
16,                            13,                       3,                       0.04
16,                            13,                       3,                       0.04
16,                            13,                       3,                       0.04
