COMMENT : The search result by Hill-Climbing for Liber8tion Wed Jan 24 15:31:43 2018

tech : Liber8tion
algorithm : Hill-Climbing
k : 5
m : 2
w : 8
failed_disk_id : 0
conventional_symbol_number    optimized_symbol_number    reduced_symbol_number    time
40,                            27,                       13,                       0.04
40,                            27,                       13,                       0.04
40,                            27,                       13,                       0.04
40,                            27,                       13,                       0.04
40,                            27,                       13,                       0.03
40,                            27,                       13,                       0.04
40,                            27,                       13,                       0.04
40,                            27,                       13,                       0.04
40,                            27,                       13,                       0.04
40,                            27,                       13,                       0.04
40,                            27,                       13,                       0.05
40,                            27,                       13,                       0.05
40,                            27,                       13,                       0.04
40,                            27,                       13,                       0.05
40,                            27,                       13,                       0.05
40,                            27,                       13,                       0.04
40,                            27,                       13,                       0.04
40,                            27,                       13,                       0.04
40,                            27,                       13,                       0.05
40,                            27,                       13,                       0.04
40,                            27,                       13,                       0.05
40,                            27,                       13,                       0.04
40,                            27,                       13,                       0.05
40,                            27,                       13,                       0.04
40,                            27,                       13,                       0.04
40,                            27,                       13,                       0.04
40,                            27,                       13,                       0.05
40,                            27,                       13,                       0.05
40,                            27,                       13,                       0.04
40,                            27,                       13,                       0.04
40,                            27,                       13,                       0.05
40,                            27,                       13,                       0.04
40,                            27,                       13,                       0.04
40,                            27,                       13,                       0.04
40,                            27,                       13,                       0.05
40,                            27,                       13,                       0.04
40,                            27,                       13,                       0.04
40,                            27,                       13,                       0.04
40,                            27,                       13,                       0.04
40,                            27,                       13,                       0.04
40,                            27,                       13,                       0.04
40,                            27,                       13,                       0.04
40,                            27,                       13,                       0.04
40,                            27,                       13,                       0.04
40,                            27,                       13,                       0.04
40,                            27,                       13,                       0.04
40,                            27,                       13,                       0.04
40,                            27,                       13,                       0.04
40,                            27,                       13,                       0.04
40,                            27,                       13,                       0.04
40,                            27,                       13,                       0.04
40,                            27,                       13,                       0.04
40,                            27,                       13,                       0.05
40,                            27,                       13,                       0.04
40,                            27,                       13,                       0.04
40,                            27,                       13,                       0.04
40,                            27,                       13,                       0.04
40,                            27,                       13,                       0.04
40,                            27,                       13,                       0.05
40,                            27,                       13,                       0.04
40,                            27,                       13,                       0.04
40,                            27,                       13,                       0.05
40,                            27,                       13,                       0.04
40,                            27,                       13,                       0.04
40,                            27,                       13,                       0.05
40,                            27,                       13,                       0.05
40,                            27,                       13,                       0.04
40,                            27,                       13,                       0.04
40,                            27,                       13,                       0.05
40,                            27,                       13,                       0.04
40,                            27,                       13,                       0.05
40,                            27,                       13,                       0.04
40,                            27,                       13,                       0.04
40,                            27,                       13,                       0.04
40,                            27,                       13,                       0.04
40,                            27,                       13,                       0.04
40,                            27,                       13,                       0.04
40,                            27,                       13,                       0.04
40,                            27,                       13,                       0.04
40,                            27,                       13,                       0.04
40,                            27,                       13,                       0.05
40,                            27,                       13,                       0.05
40,                            27,                       13,                       0.04
40,                            27,                       13,                       0.04
40,                            27,                       13,                       0.04
40,                            27,                       13,                       0.05
40,                            27,                       13,                       0.04
40,                            27,                       13,                       0.05
40,                            27,                       13,                       0.04
40,                            27,                       13,                       0.05
40,                            27,                       13,                       0.04
40,                            27,                       13,                       0.04
40,                            27,                       13,                       0.05
40,                            27,                       13,                       0.05
40,                            27,                       13,                       0.04
40,                            27,                       13,                       0.05
40,                            27,                       13,                       0.04
40,                            27,                       13,                       0.04
40,                            27,                       13,                       0.04
40,                            27,                       13,                       0.04
