COMMENT : The search result by Hill-Climbing for Liber8tion Fri Jan 26 14:56:00 2018

tech : Liber8tion
algorithm : Hill-Climbing
k : 4
m : 2
w : 8
failed_disk_id : 0
conventional_symbol_number    optimized_symbol_number    reduced_symbol_number    time
32,                            24,                       8,                       0.01574
32,                            24,                       8,                       0.016487
32,                            24,                       8,                       0.016059
32,                            24,                       8,                       0.016215
32,                            24,                       8,                       0.01574
32,                            24,                       8,                       0.016927
32,                            24,                       8,                       0.01614
32,                            24,                       8,                       0.016421
32,                            24,                       8,                       0.015513
32,                            24,                       8,                       0.016793
32,                            24,                       8,                       0.015726
32,                            24,                       8,                       0.016626
32,                            24,                       8,                       0.016328
32,                            24,                       8,                       0.017003
32,                            24,                       8,                       0.016037
32,                            24,                       8,                       0.016484
32,                            24,                       8,                       0.015593
32,                            24,                       8,                       0.016146
32,                            24,                       8,                       0.015771
32,                            24,                       8,                       0.016351
32,                            24,                       8,                       0.015742
32,                            24,                       8,                       0.015849
32,                            24,                       8,                       0.016046
32,                            24,                       8,                       0.016525
32,                            24,                       8,                       0.016449
32,                            24,                       8,                       0.017512
32,                            24,                       8,                       0.016355
32,                            24,                       8,                       0.016011
32,                            24,                       8,                       0.016348
32,                            24,                       8,                       0.01587
32,                            24,                       8,                       0.016591
32,                            24,                       8,                       0.016387
32,                            24,                       8,                       0.015954
32,                            24,                       8,                       0.015856
32,                            24,                       8,                       0.016248
32,                            24,                       8,                       0.015933
32,                            24,                       8,                       0.016202
32,                            24,                       8,                       0.016545
32,                            24,                       8,                       0.015691
32,                            24,                       8,                       0.017433
32,                            24,                       8,                       0.016588
32,                            24,                       8,                       0.016169
32,                            24,                       8,                       0.016952
32,                            24,                       8,                       0.016092
32,                            24,                       8,                       0.016553
32,                            24,                       8,                       0.016588
32,                            24,                       8,                       0.016305
32,                            24,                       8,                       0.01583
32,                            24,                       8,                       0.016588
32,                            24,                       8,                       0.015646
32,                            24,                       8,                       0.016347
32,                            24,                       8,                       0.015214
32,                            24,                       8,                       0.015764
32,                            24,                       8,                       0.015516
32,                            24,                       8,                       0.015775
32,                            24,                       8,                       0.016453
32,                            24,                       8,                       0.015935
32,                            24,                       8,                       0.015489
32,                            24,                       8,                       0.016494
32,                            24,                       8,                       0.017095
32,                            24,                       8,                       0.016472
32,                            24,                       8,                       0.016231
32,                            24,                       8,                       0.016397
32,                            24,                       8,                       0.016342
32,                            24,                       8,                       0.015757
32,                            24,                       8,                       0.016655
32,                            24,                       8,                       0.017555
32,                            24,                       8,                       0.017457
32,                            24,                       8,                       0.016608
32,                            24,                       8,                       0.016806
32,                            24,                       8,                       0.017436
32,                            24,                       8,                       0.017048
32,                            24,                       8,                       0.017042
32,                            24,                       8,                       0.016515
32,                            24,                       8,                       0.016508
32,                            24,                       8,                       0.015732
32,                            24,                       8,                       0.015751
32,                            24,                       8,                       0.015742
32,                            24,                       8,                       0.015599
32,                            24,                       8,                       0.015822
32,                            24,                       8,                       0.016293
32,                            24,                       8,                       0.015533
32,                            24,                       8,                       0.016931
32,                            24,                       8,                       0.015926
32,                            24,                       8,                       0.016428
32,                            24,                       8,                       0.016259
32,                            24,                       8,                       0.017253
32,                            24,                       8,                       0.016042
32,                            24,                       8,                       0.016692
32,                            24,                       8,                       0.016946
32,                            24,                       8,                       0.015726
32,                            24,                       8,                       0.016018
32,                            24,                       8,                       0.015348
32,                            24,                       8,                       0.016483
32,                            24,                       8,                       0.015309
32,                            24,                       8,                       0.016385
32,                            24,                       8,                       0.016002
32,                            24,                       8,                       0.016546
32,                            24,                       8,                       0.015295
32,                            24,                       8,                       0.017091
32,                            24,                       8,                       0.015239
32,                            24,                       8,                       0.016508
32,                            24,                       8,                       0.015429
32,                            24,                       8,                       0.015617
32,                            24,                       8,                       0.016151
32,                            24,                       8,                       0.016604
32,                            24,                       8,                       0.015411
32,                            24,                       8,                       0.016433
32,                            24,                       8,                       0.01534
32,                            24,                       8,                       0.015962
32,                            24,                       8,                       0.01519
32,                            24,                       8,                       0.016252
32,                            24,                       8,                       0.015298
32,                            24,                       8,                       0.016548
32,                            24,                       8,                       0.016809
32,                            24,                       8,                       0.016215
32,                            24,                       8,                       0.015325
32,                            24,                       8,                       0.016574
32,                            24,                       8,                       0.015312
32,                            24,                       8,                       0.01627
32,                            24,                       8,                       0.015313
32,                            24,                       8,                       0.017116
32,                            24,                       8,                       0.015995
32,                            24,                       8,                       0.016921
32,                            24,                       8,                       0.015363
32,                            24,                       8,                       0.017124
32,                            24,                       8,                       0.015253
32,                            24,                       8,                       0.017155
32,                            24,                       8,                       0.015675
32,                            24,                       8,                       0.016434
32,                            24,                       8,                       0.015397
32,                            24,                       8,                       0.016437
32,                            24,                       8,                       0.015282
32,                            24,                       8,                       0.016283
32,                            24,                       8,                       0.015823
32,                            24,                       8,                       0.016373
32,                            24,                       8,                       0.015742
32,                            24,                       8,                       0.016516
32,                            24,                       8,                       0.015309
32,                            24,                       8,                       0.016589
32,                            24,                       8,                       0.015234
32,                            24,                       8,                       0.016373
32,                            24,                       8,                       0.015397
32,                            24,                       8,                       0.01653
32,                            24,                       8,                       0.015408
32,                            24,                       8,                       0.016447
32,                            24,                       8,                       0.01591
32,                            24,                       8,                       0.016377
32,                            24,                       8,                       0.015185
32,                            24,                       8,                       0.016241
32,                            24,                       8,                       0.015173
32,                            24,                       8,                       0.016465
32,                            24,                       8,                       0.015401
32,                            24,                       8,                       0.016254
32,                            24,                       8,                       0.015724
32,                            24,                       8,                       0.016139
32,                            24,                       8,                       0.015525
32,                            24,                       8,                       0.016245
32,                            24,                       8,                       0.015605
32,                            24,                       8,                       0.01703
32,                            24,                       8,                       0.01565
32,                            24,                       8,                       0.015791
32,                            24,                       8,                       0.016066
32,                            24,                       8,                       0.015326
32,                            24,                       8,                       0.015916
32,                            24,                       8,                       0.015267
32,                            24,                       8,                       0.016165
32,                            24,                       8,                       0.015332
32,                            24,                       8,                       0.016086
32,                            24,                       8,                       0.01551
32,                            24,                       8,                       0.015733
32,                            24,                       8,                       0.015392
32,                            24,                       8,                       0.015694
32,                            24,                       8,                       0.015993
32,                            24,                       8,                       0.015692
32,                            24,                       8,                       0.017522
32,                            24,                       8,                       0.016462
32,                            24,                       8,                       0.016629
32,                            24,                       8,                       0.015736
32,                            24,                       8,                       0.017425
32,                            24,                       8,                       0.016789
32,                            24,                       8,                       0.017154
32,                            24,                       8,                       0.015257
32,                            24,                       8,                       0.016191
32,                            24,                       8,                       0.015546
32,                            24,                       8,                       0.015768
32,                            24,                       8,                       0.016149
32,                            24,                       8,                       0.015272
32,                            24,                       8,                       0.015793
32,                            24,                       8,                       0.01583
32,                            24,                       8,                       0.016222
32,                            24,                       8,                       0.015479
32,                            24,                       8,                       0.016074
32,                            24,                       8,                       0.016537
32,                            24,                       8,                       0.015424
32,                            24,                       8,                       0.015951
32,                            24,                       8,                       0.015838
32,                            24,                       8,                       0.01723
32,                            24,                       8,                       0.015693
32,                            24,                       8,                       0.015315
32,                            24,                       8,                       0.016551
32,                            24,                       8,                       0.015416
32,                            24,                       8,                       0.016127
32,                            24,                       8,                       0.015327
32,                            24,                       8,                       0.016386
32,                            24,                       8,                       0.015269
32,                            24,                       8,                       0.016144
32,                            24,                       8,                       0.015786
32,                            24,                       8,                       0.016385
32,                            24,                       8,                       0.015829
32,                            24,                       8,                       0.016664
32,                            24,                       8,                       0.015567
32,                            24,                       8,                       0.01582
32,                            24,                       8,                       0.015382
32,                            24,                       8,                       0.015759
32,                            24,                       8,                       0.016208
32,                            24,                       8,                       0.015461
32,                            24,                       8,                       0.016117
32,                            24,                       8,                       0.015333
32,                            24,                       8,                       0.016064
32,                            24,                       8,                       0.015483
32,                            24,                       8,                       0.016302
32,                            24,                       8,                       0.015367
32,                            24,                       8,                       0.015486
32,                            24,                       8,                       0.01569
32,                            24,                       8,                       0.015859
32,                            24,                       8,                       0.016
32,                            24,                       8,                       0.01574
32,                            24,                       8,                       0.01635
32,                            24,                       8,                       0.016632
32,                            24,                       8,                       0.01595
32,                            24,                       8,                       0.015968
32,                            24,                       8,                       0.01627
32,                            24,                       8,                       0.015708
32,                            24,                       8,                       0.015614
32,                            24,                       8,                       0.015778
32,                            24,                       8,                       0.015775
32,                            24,                       8,                       0.015947
32,                            24,                       8,                       0.0155
32,                            24,                       8,                       0.016715
32,                            24,                       8,                       0.015592
32,                            24,                       8,                       0.015645
32,                            24,                       8,                       0.016292
32,                            24,                       8,                       0.015351
32,                            24,                       8,                       0.016475
32,                            24,                       8,                       0.016253
32,                            24,                       8,                       0.016034
32,                            24,                       8,                       0.015671
32,                            24,                       8,                       0.016154
32,                            24,                       8,                       0.015233
32,                            24,                       8,                       0.01635
32,                            24,                       8,                       0.01525
32,                            24,                       8,                       0.016091
32,                            24,                       8,                       0.01509
32,                            24,                       8,                       0.016563
32,                            24,                       8,                       0.016046
32,                            24,                       8,                       0.015871
32,                            24,                       8,                       0.015487
32,                            24,                       8,                       0.015764
32,                            24,                       8,                       0.016094
32,                            24,                       8,                       0.016001
32,                            24,                       8,                       0.016162
32,                            24,                       8,                       0.015529
32,                            24,                       8,                       0.016324
32,                            24,                       8,                       0.015575
32,                            24,                       8,                       0.016459
32,                            24,                       8,                       0.015341
32,                            24,                       8,                       0.016062
32,                            24,                       8,                       0.015327
32,                            24,                       8,                       0.015841
32,                            24,                       8,                       0.015999
32,                            24,                       8,                       0.01595
32,                            24,                       8,                       0.015977
32,                            24,                       8,                       0.01537
32,                            24,                       8,                       0.016217
32,                            24,                       8,                       0.015038
32,                            24,                       8,                       0.016688
32,                            24,                       8,                       0.01521
32,                            24,                       8,                       0.015987
32,                            24,                       8,                       0.015419
32,                            24,                       8,                       0.016047
32,                            24,                       8,                       0.015306
32,                            24,                       8,                       0.016712
32,                            24,                       8,                       0.015724
32,                            24,                       8,                       0.01588
32,                            24,                       8,                       0.01518
32,                            24,                       8,                       0.016578
32,                            24,                       8,                       0.015158
32,                            24,                       8,                       0.016834
32,                            24,                       8,                       0.015054
32,                            24,                       8,                       0.016282
32,                            24,                       8,                       0.015182
32,                            24,                       8,                       0.015724
32,                            24,                       8,                       0.01558
32,                            24,                       8,                       0.015785
32,                            24,                       8,                       0.01606
32,                            24,                       8,                       0.015563
32,                            24,                       8,                       0.015844
32,                            24,                       8,                       0.015443
32,                            24,                       8,                       0.015929
32,                            24,                       8,                       0.016935
32,                            24,                       8,                       0.017541
32,                            24,                       8,                       0.016663
32,                            24,                       8,                       0.018083
32,                            24,                       8,                       0.016102
32,                            24,                       8,                       0.017089
32,                            24,                       8,                       0.017606
32,                            24,                       8,                       0.016747
32,                            24,                       8,                       0.016595
32,                            24,                       8,                       0.018112
32,                            24,                       8,                       0.016616
32,                            24,                       8,                       0.016612
32,                            24,                       8,                       0.017148
32,                            24,                       8,                       0.016673
32,                            24,                       8,                       0.016946
32,                            24,                       8,                       0.018101
32,                            24,                       8,                       0.016525
32,                            24,                       8,                       0.01644
32,                            24,                       8,                       0.017939
32,                            24,                       8,                       0.018319
32,                            24,                       8,                       0.017012
32,                            24,                       8,                       0.019979
32,                            24,                       8,                       0.016841
32,                            24,                       8,                       0.018998
32,                            24,                       8,                       0.017149
32,                            24,                       8,                       0.017383
32,                            24,                       8,                       0.016999
32,                            24,                       8,                       0.017923
32,                            24,                       8,                       0.018099
32,                            24,                       8,                       0.017189
32,                            24,                       8,                       0.016705
32,                            24,                       8,                       0.01721
32,                            24,                       8,                       0.016431
32,                            24,                       8,                       0.018988
32,                            24,                       8,                       0.016952
32,                            24,                       8,                       0.017715
32,                            24,                       8,                       0.017816
32,                            24,                       8,                       0.018849
32,                            24,                       8,                       0.016986
32,                            24,                       8,                       0.018003
32,                            24,                       8,                       0.016675
32,                            24,                       8,                       0.019276
32,                            24,                       8,                       0.017352
32,                            24,                       8,                       0.02109
32,                            24,                       8,                       0.016934
32,                            24,                       8,                       0.017302
32,                            24,                       8,                       0.016338
32,                            24,                       8,                       0.016776
32,                            24,                       8,                       0.016937
32,                            24,                       8,                       0.016824
32,                            24,                       8,                       0.016791
32,                            24,                       8,                       0.016341
32,                            24,                       8,                       0.015855
32,                            24,                       8,                       0.016842
32,                            24,                       8,                       0.018476
32,                            24,                       8,                       0.017837
32,                            24,                       8,                       0.016145
32,                            24,                       8,                       0.017124
32,                            24,                       8,                       0.016087
32,                            24,                       8,                       0.017009
32,                            24,                       8,                       0.01583
32,                            24,                       8,                       0.016862
32,                            24,                       8,                       0.016952
32,                            24,                       8,                       0.017594
32,                            24,                       8,                       0.016074
32,                            24,                       8,                       0.017169
32,                            24,                       8,                       0.016518
32,                            24,                       8,                       0.01649
32,                            24,                       8,                       0.016789
32,                            24,                       8,                       0.016351
32,                            24,                       8,                       0.016397
32,                            24,                       8,                       0.016959
32,                            24,                       8,                       0.016177
32,                            24,                       8,                       0.017275
32,                            24,                       8,                       0.016792
32,                            24,                       8,                       0.018767
32,                            24,                       8,                       0.017112
32,                            24,                       8,                       0.017567
32,                            24,                       8,                       0.017161
32,                            24,                       8,                       0.017054
32,                            24,                       8,                       0.017214
32,                            24,                       8,                       0.016894
32,                            24,                       8,                       0.016619
32,                            24,                       8,                       0.018207
32,                            24,                       8,                       0.016366
32,                            24,                       8,                       0.017174
32,                            24,                       8,                       0.016822
32,                            24,                       8,                       0.01657
32,                            24,                       8,                       0.016767
32,                            24,                       8,                       0.018487
32,                            24,                       8,                       0.016864
32,                            24,                       8,                       0.01683
32,                            24,                       8,                       0.017345
32,                            24,                       8,                       0.016667
32,                            24,                       8,                       0.016568
32,                            24,                       8,                       0.016751
32,                            24,                       8,                       0.017296
32,                            24,                       8,                       0.017577
32,                            24,                       8,                       0.016763
32,                            24,                       8,                       0.016182
32,                            24,                       8,                       0.018068
32,                            24,                       8,                       0.016339
32,                            24,                       8,                       0.017522
32,                            24,                       8,                       0.016412
32,                            24,                       8,                       0.017038
32,                            24,                       8,                       0.016086
32,                            24,                       8,                       0.017355
32,                            24,                       8,                       0.016761
32,                            24,                       8,                       0.016878
32,                            24,                       8,                       0.016166
32,                            24,                       8,                       0.017159
32,                            24,                       8,                       0.016541
32,                            24,                       8,                       0.016559
32,                            24,                       8,                       0.017466
32,                            24,                       8,                       0.016717
32,                            24,                       8,                       0.016429
32,                            24,                       8,                       0.018285
32,                            24,                       8,                       0.016448
32,                            24,                       8,                       0.01751
32,                            24,                       8,                       0.017855
32,                            24,                       8,                       0.017466
32,                            24,                       8,                       0.016625
32,                            24,                       8,                       0.017339
32,                            24,                       8,                       0.01736
32,                            24,                       8,                       0.017104
32,                            24,                       8,                       0.018623
32,                            24,                       8,                       0.016118
32,                            24,                       8,                       0.016647
32,                            24,                       8,                       0.017811
32,                            24,                       8,                       0.016638
32,                            24,                       8,                       0.01604
32,                            24,                       8,                       0.016537
32,                            24,                       8,                       0.016272
32,                            24,                       8,                       0.016748
32,                            24,                       8,                       0.016408
32,                            24,                       8,                       0.017182
32,                            24,                       8,                       0.016453
32,                            24,                       8,                       0.018083
32,                            24,                       8,                       0.016499
32,                            24,                       8,                       0.017746
32,                            24,                       8,                       0.016734
32,                            24,                       8,                       0.018787
32,                            24,                       8,                       0.017166
32,                            24,                       8,                       0.017987
32,                            24,                       8,                       0.018449
32,                            24,                       8,                       0.019255
32,                            24,                       8,                       0.017703
32,                            24,                       8,                       0.018519
32,                            24,                       8,                       0.016576
32,                            24,                       8,                       0.017592
32,                            24,                       8,                       0.016079
32,                            24,                       8,                       0.017674
32,                            24,                       8,                       0.017626
32,                            24,                       8,                       0.016716
32,                            24,                       8,                       0.017985
32,                            24,                       8,                       0.016436
32,                            24,                       8,                       0.018353
32,                            24,                       8,                       0.017709
32,                            24,                       8,                       0.018386
32,                            24,                       8,                       0.017277
32,                            24,                       8,                       0.017553
32,                            24,                       8,                       0.017073
32,                            24,                       8,                       0.017397
32,                            24,                       8,                       0.017158
32,                            24,                       8,                       0.017296
32,                            24,                       8,                       0.017621
32,                            24,                       8,                       0.018902
32,                            24,                       8,                       0.01772
32,                            24,                       8,                       0.018049
32,                            24,                       8,                       0.017697
32,                            24,                       8,                       0.019247
32,                            24,                       8,                       0.016748
32,                            24,                       8,                       0.017815
32,                            24,                       8,                       0.016428
32,                            24,                       8,                       0.017547
32,                            24,                       8,                       0.018603
32,                            24,                       8,                       0.019323
32,                            24,                       8,                       0.016957
32,                            24,                       8,                       0.017204
32,                            24,                       8,                       0.016852
32,                            24,                       8,                       0.017433
32,                            24,                       8,                       0.016482
32,                            24,                       8,                       0.017988
32,                            24,                       8,                       0.017648
32,                            24,                       8,                       0.017049
32,                            24,                       8,                       0.016223
32,                            24,                       8,                       0.017709
32,                            24,                       8,                       0.01641
32,                            24,                       8,                       0.017163
32,                            24,                       8,                       0.016965
32,                            24,                       8,                       0.017466
32,                            24,                       8,                       0.017017
32,                            24,                       8,                       0.017103
32,                            24,                       8,                       0.017151
32,                            24,                       8,                       0.01728
32,                            24,                       8,                       0.01709
32,                            24,                       8,                       0.017066
32,                            24,                       8,                       0.017147
32,                            24,                       8,                       0.018947
32,                            24,                       8,                       0.016427
32,                            24,                       8,                       0.016847
32,                            24,                       8,                       0.016199
32,                            24,                       8,                       0.016185
32,                            24,                       8,                       0.016097
32,                            24,                       8,                       0.016368
32,                            24,                       8,                       0.016787
32,                            24,                       8,                       0.017768
32,                            24,                       8,                       0.017728
32,                            24,                       8,                       0.016504
32,                            24,                       8,                       0.016826
32,                            24,                       8,                       0.016987
32,                            24,                       8,                       0.016472
32,                            24,                       8,                       0.016258
32,                            24,                       8,                       0.017254
32,                            24,                       8,                       0.016768
32,                            24,                       8,                       0.016053
32,                            24,                       8,                       0.016829
32,                            24,                       8,                       0.01723
32,                            24,                       8,                       0.016468
32,                            24,                       8,                       0.016408
32,                            24,                       8,                       0.017128
32,                            24,                       8,                       0.017477
32,                            24,                       8,                       0.016478
32,                            24,                       8,                       0.018056
32,                            24,                       8,                       0.018591
32,                            24,                       8,                       0.017237
32,                            24,                       8,                       0.017625
32,                            24,                       8,                       0.015986
32,                            24,                       8,                       0.018332
32,                            24,                       8,                       0.016752
32,                            24,                       8,                       0.016458
32,                            24,                       8,                       0.017665
32,                            24,                       8,                       0.01722
32,                            24,                       8,                       0.016184
32,                            24,                       8,                       0.018928
32,                            24,                       8,                       0.016088
32,                            24,                       8,                       0.017263
32,                            24,                       8,                       0.018249
32,                            24,                       8,                       0.016646
32,                            24,                       8,                       0.016767
32,                            24,                       8,                       0.01879
32,                            24,                       8,                       0.016082
32,                            24,                       8,                       0.016834
32,                            24,                       8,                       0.016787
32,                            24,                       8,                       0.016852
32,                            24,                       8,                       0.016699
32,                            24,                       8,                       0.016891
32,                            24,                       8,                       0.015668
32,                            24,                       8,                       0.016781
32,                            24,                       8,                       0.017155
32,                            24,                       8,                       0.01703
32,                            24,                       8,                       0.017045
32,                            24,                       8,                       0.016407
32,                            24,                       8,                       0.016995
32,                            24,                       8,                       0.016324
32,                            24,                       8,                       0.016797
32,                            24,                       8,                       0.016012
32,                            24,                       8,                       0.017276
32,                            24,                       8,                       0.016232
32,                            24,                       8,                       0.017084
32,                            24,                       8,                       0.017146
32,                            24,                       8,                       0.017069
32,                            24,                       8,                       0.016724
32,                            24,                       8,                       0.017563
32,                            24,                       8,                       0.017394
32,                            24,                       8,                       0.016944
32,                            24,                       8,                       0.017174
32,                            24,                       8,                       0.017252
32,                            24,                       8,                       0.016486
32,                            24,                       8,                       0.017466
32,                            24,                       8,                       0.016332
32,                            24,                       8,                       0.016152
32,                            24,                       8,                       0.019407
32,                            24,                       8,                       0.016014
32,                            24,                       8,                       0.016081
32,                            24,                       8,                       0.017305
32,                            24,                       8,                       0.01636
32,                            24,                       8,                       0.016654
32,                            24,                       8,                       0.016651
32,                            24,                       8,                       0.016277
32,                            24,                       8,                       0.017009
32,                            24,                       8,                       0.019182
32,                            24,                       8,                       0.016554
32,                            24,                       8,                       0.016857
32,                            24,                       8,                       0.017211
32,                            24,                       8,                       0.017929
32,                            24,                       8,                       0.016159
32,                            24,                       8,                       0.020683
32,                            24,                       8,                       0.016309
32,                            24,                       8,                       0.017251
32,                            24,                       8,                       0.017276
32,                            24,                       8,                       0.018306
32,                            24,                       8,                       0.017217
32,                            24,                       8,                       0.017597
32,                            24,                       8,                       0.016995
32,                            24,                       8,                       0.017115
32,                            24,                       8,                       0.016241
32,                            24,                       8,                       0.018092
32,                            24,                       8,                       0.01867
32,                            24,                       8,                       0.017314
