COMMENT : The search result by Simulated-Annealing for Blaum_Roth Thu Jan 25 15:26:10 2018

tech : Blaum_Roth
algorithm : Simulated-Annealing
k : 4
m : 2
w : 10
failed_disk_id : 0
conventional_symbol_number    optimized_symbol_number    reduced_symbol_number    time
40,                            29,                       11,                       0.52
40,                            29,                       11,                       0.52
40,                            29,                       11,                       0.52
40,                            29,                       11,                       0.52
40,                            29,                       11,                       0.52
40,                            29,                       11,                       0.52
40,                            30,                       10,                       0.53
40,                            30,                       10,                       0.52
40,                            29,                       11,                       0.51
40,                            29,                       11,                       0.52
40,                            29,                       11,                       0.52
40,                            29,                       11,                       0.52
40,                            29,                       11,                       0.52
40,                            30,                       10,                       0.52
40,                            30,                       10,                       0.52
40,                            30,                       10,                       0.52
40,                            30,                       10,                       0.52
40,                            30,                       10,                       0.52
40,                            30,                       10,                       0.52
40,                            29,                       11,                       0.52
40,                            29,                       11,                       0.52
40,                            29,                       11,                       0.52
40,                            29,                       11,                       0.52
40,                            30,                       10,                       0.52
40,                            30,                       10,                       0.52
40,                            29,                       11,                       0.52
40,                            29,                       11,                       0.52
40,                            30,                       10,                       0.52
40,                            30,                       10,                       0.52
40,                            29,                       11,                       0.52
40,                            30,                       10,                       0.53
40,                            30,                       10,                       0.52
40,                            29,                       11,                       0.53
40,                            29,                       11,                       0.52
40,                            29,                       11,                       0.52
40,                            29,                       11,                       0.52
40,                            29,                       11,                       0.52
40,                            29,                       11,                       0.52
40,                            30,                       10,                       0.52
40,                            30,                       10,                       0.52
40,                            29,                       11,                       0.52
40,                            29,                       11,                       0.52
40,                            29,                       11,                       0.52
40,                            29,                       11,                       0.52
40,                            29,                       11,                       0.52
40,                            29,                       11,                       0.52
40,                            29,                       11,                       0.52
40,                            29,                       11,                       0.52
40,                            29,                       11,                       0.53
40,                            30,                       10,                       0.52
40,                            30,                       10,                       0.52
40,                            30,                       10,                       0.52
40,                            30,                       10,                       0.52
40,                            29,                       11,                       0.52
40,                            29,                       11,                       0.52
40,                            29,                       11,                       0.52
40,                            29,                       11,                       0.52
40,                            29,                       11,                       0.52
40,                            29,                       11,                       0.52
40,                            30,                       10,                       0.52
40,                            30,                       10,                       0.52
40,                            29,                       11,                       0.52
40,                            29,                       11,                       0.52
40,                            29,                       11,                       0.51
40,                            29,                       11,                       0.52
40,                            29,                       11,                       0.52
40,                            29,                       11,                       0.52
40,                            29,                       11,                       0.52
40,                            29,                       11,                       0.52
40,                            29,                       11,                       0.54
40,                            29,                       11,                       0.52
40,                            29,                       11,                       0.52
40,                            29,                       11,                       0.52
40,                            29,                       11,                       0.53
40,                            30,                       10,                       0.52
40,                            30,                       10,                       0.53
40,                            29,                       11,                       0.52
40,                            29,                       11,                       0.52
40,                            29,                       11,                       0.52
40,                            29,                       11,                       0.52
40,                            29,                       11,                       0.52
40,                            29,                       11,                       0.52
40,                            29,                       11,                       0.52
40,                            29,                       11,                       0.53
40,                            29,                       11,                       0.52
40,                            29,                       11,                       0.52
40,                            29,                       11,                       0.52
40,                            29,                       11,                       0.52
40,                            29,                       11,                       0.52
40,                            29,                       11,                       0.52
40,                            29,                       11,                       0.52
40,                            29,                       11,                       0.52
40,                            29,                       11,                       0.52
40,                            29,                       11,                       0.52
40,                            29,                       11,                       0.52
40,                            29,                       11,                       0.52
40,                            29,                       11,                       0.52
40,                            29,                       11,                       0.52
40,                            29,                       11,                       0.52
40,                            30,                       10,                       0.52
