COMMENT : The search result by Simulated-Annealing for Blaum_Roth Thu Jan 25 07:44:57 2018

tech : Blaum_Roth
algorithm : Simulated-Annealing
k : 10
m : 2
w : 12
failed_disk_id : 0
conventional_symbol_number    optimized_symbol_number    reduced_symbol_number    time
120,                            85,                       35,                       137.07
120,                            85,                       35,                       87.24
120,                            85,                       35,                       137.11
120,                            85,                       35,                       93.53
120,                            85,                       35,                       72.33
120,                            85,                       35,                       66.37
120,                            85,                       35,                       68.53
120,                            85,                       35,                       137.1
120,                            87,                       33,                       138.62
120,                            85,                       35,                       93.49
120,                            87,                       33,                       66.32
120,                            85,                       35,                       81.04
120,                            85,                       35,                       78.36
120,                            85,                       35,                       87.24
120,                            85,                       35,                       87.22
120,                            85,                       35,                       68.52
120,                            87,                       33,                       90.36
120,                            85,                       35,                       66.27
120,                            85,                       35,                       68.59
120,                            87,                       33,                       84.25
120,                            85,                       35,                       124.68
120,                            85,                       35,                       105.9
120,                            85,                       35,                       93.46
120,                            85,                       35,                       211.86
120,                            85,                       35,                       68.54
120,                            85,                       35,                       236.82
120,                            85,                       35,                       74.76
120,                            85,                       35,                       130.87
120,                            87,                       33,                       120.42
120,                            85,                       35,                       118.35
120,                            85,                       35,                       112.2
120,                            85,                       35,                       112.17
120,                            87,                       33,                       72.29
120,                            85,                       35,                       87.23
120,                            85,                       35,                       114.63
120,                            85,                       35,                       105.96
120,                            85,                       35,                       193.28
120,                            85,                       35,                       105.99
120,                            85,                       35,                       130.86
120,                            85,                       35,                       174.51
120,                            85,                       35,                       149.63
120,                            87,                       33,                       72.31
120,                            85,                       35,                       81.05
120,                            85,                       35,                       161.94
120,                            85,                       35,                       105.91
120,                            87,                       33,                       150.58
120,                            87,                       33,                       66.23
120,                            85,                       35,                       68.74
120,                            85,                       35,                       149.66
120,                            87,                       33,                       72.3
120,                            85,                       35,                       114.48
120,                            87,                       33,                       90.41
120,                            85,                       35,                       66.35
120,                            85,                       35,                       68.56
120,                            87,                       33,                       72.24
120,                            85,                       35,                       99.76
120,                            85,                       35,                       68.58
120,                            85,                       35,                       72.33
120,                            85,                       35,                       74.73
120,                            85,                       35,                       112.18
120,                            85,                       35,                       143.41
120,                            85,                       35,                       99.71
120,                            87,                       33,                       78.38
120,                            85,                       35,                       80.99
120,                            85,                       35,                       155.72
120,                            87,                       33,                       109.11
120,                            85,                       35,                       66.3
120,                            85,                       35,                       130.92
120,                            85,                       35,                       93.49
120,                            87,                       33,                       150.46
120,                            85,                       35,                       112.17
120,                            85,                       35,                       100.31
120,                            87,                       33,                       66.26
120,                            85,                       35,                       176.35
120,                            85,                       35,                       118.38
120,                            87,                       33,                       72.28
120,                            85,                       35,                       68.54
120,                            85,                       35,                       105.96
120,                            85,                       35,                       124.7
120,                            85,                       35,                       143.39
120,                            85,                       35,                       118.4
120,                            85,                       35,                       68.57
120,                            85,                       35,                       199.54
120,                            85,                       35,                       118.42
120,                            85,                       35,                       78.66
120,                            85,                       35,                       137.31
120,                            87,                       33,                       114.49
120,                            85,                       35,                       112.25
120,                            87,                       33,                       72.31
120,                            85,                       35,                       74.79
