COMMENT : The search result by Simulated-Annealing for Blaum_Roth Thu Jan 25 00:31:45 2018

tech : Blaum_Roth
algorithm : Simulated-Annealing
k : 5
m : 2
w : 12
failed_disk_id : 0
conventional_symbol_number    optimized_symbol_number    reduced_symbol_number    time
60,                            43,                       17,                       57.4
60,                            43,                       17,                       33.24
60,                            43,                       17,                       27.19
60,                            43,                       17,                       21.17
60,                            44,                       16,                       18.55
60,                            43,                       17,                       39.3
60,                            43,                       17,                       39.3
60,                            43,                       17,                       69.49
60,                            43,                       17,                       33.24
60,                            43,                       17,                       21.16
60,                            43,                       17,                       24.18
60,                            43,                       17,                       69.54
60,                            43,                       17,                       18.15
60,                            44,                       16,                       21.64
60,                            43,                       17,                       33.25
60,                            43,                       17,                       18.15
60,                            43,                       17,                       27.86
60,                            43,                       17,                       18.17
60,                            43,                       17,                       24.21
60,                            43,                       17,                       21.16
60,                            43,                       17,                       36.28
60,                            43,                       17,                       36.31
60,                            43,                       17,                       21.29
60,                            43,                       17,                       30.23
60,                            43,                       17,                       45.36
60,                            44,                       16,                       37.12
60,                            43,                       17,                       42.31
60,                            43,                       17,                       24.25
60,                            44,                       16,                       21.67
60,                            43,                       17,                       39.29
60,                            43,                       17,                       30.23
60,                            43,                       17,                       36.28
60,                            44,                       16,                       28.03
60,                            43,                       17,                       24.2
60,                            43,                       17,                       21.17
60,                            43,                       17,                       36.27
60,                            43,                       17,                       18.15
60,                            44,                       16,                       34.03
60,                            43,                       17,                       60.45
60,                            43,                       17,                       24.2
60,                            43,                       17,                       18.16
60,                            43,                       17,                       21.17
60,                            43,                       17,                       24.2
60,                            43,                       17,                       27.2
60,                            43,                       17,                       30.25
60,                            44,                       16,                       18.56
60,                            44,                       16,                       18.57
60,                            43,                       17,                       45.33
60,                            43,                       17,                       24.2
60,                            43,                       17,                       39.51
60,                            44,                       16,                       37.18
60,                            43,                       17,                       30.29
60,                            43,                       17,                       30.25
60,                            43,                       17,                       21.18
60,                            43,                       17,                       27.23
60,                            43,                       17,                       18.16
60,                            43,                       17,                       18.26
60,                            44,                       16,                       27.86
60,                            43,                       17,                       48.38
60,                            43,                       17,                       36.27
60,                            43,                       17,                       18.15
60,                            43,                       17,                       39.29
60,                            43,                       17,                       36.27
60,                            44,                       16,                       21.66
60,                            43,                       17,                       39.41
60,                            43,                       17,                       33.28
60,                            43,                       17,                       30.24
60,                            43,                       17,                       33.27
60,                            43,                       17,                       42.33
60,                            43,                       17,                       24.2
60,                            43,                       17,                       42.3
60,                            43,                       17,                       24.18
60,                            44,                       16,                       58.88
60,                            44,                       16,                       18.58
60,                            43,                       17,                       48.37
60,                            43,                       17,                       48.35
60,                            43,                       17,                       39.3
60,                            43,                       17,                       30.24
60,                            43,                       17,                       21.68
60,                            43,                       17,                       27.2
60,                            43,                       17,                       36.28
60,                            43,                       17,                       24.19
60,                            43,                       17,                       30.22
60,                            43,                       17,                       27.23
60,                            43,                       17,                       24.19
60,                            43,                       17,                       39.3
60,                            44,                       16,                       21.67
60,                            43,                       17,                       18.15
60,                            43,                       17,                       51.39
60,                            44,                       16,                       18.57
60,                            43,                       17,                       42.31
60,                            43,                       17,                       21.65
60,                            43,                       17,                       33.24
60,                            43,                       17,                       33.3
60,                            44,                       16,                       40.24
60,                            43,                       17,                       27.22
60,                            43,                       17,                       21.17
60,                            43,                       17,                       36.28
60,                            43,                       17,                       36.26
60,                            43,                       17,                       18.16
