COMMENT : The search result by Simulated-Annealing for Blaum_Roth Thu Jan 25 15:24:58 2018

tech : Blaum_Roth
algorithm : Simulated-Annealing
k : 4
m : 2
w : 6
failed_disk_id : 0
conventional_symbol_number    optimized_symbol_number    reduced_symbol_number    time
24,                            18,                       6,                       0.01
24,                            18,                       6,                       0.01
24,                            18,                       6,                       0.01
24,                            18,                       6,                       0.01
24,                            18,                       6,                       0.01
24,                            18,                       6,                       0.01
24,                            18,                       6,                       0.01
24,                            18,                       6,                       0.01
24,                            18,                       6,                       0.01
24,                            18,                       6,                       0.01
24,                            18,                       6,                       0.01
24,                            18,                       6,                       0.01
24,                            18,                       6,                       0.01
24,                            18,                       6,                       0.01
24,                            18,                       6,                       0.01
24,                            18,                       6,                       0.01
24,                            18,                       6,                       0.01
24,                            18,                       6,                       0.01
24,                            18,                       6,                       0.01
24,                            18,                       6,                       0.01
24,                            18,                       6,                       0.01
24,                            18,                       6,                       0.01
24,                            18,                       6,                       0.01
24,                            18,                       6,                       0.01
24,                            18,                       6,                       0.01
24,                            18,                       6,                       0.01
24,                            18,                       6,                       0.01
24,                            18,                       6,                       0.01
24,                            18,                       6,                       0.01
24,                            18,                       6,                       0.01
24,                            18,                       6,                       0.01
24,                            18,                       6,                       0.01
24,                            18,                       6,                       0.01
24,                            18,                       6,                       0.01
24,                            18,                       6,                       0.01
24,                            18,                       6,                       0.01
24,                            18,                       6,                       0.01
24,                            18,                       6,                       0.01
24,                            18,                       6,                       0.01
24,                            18,                       6,                       0.01
24,                            18,                       6,                       0.01
24,                            18,                       6,                       0.01
24,                            18,                       6,                       0.01
24,                            18,                       6,                       0.01
24,                            18,                       6,                       0.01
24,                            18,                       6,                       0.01
24,                            18,                       6,                       0.01
24,                            18,                       6,                       0.01
24,                            18,                       6,                       0.01
24,                            18,                       6,                       0.01
24,                            18,                       6,                       0.01
24,                            18,                       6,                       0.01
24,                            18,                       6,                       0.01
24,                            18,                       6,                       0.01
24,                            18,                       6,                       0.01
24,                            18,                       6,                       0.01
24,                            18,                       6,                       0.01
24,                            18,                       6,                       0.01
24,                            18,                       6,                       0.01
24,                            18,                       6,                       0.01
24,                            18,                       6,                       0.01
24,                            18,                       6,                       0.01
24,                            18,                       6,                       0.01
24,                            18,                       6,                       0.01
24,                            18,                       6,                       0.01
24,                            18,                       6,                       0.01
24,                            18,                       6,                       0.01
24,                            18,                       6,                       0.01
24,                            18,                       6,                       0.01
24,                            18,                       6,                       0.01
24,                            18,                       6,                       0.01
24,                            18,                       6,                       0.01
24,                            18,                       6,                       0.01
24,                            18,                       6,                       0.01
24,                            18,                       6,                       0.01
24,                            18,                       6,                       0.01
24,                            18,                       6,                       0.01
24,                            18,                       6,                       0.01
24,                            18,                       6,                       0.01
24,                            18,                       6,                       0.01
24,                            18,                       6,                       0.01
24,                            18,                       6,                       0.01
24,                            18,                       6,                       0.01
24,                            18,                       6,                       0.01
24,                            18,                       6,                       0.01
24,                            18,                       6,                       0.01
24,                            18,                       6,                       0.01
24,                            18,                       6,                       0.01
24,                            18,                       6,                       0.01
24,                            18,                       6,                       0.01
24,                            18,                       6,                       0.01
24,                            18,                       6,                       0.01
24,                            18,                       6,                       0.01
24,                            18,                       6,                       0.01
24,                            18,                       6,                       0.01
24,                            18,                       6,                       0.01
24,                            18,                       6,                       0.01
24,                            18,                       6,                       0.01
24,                            18,                       6,                       0.01
24,                            18,                       6,                       0.01
