COMMENT : The search result by Simulated-Annealing for Blaum_Roth Thu Jan 25 16:15:35 2018

tech : Blaum_Roth
algorithm : Simulated-Annealing
k : 8
m : 2
w : 12
failed_disk_id : 0
conventional_symbol_number    optimized_symbol_number    reduced_symbol_number    time
96,                            69,                       27,                       7.48
96,                            69,                       27,                       7.49
96,                            69,                       27,                       7.49
96,                            69,                       27,                       7.48
96,                            69,                       27,                       7.48
96,                            69,                       27,                       7.49
96,                            69,                       27,                       7.48
96,                            69,                       27,                       7.49
96,                            69,                       27,                       7.48
96,                            71,                       25,                       7.51
96,                            71,                       25,                       7.38
96,                            69,                       27,                       7.37
96,                            69,                       27,                       7.48
96,                            69,                       27,                       7.51
96,                            69,                       27,                       7.49
96,                            69,                       27,                       7.52
96,                            71,                       25,                       7.49
96,                            69,                       27,                       7.48
96,                            71,                       25,                       7.37
96,                            71,                       25,                       7.48
96,                            69,                       27,                       7.48
96,                            69,                       27,                       7.49
96,                            69,                       27,                       7.48
96,                            71,                       25,                       7.47
96,                            69,                       27,                       7.48
96,                            69,                       27,                       7.48
96,                            69,                       27,                       7.49
96,                            69,                       27,                       7.47
96,                            71,                       25,                       7.31
96,                            69,                       27,                       7.5
96,                            69,                       27,                       7.49
96,                            69,                       27,                       7.47
96,                            69,                       27,                       7.48
96,                            69,                       27,                       7.5
96,                            69,                       27,                       7.48
96,                            69,                       27,                       7.52
96,                            69,                       27,                       7.47
96,                            69,                       27,                       7.48
96,                            69,                       27,                       7.59
96,                            69,                       27,                       7.48
96,                            69,                       27,                       7.47
96,                            71,                       25,                       7.37
96,                            69,                       27,                       7.48
96,                            69,                       27,                       7.49
96,                            69,                       27,                       7.48
96,                            69,                       27,                       7.49
96,                            69,                       27,                       7.48
96,                            69,                       27,                       7.48
96,                            69,                       27,                       7.48
96,                            69,                       27,                       7.48
96,                            69,                       27,                       7.48
96,                            69,                       27,                       7.49
96,                            69,                       27,                       7.48
96,                            69,                       27,                       7.47
96,                            69,                       27,                       7.41
96,                            69,                       27,                       7.49
96,                            69,                       27,                       7.49
96,                            69,                       27,                       7.48
96,                            69,                       27,                       7.46
96,                            69,                       27,                       7.49
96,                            69,                       27,                       7.49
96,                            69,                       27,                       7.49
96,                            69,                       27,                       7.48
96,                            69,                       27,                       7.49
96,                            69,                       27,                       7.48
96,                            69,                       27,                       7.49
96,                            69,                       27,                       7.48
96,                            69,                       27,                       7.48
96,                            69,                       27,                       7.5
96,                            69,                       27,                       7.48
96,                            69,                       27,                       7.48
96,                            69,                       27,                       7.48
96,                            69,                       27,                       7.49
96,                            69,                       27,                       7.48
96,                            69,                       27,                       7.5
96,                            69,                       27,                       3.71
96,                            69,                       27,                       7.48
96,                            69,                       27,                       7.48
96,                            69,                       27,                       7.49
96,                            69,                       27,                       7.49
96,                            69,                       27,                       7.48
96,                            69,                       27,                       7.48
96,                            69,                       27,                       7.47
96,                            71,                       25,                       7.5
96,                            69,                       27,                       7.49
96,                            69,                       27,                       7.49
96,                            69,                       27,                       7.48
96,                            69,                       27,                       7.47
96,                            71,                       25,                       7.48
96,                            69,                       27,                       7.48
96,                            69,                       27,                       7.48
96,                            69,                       27,                       7.54
96,                            69,                       27,                       7.48
96,                            69,                       27,                       7.48
96,                            69,                       27,                       7.5
96,                            69,                       27,                       7.48
96,                            71,                       25,                       7.36
96,                            69,                       27,                       7.47
96,                            69,                       27,                       7.48
96,                            69,                       27,                       7.48
