COMMENT : The search result by Simulated-Annealing for Blaum_Roth Thu Jan 25 02:23:55 2018

tech : Blaum_Roth
algorithm : Simulated-Annealing
k : 7
m : 2
w : 12
failed_disk_id : 0
conventional_symbol_number    optimized_symbol_number    reduced_symbol_number    time
84,                            63,                       21,                       34.44
84,                            63,                       21,                       47.75
84,                            63,                       21,                       38.66
84,                            63,                       21,                       38.76
84,                            63,                       21,                       33.81
84,                            63,                       21,                       82.41
84,                            63,                       21,                       33.98
84,                            63,                       21,                       59.44
84,                            63,                       21,                       33.85
84,                            63,                       21,                       68.57
84,                            63,                       21,                       38.83
84,                            63,                       21,                       52.19
84,                            63,                       21,                       39.13
84,                            63,                       21,                       47.24
84,                            63,                       21,                       34.11
84,                            63,                       21,                       51.56
84,                            63,                       21,                       39.16
84,                            63,                       21,                       46.58
84,                            63,                       21,                       34.43
84,                            63,                       21,                       34.63
84,                            63,                       21,                       43.34
84,                            63,                       21,                       51.73
84,                            63,                       21,                       43.03
84,                            63,                       21,                       43.29
84,                            63,                       21,                       89.61
84,                            63,                       21,                       55.27
84,                            63,                       21,                       80.91
84,                            63,                       21,                       47.63
84,                            63,                       21,                       34.32
84,                            63,                       21,                       34.01
84,                            63,                       21,                       43.14
84,                            63,                       21,                       69.65
84,                            63,                       21,                       33.79
84,                            63,                       21,                       34.45
84,                            63,                       21,                       33.77
84,                            63,                       21,                       90.53
84,                            63,                       21,                       34.37
84,                            63,                       21,                       91.06
84,                            63,                       21,                       47.73
84,                            63,                       21,                       55.97
84,                            63,                       21,                       43.08
84,                            63,                       21,                       39.19
84,                            63,                       21,                       51.71
84,                            63,                       21,                       47.87
84,                            63,                       21,                       34.09
84,                            63,                       21,                       51.77
84,                            63,                       21,                       34.55
84,                            63,                       21,                       43.42
84,                            63,                       21,                       42.89
84,                            63,                       21,                       43.32
84,                            63,                       21,                       52.21
84,                            63,                       21,                       34.81
84,                            63,                       21,                       34.44
84,                            63,                       21,                       42.31
84,                            63,                       21,                       34.19
84,                            63,                       21,                       38.48
84,                            63,                       21,                       34.64
84,                            63,                       21,                       51.68
84,                            63,                       21,                       34.73
84,                            63,                       21,                       73.24
84,                            63,                       21,                       38.71
84,                            63,                       21,                       34
84,                            63,                       21,                       37.96
84,                            63,                       21,                       34.47
84,                            63,                       21,                       51.51
84,                            63,                       21,                       34.43
84,                            63,                       21,                       43.2
84,                            63,                       21,                       38.43
84,                            63,                       21,                       50.82
84,                            63,                       21,                       64.64
84,                            63,                       21,                       34.48
84,                            63,                       21,                       34.75
84,                            63,                       21,                       38.8
84,                            63,                       21,                       34
84,                            63,                       21,                       34.48
84,                            63,                       21,                       38.93
84,                            63,                       21,                       52.13
84,                            63,                       21,                       34.74
84,                            63,                       21,                       65.29
84,                            63,                       21,                       65.13
84,                            63,                       21,                       38.65
84,                            63,                       21,                       34.26
84,                            63,                       21,                       47.44
84,                            63,                       21,                       34.71
84,                            63,                       21,                       38.48
84,                            63,                       21,                       34.48
84,                            63,                       21,                       81.23
84,                            63,                       21,                       42.81
84,                            63,                       21,                       39.09
84,                            63,                       21,                       38.7
84,                            63,                       21,                       34.37
84,                            63,                       21,                       34.71
84,                            63,                       21,                       87.25
84,                            63,                       21,                       43.02
84,                            63,                       21,                       69
84,                            63,                       21,                       56.17
84,                            63,                       21,                       34.01
84,                            63,                       21,                       73.35
84,                            63,                       21,                       51.51
84,                            63,                       21,                       34.18
