COMMENT : The search result by Simulated-Annealing for Blaum_Roth Wed Jan 24 22:31:27 2018

tech : Blaum_Roth
algorithm : Simulated-Annealing
k : 3
m : 2
w : 10
failed_disk_id : 0
conventional_symbol_number    optimized_symbol_number    reduced_symbol_number    time
30,                            23,                       7,                       0.78
30,                            23,                       7,                       0.51
30,                            23,                       7,                       0.5
30,                            23,                       7,                       0.51
30,                            23,                       7,                       0.52
30,                            23,                       7,                       0.76
30,                            23,                       7,                       0.77
30,                            23,                       7,                       0.77
30,                            23,                       7,                       0.78
30,                            23,                       7,                       0.78
30,                            23,                       7,                       0.5
30,                            23,                       7,                       0.5
30,                            23,                       7,                       0.77
30,                            23,                       7,                       0.52
30,                            23,                       7,                       0.5
30,                            23,                       7,                       0.51
30,                            23,                       7,                       0.77
30,                            23,                       7,                       0.52
30,                            23,                       7,                       0.51
30,                            23,                       7,                       0.51
30,                            23,                       7,                       0.5
30,                            23,                       7,                       0.52
30,                            23,                       7,                       0.51
30,                            23,                       7,                       0.52
30,                            23,                       7,                       0.78
30,                            23,                       7,                       0.77
30,                            23,                       7,                       0.78
30,                            23,                       7,                       0.76
30,                            23,                       7,                       0.51
30,                            23,                       7,                       0.51
30,                            23,                       7,                       0.52
30,                            23,                       7,                       0.51
30,                            23,                       7,                       0.51
30,                            23,                       7,                       0.51
30,                            23,                       7,                       0.5
30,                            23,                       7,                       0.5
30,                            23,                       7,                       0.77
30,                            23,                       7,                       0.76
30,                            23,                       7,                       0.5
30,                            23,                       7,                       0.5
30,                            23,                       7,                       0.5
30,                            23,                       7,                       0.5
30,                            23,                       7,                       0.76
30,                            23,                       7,                       0.78
30,                            23,                       7,                       0.51
30,                            23,                       7,                       0.52
30,                            23,                       7,                       0.51
30,                            23,                       7,                       0.5
30,                            23,                       7,                       0.5
30,                            23,                       7,                       0.77
30,                            23,                       7,                       0.52
30,                            23,                       7,                       0.5
30,                            23,                       7,                       0.51
30,                            23,                       7,                       0.78
30,                            23,                       7,                       0.51
30,                            23,                       7,                       0.5
30,                            23,                       7,                       0.5
30,                            23,                       7,                       0.51
30,                            23,                       7,                       0.5
30,                            23,                       7,                       0.52
30,                            23,                       7,                       0.51
30,                            23,                       7,                       0.5
30,                            23,                       7,                       0.5
30,                            23,                       7,                       0.52
30,                            23,                       7,                       0.76
30,                            23,                       7,                       0.5
30,                            23,                       7,                       0.51
30,                            23,                       7,                       0.78
30,                            23,                       7,                       0.52
30,                            23,                       7,                       0.52
30,                            23,                       7,                       0.52
30,                            23,                       7,                       0.52
30,                            23,                       7,                       0.51
30,                            23,                       7,                       0.52
30,                            23,                       7,                       0.77
30,                            23,                       7,                       0.78
30,                            23,                       7,                       0.76
30,                            23,                       7,                       0.51
30,                            23,                       7,                       0.5
30,                            23,                       7,                       0.51
30,                            23,                       7,                       0.5
30,                            23,                       7,                       0.51
30,                            23,                       7,                       0.52
30,                            23,                       7,                       0.52
30,                            23,                       7,                       0.5
30,                            23,                       7,                       0.5
30,                            23,                       7,                       0.52
30,                            23,                       7,                       0.5
30,                            23,                       7,                       0.5
30,                            23,                       7,                       0.51
30,                            23,                       7,                       0.51
30,                            23,                       7,                       0.51
30,                            23,                       7,                       0.52
30,                            23,                       7,                       0.51
30,                            23,                       7,                       0.5
30,                            23,                       7,                       0.5
30,                            23,                       7,                       0.5
30,                            23,                       7,                       0.5
30,                            23,                       7,                       0.5
30,                            23,                       7,                       0.5
