COMMENT : The search result by Simulated-Annealing for Blaum_Roth Thu Jan 25 01:22:56 2018

tech : Blaum_Roth
algorithm : Simulated-Annealing
k : 6
m : 2
w : 12
failed_disk_id : 0
conventional_symbol_number    optimized_symbol_number    reduced_symbol_number    time
72,                            52,                       20,                       3.69
72,                            54,                       18,                       3.7
72,                            53,                       19,                       7.47
72,                            52,                       20,                       25.45
72,                            52,                       20,                       47.22
72,                            52,                       20,                       29.05
72,                            52,                       20,                       36.32
72,                            52,                       20,                       29.14
72,                            52,                       20,                       39.96
72,                            52,                       20,                       47.24
72,                            52,                       20,                       65.37
72,                            52,                       20,                       58.22
72,                            52,                       20,                       83.56
72,                            52,                       20,                       36.55
72,                            52,                       20,                       47.25
72,                            52,                       20,                       50.85
72,                            52,                       20,                       32.72
72,                            52,                       20,                       72.62
72,                            52,                       20,                       25.45
72,                            53,                       19,                       3.7
72,                            52,                       20,                       54.51
72,                            52,                       20,                       36.35
72,                            52,                       20,                       7.42
72,                            52,                       20,                       25.43
72,                            53,                       19,                       3.74
72,                            52,                       20,                       36.33
72,                            52,                       20,                       50.86
72,                            52,                       20,                       47.23
72,                            52,                       20,                       58.17
72,                            52,                       20,                       39.98
72,                            52,                       20,                       47.36
72,                            52,                       20,                       58.16
72,                            52,                       20,                       29.08
72,                            53,                       19,                       3.7
72,                            53,                       19,                       7.42
72,                            52,                       20,                       54.85
72,                            52,                       20,                       29.09
72,                            52,                       20,                       29.1
72,                            52,                       20,                       61.78
72,                            52,                       20,                       32.71
72,                            52,                       20,                       3.71
72,                            52,                       20,                       61.77
72,                            52,                       20,                       47.21
72,                            52,                       20,                       25.44
72,                            52,                       20,                       54.5
72,                            52,                       20,                       29.39
72,                            52,                       20,                       47.33
72,                            52,                       20,                       25.45
72,                            52,                       20,                       29.07
72,                            52,                       20,                       72.65
72,                            52,                       20,                       72.65
72,                            52,                       20,                       54.49
72,                            54,                       18,                       3.7
72,                            52,                       20,                       50.89
72,                            52,                       20,                       69.04
72,                            53,                       19,                       3.71
72,                            53,                       19,                       3.71
72,                            52,                       20,                       7.42
72,                            53,                       19,                       7.41
72,                            52,                       20,                       36.47
72,                            52,                       20,                       25.62
72,                            52,                       20,                       47.25
72,                            52,                       20,                       50.87
72,                            53,                       19,                       3.71
72,                            53,                       19,                       7.41
72,                            52,                       20,                       47.55
72,                            52,                       20,                       47.39
72,                            52,                       20,                       29.07
72,                            52,                       20,                       25.45
72,                            52,                       20,                       25.59
72,                            52,                       20,                       50.84
72,                            52,                       20,                       36.39
72,                            52,                       20,                       29.09
72,                            52,                       20,                       54.49
72,                            53,                       19,                       7.41
72,                            52,                       20,                       61.82
72,                            52,                       20,                       43.59
72,                            54,                       18,                       3.7
72,                            52,                       20,                       43.62
72,                            54,                       18,                       3.7
72,                            52,                       20,                       7.41
72,                            52,                       20,                       50.86
72,                            53,                       19,                       7.41
72,                            52,                       20,                       76.32
72,                            52,                       20,                       25.57
72,                            52,                       20,                       54.47
72,                            52,                       20,                       58.16
72,                            52,                       20,                       32.72
72,                            52,                       20,                       3.71
72,                            52,                       20,                       69.03
72,                            53,                       19,                       7.41
72,                            52,                       20,                       50.86
72,                            52,                       20,                       54.5
72,                            52,                       20,                       43.57
72,                            52,                       20,                       39.95
72,                            53,                       19,                       7.42
72,                            52,                       20,                       58.1
72,                            52,                       20,                       29.12
72,                            52,                       20,                       90.77
72,                            52,                       20,                       50.86
