COMMENT : The search result by Simulated-Annealing for Blaum_Roth Thu Jan 25 00:06:18 2018

tech : Blaum_Roth
algorithm : Simulated-Annealing
k : 3
m : 2
w : 12
failed_disk_id : 0
conventional_symbol_number    optimized_symbol_number    reduced_symbol_number    time
36,                            27,                       9,                       3.67
36,                            27,                       9,                       3.69
36,                            27,                       9,                       7.44
36,                            27,                       9,                       3.67
36,                            27,                       9,                       3.67
36,                            27,                       9,                       3.67
36,                            27,                       9,                       3.67
36,                            27,                       9,                       3.67
36,                            27,                       9,                       3.67
36,                            27,                       9,                       3.67
36,                            27,                       9,                       3.66
36,                            27,                       9,                       3.66
36,                            27,                       9,                       3.66
36,                            27,                       9,                       3.66
36,                            27,                       9,                       3.66
36,                            27,                       9,                       3.66
36,                            27,                       9,                       3.66
36,                            27,                       9,                       3.65
36,                            27,                       9,                       3.68
36,                            27,                       9,                       7.36
36,                            27,                       9,                       3.66
36,                            27,                       9,                       3.66
36,                            27,                       9,                       3.67
36,                            27,                       9,                       3.67
36,                            27,                       9,                       3.66
36,                            27,                       9,                       3.66
36,                            27,                       9,                       3.66
36,                            27,                       9,                       3.67
36,                            27,                       9,                       3.67
36,                            27,                       9,                       11.03
36,                            27,                       9,                       3.66
36,                            27,                       9,                       3.67
36,                            27,                       9,                       3.67
36,                            27,                       9,                       3.68
36,                            27,                       9,                       3.7
36,                            27,                       9,                       3.66
36,                            27,                       9,                       3.67
36,                            27,                       9,                       3.67
36,                            27,                       9,                       3.67
36,                            27,                       9,                       3.65
36,                            27,                       9,                       3.65
36,                            27,                       9,                       3.66
36,                            27,                       9,                       3.66
36,                            27,                       9,                       3.67
36,                            27,                       9,                       11.05
36,                            27,                       9,                       3.67
36,                            27,                       9,                       7.39
36,                            27,                       9,                       3.67
36,                            27,                       9,                       3.66
36,                            27,                       9,                       3.66
36,                            27,                       9,                       7.35
36,                            27,                       9,                       3.67
36,                            27,                       9,                       3.66
36,                            27,                       9,                       3.66
36,                            27,                       9,                       9.21
36,                            27,                       9,                       3.67
36,                            27,                       9,                       3.67
36,                            27,                       9,                       3.66
36,                            27,                       9,                       3.67
36,                            27,                       9,                       3.66
36,                            27,                       9,                       7.36
36,                            27,                       9,                       3.66
36,                            27,                       9,                       3.68
36,                            27,                       9,                       3.68
36,                            27,                       9,                       3.67
36,                            27,                       9,                       3.67
36,                            27,                       9,                       3.67
36,                            27,                       9,                       3.66
36,                            27,                       9,                       3.66
36,                            27,                       9,                       3.7
36,                            27,                       9,                       3.66
36,                            27,                       9,                       3.67
36,                            27,                       9,                       7.37
36,                            27,                       9,                       7.36
36,                            27,                       9,                       3.67
36,                            27,                       9,                       3.66
36,                            27,                       9,                       3.67
36,                            27,                       9,                       3.67
36,                            27,                       9,                       7.37
36,                            27,                       9,                       3.67
36,                            27,                       9,                       3.68
36,                            27,                       9,                       3.66
36,                            27,                       9,                       5.5
36,                            27,                       9,                       3.65
36,                            27,                       9,                       7.36
36,                            27,                       9,                       3.66
36,                            27,                       9,                       3.66
36,                            27,                       9,                       3.66
36,                            27,                       9,                       3.66
36,                            27,                       9,                       3.66
36,                            27,                       9,                       3.67
36,                            27,                       9,                       3.66
36,                            27,                       9,                       3.66
36,                            27,                       9,                       7.37
36,                            27,                       9,                       3.65
36,                            27,                       9,                       3.66
36,                            27,                       9,                       3.66
36,                            27,                       9,                       3.67
36,                            27,                       9,                       3.65
36,                            27,                       9,                       3.65
