COMMENT : The search result by Simulated-Annealing for Cauchy_Good Thu Jan 25 17:37:30 2018

tech : Cauchy_Good
algorithm : Simulated-Annealing
k : 8
m : 3
w : 10
failed_disk_id : 0
conventional_symbol_number    optimized_symbol_number    reduced_symbol_number    time
80,                            66,                       14,                       1.86
80,                            66,                       14,                       1.95
80,                            66,                       14,                       1.9
80,                            66,                       14,                       2.08
80,                            66,                       14,                       1.83
80,                            66,                       14,                       2.28
80,                            66,                       14,                       2.33
80,                            67,                       13,                       2.12
80,                            66,                       14,                       2.02
80,                            67,                       13,                       1.83
80,                            66,                       14,                       2.02
80,                            67,                       13,                       2.02
80,                            66,                       14,                       2.3
80,                            66,                       14,                       1.85
80,                            66,                       14,                       1.84
80,                            67,                       13,                       1.99
80,                            66,                       14,                       1.83
80,                            67,                       13,                       1.98
80,                            67,                       13,                       1.96
80,                            66,                       14,                       2.13
80,                            68,                       12,                       1.88
80,                            66,                       14,                       1.91
80,                            67,                       13,                       1.95
80,                            67,                       13,                       2.05
80,                            67,                       13,                       2
80,                            67,                       13,                       2.04
80,                            66,                       14,                       1.97
80,                            66,                       14,                       1.96
80,                            66,                       14,                       1.88
80,                            67,                       13,                       1.95
80,                            66,                       14,                       1.98
80,                            67,                       13,                       1.94
80,                            67,                       13,                       2.09
80,                            67,                       13,                       1.94
80,                            66,                       14,                       1.88
80,                            66,                       14,                       2.14
80,                            66,                       14,                       1.92
80,                            66,                       14,                       1.97
80,                            66,                       14,                       1.91
80,                            66,                       14,                       1.95
80,                            66,                       14,                       2.17
80,                            66,                       14,                       2.29
80,                            66,                       14,                       1.89
80,                            66,                       14,                       1.94
80,                            66,                       14,                       2.05
80,                            67,                       13,                       1.97
80,                            66,                       14,                       2.06
80,                            67,                       13,                       1.96
80,                            67,                       13,                       1.97
80,                            66,                       14,                       1.94
80,                            66,                       14,                       1.97
80,                            67,                       13,                       2.07
80,                            66,                       14,                       1.98
80,                            66,                       14,                       1.93
80,                            66,                       14,                       1.87
80,                            66,                       14,                       1.86
80,                            66,                       14,                       1.9
80,                            67,                       13,                       2.13
80,                            67,                       13,                       1.94
80,                            66,                       14,                       1.9
80,                            66,                       14,                       2.14
80,                            67,                       13,                       1.93
80,                            66,                       14,                       2.01
80,                            66,                       14,                       1.91
80,                            66,                       14,                       1.92
80,                            66,                       14,                       2.02
80,                            66,                       14,                       1.87
80,                            66,                       14,                       1.97
80,                            66,                       14,                       1.9
80,                            66,                       14,                       1.9
80,                            67,                       13,                       1.97
80,                            66,                       14,                       1.94
80,                            66,                       14,                       2.03
80,                            67,                       13,                       2.15
80,                            66,                       14,                       2.25
80,                            66,                       14,                       1.89
80,                            66,                       14,                       1.95
80,                            66,                       14,                       2
80,                            66,                       14,                       1.86
80,                            66,                       14,                       1.9
80,                            66,                       14,                       2.23
80,                            66,                       14,                       1.82
80,                            66,                       14,                       1.95
80,                            67,                       13,                       1.92
80,                            66,                       14,                       1.99
80,                            66,                       14,                       1.92
80,                            66,                       14,                       2.04
80,                            66,                       14,                       2.03
80,                            66,                       14,                       1.92
80,                            66,                       14,                       1.98
80,                            67,                       13,                       2.03
80,                            66,                       14,                       1.89
80,                            67,                       13,                       1.91
80,                            66,                       14,                       1.83
80,                            66,                       14,                       2.27
80,                            66,                       14,                       1.85
80,                            67,                       13,                       1.97
80,                            66,                       14,                       1.92
80,                            66,                       14,                       1.76
80,                            67,                       13,                       2.15
