COMMENT : The search result by Simulated-Annealing for Cauchy_Good Fri Jan 26 18:35:46 2018

tech : Cauchy_Good
algorithm : Simulated-Annealing
k : 4
m : 2
w : 8
failed_disk_id : 0
conventional_symbol_number    optimized_symbol_number    reduced_symbol_number    time
32,                            25,                       7,                       0.034424
32,                            25,                       7,                       0.034122
32,                            25,                       7,                       0.035962
32,                            25,                       7,                       0.035026
32,                            25,                       7,                       0.034824
32,                            25,                       7,                       0.035643
32,                            25,                       7,                       0.03461
32,                            25,                       7,                       0.036
32,                            25,                       7,                       0.034155
32,                            25,                       7,                       0.033966
32,                            25,                       7,                       0.036248
32,                            25,                       7,                       0.036197
32,                            25,                       7,                       0.034049
32,                            25,                       7,                       0.034316
32,                            25,                       7,                       0.035183
32,                            25,                       7,                       0.034201
32,                            25,                       7,                       0.03434
32,                            25,                       7,                       0.034956
32,                            25,                       7,                       0.034718
32,                            25,                       7,                       0.035122
32,                            25,                       7,                       0.036614
32,                            25,                       7,                       0.035886
32,                            25,                       7,                       0.035956
32,                            25,                       7,                       0.032598
32,                            25,                       7,                       0.048308
32,                            25,                       7,                       0.03403
32,                            25,                       7,                       0.03456
32,                            25,                       7,                       0.032719
32,                            25,                       7,                       0.033903
32,                            25,                       7,                       0.034455
32,                            25,                       7,                       0.033263
32,                            25,                       7,                       0.051519
32,                            25,                       7,                       0.033649
32,                            25,                       7,                       0.033209
32,                            25,                       7,                       0.033271
32,                            25,                       7,                       0.033466
32,                            25,                       7,                       0.033478
32,                            25,                       7,                       0.033441
32,                            25,                       7,                       0.033379
32,                            25,                       7,                       0.033067
32,                            25,                       7,                       0.033699
32,                            25,                       7,                       0.033511
32,                            25,                       7,                       0.03314
32,                            25,                       7,                       0.033631
32,                            25,                       7,                       0.032935
32,                            25,                       7,                       0.033712
32,                            25,                       7,                       0.034253
32,                            25,                       7,                       0.033378
32,                            25,                       7,                       0.033655
32,                            25,                       7,                       0.033661
32,                            25,                       7,                       0.033116
32,                            25,                       7,                       0.049204
32,                            25,                       7,                       0.033095
32,                            25,                       7,                       0.033683
32,                            25,                       7,                       0.033005
32,                            25,                       7,                       0.033008
32,                            25,                       7,                       0.033422
32,                            25,                       7,                       0.033157
32,                            25,                       7,                       0.036774
32,                            25,                       7,                       0.033318
32,                            25,                       7,                       0.033008
32,                            25,                       7,                       0.032957
32,                            25,                       7,                       0.032742
32,                            25,                       7,                       0.034239
32,                            25,                       7,                       0.033488
32,                            25,                       7,                       0.033341
32,                            25,                       7,                       0.050848
32,                            25,                       7,                       0.050105
32,                            25,                       7,                       0.033734
32,                            25,                       7,                       0.03314
32,                            25,                       7,                       0.032853
32,                            25,                       7,                       0.032875
32,                            25,                       7,                       0.033502
32,                            25,                       7,                       0.033042
32,                            25,                       7,                       0.03399
32,                            25,                       7,                       0.033178
32,                            25,                       7,                       0.033528
32,                            25,                       7,                       0.043737
32,                            25,                       7,                       0.033867
32,                            25,                       7,                       0.032836
32,                            25,                       7,                       0.034086
32,                            25,                       7,                       0.034571
32,                            25,                       7,                       0.03432
32,                            25,                       7,                       0.033578
32,                            25,                       7,                       0.032853
32,                            25,                       7,                       0.03399
32,                            25,                       7,                       0.03335
32,                            25,                       7,                       0.032915
32,                            25,                       7,                       0.033384
32,                            25,                       7,                       0.033401
32,                            25,                       7,                       0.034083
32,                            25,                       7,                       0.033279
32,                            25,                       7,                       0.03381
32,                            25,                       7,                       0.03409
32,                            25,                       7,                       0.033802
32,                            25,                       7,                       0.033354
32,                            25,                       7,                       0.033431
32,                            25,                       7,                       0.050279
32,                            25,                       7,                       0.034242
32,                            25,                       7,                       0.0331
32,                            25,                       7,                       0.033393
32,                            25,                       7,                       0.033552
32,                            25,                       7,                       0.033222
32,                            25,                       7,                       0.034188
32,                            25,                       7,                       0.033311
32,                            25,                       7,                       0.036616
32,                            25,                       7,                       0.034524
32,                            25,                       7,                       0.032744
32,                            25,                       7,                       0.03281
32,                            25,                       7,                       0.033514
32,                            25,                       7,                       0.035769
32,                            25,                       7,                       0.033698
32,                            25,                       7,                       0.03337
32,                            25,                       7,                       0.033609
32,                            25,                       7,                       0.033145
32,                            25,                       7,                       0.033399
32,                            25,                       7,                       0.033757
32,                            25,                       7,                       0.033292
32,                            25,                       7,                       0.033536
32,                            25,                       7,                       0.03356
32,                            25,                       7,                       0.033978
32,                            25,                       7,                       0.034073
32,                            25,                       7,                       0.034505
32,                            25,                       7,                       0.033506
32,                            25,                       7,                       0.03381
32,                            25,                       7,                       0.033761
32,                            25,                       7,                       0.033044
32,                            25,                       7,                       0.033609
32,                            25,                       7,                       0.033711
32,                            25,                       7,                       0.033722
32,                            25,                       7,                       0.033963
32,                            25,                       7,                       0.033107
32,                            25,                       7,                       0.034166
32,                            25,                       7,                       0.033132
32,                            25,                       7,                       0.033813
32,                            25,                       7,                       0.033734
32,                            25,                       7,                       0.033559
32,                            25,                       7,                       0.033176
32,                            25,                       7,                       0.034029
32,                            25,                       7,                       0.034124
32,                            25,                       7,                       0.049427
32,                            25,                       7,                       0.051513
32,                            25,                       7,                       0.033553
32,                            25,                       7,                       0.034193
32,                            25,                       7,                       0.033686
32,                            25,                       7,                       0.033279
32,                            25,                       7,                       0.033579
32,                            25,                       7,                       0.033485
32,                            25,                       7,                       0.033621
32,                            25,                       7,                       0.036524
32,                            25,                       7,                       0.035188
32,                            25,                       7,                       0.033118
32,                            25,                       7,                       0.034452
32,                            25,                       7,                       0.033742
32,                            25,                       7,                       0.033422
32,                            25,                       7,                       0.033384
32,                            25,                       7,                       0.033161
32,                            25,                       7,                       0.033325
32,                            25,                       7,                       0.033298
32,                            25,                       7,                       0.033967
32,                            25,                       7,                       0.033891
32,                            25,                       7,                       0.033399
32,                            25,                       7,                       0.034438
32,                            25,                       7,                       0.033321
32,                            25,                       7,                       0.03409
32,                            25,                       7,                       0.033152
32,                            25,                       7,                       0.034681
32,                            25,                       7,                       0.03322
32,                            25,                       7,                       0.033581
32,                            25,                       7,                       0.033093
32,                            25,                       7,                       0.033108
32,                            25,                       7,                       0.032801
32,                            25,                       7,                       0.033998
32,                            25,                       7,                       0.034725
32,                            25,                       7,                       0.032912
32,                            25,                       7,                       0.03423
32,                            25,                       7,                       0.033596
32,                            25,                       7,                       0.033259
32,                            25,                       7,                       0.034131
32,                            25,                       7,                       0.032832
32,                            25,                       7,                       0.033459
32,                            25,                       7,                       0.033621
32,                            25,                       7,                       0.033437
32,                            25,                       7,                       0.050219
32,                            25,                       7,                       0.034017
32,                            25,                       7,                       0.033307
32,                            25,                       7,                       0.033747
32,                            25,                       7,                       0.033763
32,                            25,                       7,                       0.033648
32,                            25,                       7,                       0.037318
32,                            25,                       7,                       0.033314
32,                            25,                       7,                       0.033464
32,                            25,                       7,                       0.033753
32,                            25,                       7,                       0.033471
32,                            25,                       7,                       0.034142
32,                            25,                       7,                       0.033869
32,                            25,                       7,                       0.033684
32,                            25,                       7,                       0.033427
32,                            25,                       7,                       0.035821
32,                            25,                       7,                       0.033231
32,                            25,                       7,                       0.034241
32,                            25,                       7,                       0.033572
32,                            25,                       7,                       0.033357
32,                            25,                       7,                       0.034714
32,                            25,                       7,                       0.034218
32,                            25,                       7,                       0.033398
32,                            25,                       7,                       0.033833
32,                            25,                       7,                       0.03333
32,                            25,                       7,                       0.033441
32,                            25,                       7,                       0.034237
32,                            25,                       7,                       0.033922
32,                            25,                       7,                       0.032634
32,                            25,                       7,                       0.03345
32,                            25,                       7,                       0.033871
32,                            25,                       7,                       0.033307
32,                            25,                       7,                       0.033839
32,                            25,                       7,                       0.034112
32,                            25,                       7,                       0.03289
32,                            25,                       7,                       0.033967
32,                            25,                       7,                       0.033787
32,                            25,                       7,                       0.033583
32,                            25,                       7,                       0.033463
32,                            25,                       7,                       0.03361
32,                            25,                       7,                       0.034111
32,                            25,                       7,                       0.034772
32,                            25,                       7,                       0.033504
32,                            25,                       7,                       0.033804
32,                            25,                       7,                       0.034005
32,                            25,                       7,                       0.033952
32,                            25,                       7,                       0.033785
32,                            25,                       7,                       0.033915
32,                            25,                       7,                       0.051531
32,                            25,                       7,                       0.034284
32,                            25,                       7,                       0.03295
32,                            25,                       7,                       0.033448
32,                            25,                       7,                       0.033566
32,                            25,                       7,                       0.033432
32,                            25,                       7,                       0.033868
32,                            25,                       7,                       0.03375
32,                            25,                       7,                       0.034058
32,                            25,                       7,                       0.033846
32,                            25,                       7,                       0.032649
32,                            25,                       7,                       0.034389
32,                            25,                       7,                       0.033616
32,                            25,                       7,                       0.033772
32,                            25,                       7,                       0.033
32,                            25,                       7,                       0.033557
32,                            25,                       7,                       0.033465
32,                            25,                       7,                       0.033614
32,                            25,                       7,                       0.036765
32,                            25,                       7,                       0.033044
32,                            25,                       7,                       0.032981
32,                            25,                       7,                       0.033436
32,                            25,                       7,                       0.032744
32,                            25,                       7,                       0.034321
32,                            25,                       7,                       0.034759
32,                            25,                       7,                       0.034653
32,                            25,                       7,                       0.034269
32,                            25,                       7,                       0.033853
32,                            25,                       7,                       0.033634
32,                            25,                       7,                       0.035182
32,                            25,                       7,                       0.033903
32,                            25,                       7,                       0.033284
32,                            25,                       7,                       0.033057
32,                            25,                       7,                       0.033304
32,                            25,                       7,                       0.034121
32,                            25,                       7,                       0.03471
32,                            25,                       7,                       0.034536
32,                            25,                       7,                       0.033068
32,                            25,                       7,                       0.033094
32,                            25,                       7,                       0.033015
32,                            25,                       7,                       0.033887
32,                            25,                       7,                       0.033378
32,                            25,                       7,                       0.033295
32,                            25,                       7,                       0.033541
32,                            25,                       7,                       0.033185
32,                            25,                       7,                       0.032913
32,                            25,                       7,                       0.033042
32,                            25,                       7,                       0.034675
32,                            25,                       7,                       0.033953
32,                            25,                       7,                       0.033075
32,                            25,                       7,                       0.050387
32,                            25,                       7,                       0.033072
32,                            25,                       7,                       0.033069
32,                            25,                       7,                       0.034
32,                            25,                       7,                       0.033851
32,                            25,                       7,                       0.034738
32,                            25,                       7,                       0.034171
32,                            25,                       7,                       0.033916
32,                            25,                       7,                       0.034084
32,                            25,                       7,                       0.034424
32,                            25,                       7,                       0.037672
32,                            25,                       7,                       0.034425
32,                            25,                       7,                       0.033962
32,                            25,                       7,                       0.033754
32,                            25,                       7,                       0.033159
32,                            25,                       7,                       0.03412
32,                            25,                       7,                       0.03357
32,                            25,                       7,                       0.033183
32,                            25,                       7,                       0.034206
