COMMENT : The search result by Simulated-Annealing for Cauchy_Good Fri Jan 26 18:35:49 2018

tech : Cauchy_Good
algorithm : Simulated-Annealing
k : 6
m : 3
w : 5
failed_disk_id : 0
conventional_symbol_number    optimized_symbol_number    reduced_symbol_number    time
30,                            23,                       7,                       0.004341
30,                            23,                       7,                       0.004075
30,                            23,                       7,                       0.00381
30,                            23,                       7,                       0.004063
30,                            23,                       7,                       0.004285
30,                            23,                       7,                       0.003976
30,                            23,                       7,                       0.004857
30,                            23,                       7,                       0.004217
30,                            23,                       7,                       0.003953
30,                            23,                       7,                       0.004232
30,                            23,                       7,                       0.004015
30,                            23,                       7,                       0.004022
30,                            23,                       7,                       0.004283
30,                            23,                       7,                       0.004832
30,                            23,                       7,                       0.004695
30,                            23,                       7,                       0.004013
30,                            23,                       7,                       0.00423
30,                            23,                       7,                       0.005069
30,                            23,                       7,                       0.003979
30,                            23,                       7,                       0.004384
30,                            23,                       7,                       0.003853
30,                            23,                       7,                       0.003898
30,                            23,                       7,                       0.003979
30,                            23,                       7,                       0.00407
30,                            23,                       7,                       0.003751
30,                            23,                       7,                       0.004151
30,                            23,                       7,                       0.003839
30,                            23,                       7,                       0.003829
30,                            23,                       7,                       0.003884
30,                            23,                       7,                       0.004396
30,                            23,                       7,                       0.004104
30,                            23,                       7,                       0.003733
30,                            23,                       7,                       0.003858
30,                            23,                       7,                       0.004038
30,                            23,                       7,                       0.004109
30,                            23,                       7,                       0.003679
30,                            23,                       7,                       0.003976
30,                            23,                       7,                       0.0038
30,                            23,                       7,                       0.003873
30,                            23,                       7,                       0.003837
30,                            23,                       7,                       0.003921
30,                            23,                       7,                       0.003787
30,                            23,                       7,                       0.003865
30,                            23,                       7,                       0.003726
30,                            23,                       7,                       0.003692
30,                            23,                       7,                       0.00413
30,                            23,                       7,                       0.003868
30,                            23,                       7,                       0.003919
30,                            23,                       7,                       0.003854
30,                            23,                       7,                       0.003822
30,                            23,                       7,                       0.004077
30,                            23,                       7,                       0.003911
30,                            23,                       7,                       0.003823
30,                            23,                       7,                       0.003933
30,                            23,                       7,                       0.003912
30,                            23,                       7,                       0.003948
30,                            23,                       7,                       0.004031
30,                            23,                       7,                       0.004073
30,                            23,                       7,                       0.004062
30,                            23,                       7,                       0.003868
30,                            23,                       7,                       0.003859
30,                            23,                       7,                       0.004361
30,                            23,                       7,                       0.003895
30,                            23,                       7,                       0.003962
30,                            23,                       7,                       0.004098
30,                            23,                       7,                       0.003888
30,                            23,                       7,                       0.003743
30,                            23,                       7,                       0.004186
30,                            23,                       7,                       0.003937
30,                            23,                       7,                       0.004051
30,                            23,                       7,                       0.003892
30,                            23,                       7,                       0.003702
30,                            23,                       7,                       0.00413
30,                            23,                       7,                       0.003935
30,                            23,                       7,                       0.003867
30,                            23,                       7,                       0.003873
30,                            23,                       7,                       0.003918
30,                            23,                       7,                       0.003847
30,                            23,                       7,                       0.00413
30,                            23,                       7,                       0.003961
30,                            23,                       7,                       0.004291
30,                            23,                       7,                       0.004031
30,                            23,                       7,                       0.003813
30,                            23,                       7,                       0.003887
30,                            23,                       7,                       0.003879
30,                            23,                       7,                       0.003832
30,                            23,                       7,                       0.003891
30,                            23,                       7,                       0.004092
30,                            23,                       7,                       0.004151
30,                            23,                       7,                       0.003947
30,                            23,                       7,                       0.004008
30,                            23,                       7,                       0.003868
30,                            23,                       7,                       0.003794
30,                            23,                       7,                       0.003803
30,                            23,                       7,                       0.003958
30,                            23,                       7,                       0.003876
30,                            23,                       7,                       0.004161
30,                            23,                       7,                       0.003943
30,                            23,                       7,                       0.005234
30,                            23,                       7,                       0.003842
30,                            23,                       7,                       0.004568
30,                            23,                       7,                       0.004205
30,                            23,                       7,                       0.003812
30,                            23,                       7,                       0.003826
30,                            23,                       7,                       0.004088
30,                            23,                       7,                       0.003822
30,                            23,                       7,                       0.004771
30,                            23,                       7,                       0.004189
30,                            23,                       7,                       0.004029
30,                            23,                       7,                       0.003918
30,                            23,                       7,                       0.003772
30,                            23,                       7,                       0.003807
30,                            23,                       7,                       0.004466
30,                            23,                       7,                       0.003852
30,                            23,                       7,                       0.003871
30,                            23,                       7,                       0.004113
30,                            23,                       7,                       0.003954
30,                            23,                       7,                       0.004164
30,                            23,                       7,                       0.003938
30,                            23,                       7,                       0.004064
30,                            23,                       7,                       0.003832
30,                            23,                       7,                       0.003943
30,                            23,                       7,                       0.003719
30,                            23,                       7,                       0.003821
30,                            23,                       7,                       0.004083
30,                            23,                       7,                       0.00395
30,                            23,                       7,                       0.003968
30,                            23,                       7,                       0.003773
30,                            23,                       7,                       0.004462
30,                            23,                       7,                       0.003937
30,                            23,                       7,                       0.003906
30,                            23,                       7,                       0.004146
30,                            23,                       7,                       0.003779
30,                            23,                       7,                       0.00379
30,                            23,                       7,                       0.003892
30,                            23,                       7,                       0.003799
30,                            23,                       7,                       0.003955
30,                            23,                       7,                       0.003863
30,                            23,                       7,                       0.003843
30,                            23,                       7,                       0.003722
30,                            23,                       7,                       0.003901
30,                            23,                       7,                       0.003861
30,                            23,                       7,                       0.004393
30,                            23,                       7,                       0.003886
30,                            23,                       7,                       0.003765
30,                            23,                       7,                       0.003843
30,                            23,                       7,                       0.003916
30,                            23,                       7,                       0.004072
30,                            23,                       7,                       0.003864
30,                            23,                       7,                       0.003851
30,                            23,                       7,                       0.003941
30,                            23,                       7,                       0.004387
30,                            23,                       7,                       0.003933
30,                            23,                       7,                       0.003829
30,                            23,                       7,                       0.00409
30,                            23,                       7,                       0.003876
30,                            23,                       7,                       0.003894
30,                            23,                       7,                       0.00389
30,                            23,                       7,                       0.003921
30,                            23,                       7,                       0.00381
30,                            23,                       7,                       0.003997
30,                            23,                       7,                       0.003992
30,                            23,                       7,                       0.004144
30,                            23,                       7,                       0.00389
30,                            23,                       7,                       0.004115
30,                            23,                       7,                       0.003868
30,                            23,                       7,                       0.003905
30,                            23,                       7,                       0.003807
30,                            23,                       7,                       0.003855
30,                            23,                       7,                       0.004309
30,                            23,                       7,                       0.003852
30,                            23,                       7,                       0.003841
30,                            23,                       7,                       0.00388
30,                            23,                       7,                       0.003837
30,                            23,                       7,                       0.003817
30,                            23,                       7,                       0.004275
30,                            23,                       7,                       0.003708
30,                            23,                       7,                       0.003943
30,                            23,                       7,                       0.005056
30,                            23,                       7,                       0.004095
30,                            23,                       7,                       0.003864
30,                            23,                       7,                       0.003994
30,                            23,                       7,                       0.003952
30,                            23,                       7,                       0.004311
30,                            23,                       7,                       0.004225
30,                            23,                       7,                       0.004351
30,                            23,                       7,                       0.003907
30,                            23,                       7,                       0.003879
30,                            23,                       7,                       0.00379
30,                            23,                       7,                       0.004211
30,                            23,                       7,                       0.003835
30,                            23,                       7,                       0.003903
30,                            23,                       7,                       0.004091
30,                            23,                       7,                       0.003788
30,                            23,                       7,                       0.003802
30,                            23,                       7,                       0.004292
30,                            23,                       7,                       0.003851
30,                            23,                       7,                       0.0038
30,                            23,                       7,                       0.00397
30,                            23,                       7,                       0.003804
30,                            23,                       7,                       0.004271
30,                            23,                       7,                       0.003991
30,                            23,                       7,                       0.003847
30,                            23,                       7,                       0.004239
30,                            23,                       7,                       0.003924
30,                            23,                       7,                       0.003913
30,                            23,                       7,                       0.003841
30,                            23,                       7,                       0.00391
30,                            23,                       7,                       0.003826
30,                            23,                       7,                       0.004195
30,                            23,                       7,                       0.003847
30,                            23,                       7,                       0.003896
30,                            23,                       7,                       0.003843
30,                            23,                       7,                       0.003817
30,                            23,                       7,                       0.004133
30,                            23,                       7,                       0.004084
30,                            23,                       7,                       0.003866
30,                            23,                       7,                       0.003911
30,                            23,                       7,                       0.003722
30,                            23,                       7,                       0.00385
30,                            23,                       7,                       0.003828
30,                            23,                       7,                       0.003724
30,                            23,                       7,                       0.003852
30,                            23,                       7,                       0.003919
30,                            23,                       7,                       0.003961
30,                            23,                       7,                       0.003744
30,                            23,                       7,                       0.003987
30,                            23,                       7,                       0.004059
30,                            23,                       7,                       0.003774
30,                            23,                       7,                       0.003809
30,                            23,                       7,                       0.004126
30,                            23,                       7,                       0.003921
30,                            23,                       7,                       0.004451
30,                            23,                       7,                       0.004086
30,                            23,                       7,                       0.003773
30,                            23,                       7,                       0.004236
30,                            23,                       7,                       0.00465
30,                            23,                       7,                       0.014332
30,                            23,                       7,                       0.003934
30,                            23,                       7,                       0.003888
30,                            23,                       7,                       0.004217
30,                            23,                       7,                       0.003774
30,                            23,                       7,                       0.004165
30,                            23,                       7,                       0.003985
30,                            23,                       7,                       0.003877
30,                            23,                       7,                       0.003914
30,                            23,                       7,                       0.004397
30,                            23,                       7,                       0.003928
30,                            23,                       7,                       0.003918
30,                            23,                       7,                       0.003675
30,                            23,                       7,                       0.00388
30,                            23,                       7,                       0.003938
30,                            23,                       7,                       0.004012
30,                            23,                       7,                       0.00377
30,                            23,                       7,                       0.004316
30,                            23,                       7,                       0.003842
30,                            23,                       7,                       0.003935
30,                            23,                       7,                       0.004317
30,                            23,                       7,                       0.004126
30,                            23,                       7,                       0.003855
30,                            23,                       7,                       0.004163
30,                            23,                       7,                       0.003924
30,                            23,                       7,                       0.003844
30,                            23,                       7,                       0.004339
30,                            23,                       7,                       0.00433
30,                            23,                       7,                       0.003863
30,                            23,                       7,                       0.003783
30,                            23,                       7,                       0.003905
30,                            23,                       7,                       0.003943
30,                            23,                       7,                       0.00388
30,                            23,                       7,                       0.003919
30,                            23,                       7,                       0.00369
30,                            23,                       7,                       0.003883
30,                            23,                       7,                       0.003789
30,                            23,                       7,                       0.004015
30,                            23,                       7,                       0.00379
30,                            23,                       7,                       0.003774
30,                            23,                       7,                       0.003862
30,                            23,                       7,                       0.003915
30,                            23,                       7,                       0.003844
30,                            23,                       7,                       0.003788
30,                            23,                       7,                       0.003858
30,                            23,                       7,                       0.00398
30,                            23,                       7,                       0.004096
30,                            23,                       7,                       0.004059
30,                            23,                       7,                       0.00408
30,                            23,                       7,                       0.004185
30,                            23,                       7,                       0.003875
30,                            23,                       7,                       0.004101
30,                            23,                       7,                       0.00398
30,                            23,                       7,                       0.003803
30,                            23,                       7,                       0.005294
30,                            23,                       7,                       0.004459
30,                            23,                       7,                       0.003831
30,                            23,                       7,                       0.003798
30,                            23,                       7,                       0.003767
30,                            23,                       7,                       0.003893
30,                            23,                       7,                       0.003932
30,                            23,                       7,                       0.003905
30,                            23,                       7,                       0.003881
