COMMENT : The search result by Simulated-Annealing for Cauchy_Good Fri Jan 26 18:35:46 2018

tech : Cauchy_Good
algorithm : Simulated-Annealing
k : 3
m : 3
w : 3
failed_disk_id : 0
conventional_symbol_number    optimized_symbol_number    reduced_symbol_number    time
9,                            7,                       2,                       0.000399
9,                            7,                       2,                       0.000427
9,                            7,                       2,                       0.000479
9,                            7,                       2,                       0.000316
9,                            7,                       2,                       0.000309
9,                            7,                       2,                       0.000406
9,                            7,                       2,                       0.000432
9,                            7,                       2,                       0.000304
9,                            7,                       2,                       0.000322
9,                            7,                       2,                       0.000295
9,                            7,                       2,                       0.000338
9,                            7,                       2,                       0.000354
9,                            7,                       2,                       0.00053
9,                            7,                       2,                       0.000429
9,                            7,                       2,                       0.000417
9,                            7,                       2,                       0.000308
9,                            7,                       2,                       0.000364
9,                            7,                       2,                       0.000424
9,                            7,                       2,                       0.00034
9,                            7,                       2,                       0.000374
9,                            7,                       2,                       0.000467
9,                            7,                       2,                       0.000304
9,                            7,                       2,                       0.000447
9,                            7,                       2,                       0.000303
9,                            7,                       2,                       0.000329
9,                            7,                       2,                       0.000398
9,                            7,                       2,                       0.000379
9,                            7,                       2,                       0.000412
9,                            7,                       2,                       0.000389
9,                            7,                       2,                       0.000354
9,                            7,                       2,                       0.000357
9,                            7,                       2,                       0.000415
9,                            7,                       2,                       0.000348
9,                            7,                       2,                       0.000299
9,                            7,                       2,                       0.00049
9,                            7,                       2,                       0.000415
9,                            7,                       2,                       0.000365
9,                            7,                       2,                       0.000307
9,                            7,                       2,                       0.000298
9,                            7,                       2,                       0.000306
9,                            7,                       2,                       0.000424
9,                            7,                       2,                       0.000357
9,                            7,                       2,                       0.000298
9,                            7,                       2,                       0.000305
9,                            7,                       2,                       0.000355
9,                            7,                       2,                       0.000463
9,                            7,                       2,                       0.000413
9,                            7,                       2,                       0.000303
9,                            7,                       2,                       0.000367
9,                            7,                       2,                       0.000306
9,                            7,                       2,                       0.000373
9,                            7,                       2,                       0.000355
9,                            7,                       2,                       0.00037
9,                            7,                       2,                       0.00036
9,                            7,                       2,                       0.000299
9,                            7,                       2,                       0.000461
9,                            7,                       2,                       0.000303
9,                            7,                       2,                       0.000368
9,                            7,                       2,                       0.000401
9,                            7,                       2,                       0.000308
9,                            7,                       2,                       0.000418
9,                            7,                       2,                       0.000365
9,                            7,                       2,                       0.000363
9,                            7,                       2,                       0.000332
9,                            7,                       2,                       0.00037
9,                            7,                       2,                       0.000411
9,                            7,                       2,                       0.000302
9,                            7,                       2,                       0.000413
9,                            7,                       2,                       0.000437
9,                            7,                       2,                       0.000423
9,                            7,                       2,                       0.000403
9,                            7,                       2,                       0.000308
9,                            7,                       2,                       0.000307
9,                            7,                       2,                       0.000305
9,                            7,                       2,                       0.000385
9,                            7,                       2,                       0.000363
9,                            7,                       2,                       0.000308
9,                            7,                       2,                       0.000351
9,                            7,                       2,                       0.000404
9,                            7,                       2,                       0.000553
9,                            7,                       2,                       0.000403
9,                            7,                       2,                       0.000311
9,                            7,                       2,                       0.000298
9,                            7,                       2,                       0.000311
9,                            7,                       2,                       0.000404
9,                            7,                       2,                       0.000414
9,                            7,                       2,                       0.000354
9,                            7,                       2,                       0.000312
9,                            7,                       2,                       0.000362
9,                            7,                       2,                       0.000376
9,                            7,                       2,                       0.00057
9,                            7,                       2,                       0.000303
9,                            7,                       2,                       0.000438
9,                            7,                       2,                       0.000291
9,                            7,                       2,                       0.00036
9,                            7,                       2,                       0.000445
9,                            7,                       2,                       0.000584
9,                            7,                       2,                       0.000317
9,                            7,                       2,                       0.000362
9,                            7,                       2,                       0.000358
9,                            7,                       2,                       0.000293
9,                            7,                       2,                       0.000358
9,                            7,                       2,                       0.000364
9,                            7,                       2,                       0.000301
9,                            7,                       2,                       0.000423
9,                            7,                       2,                       0.000373
9,                            7,                       2,                       0.000404
9,                            7,                       2,                       0.000355
9,                            7,                       2,                       0.000303
9,                            7,                       2,                       0.000373
9,                            7,                       2,                       0.000462
9,                            7,                       2,                       0.000436
9,                            7,                       2,                       0.000304
9,                            7,                       2,                       0.000364
9,                            7,                       2,                       0.000301
9,                            7,                       2,                       0.00035
9,                            7,                       2,                       0.00035
9,                            7,                       2,                       0.000297
9,                            7,                       2,                       0.000309
9,                            7,                       2,                       0.000439
9,                            7,                       2,                       0.000395
9,                            7,                       2,                       0.000379
9,                            7,                       2,                       0.000365
9,                            7,                       2,                       0.000304
9,                            7,                       2,                       0.000312
9,                            7,                       2,                       0.0003
9,                            7,                       2,                       0.000357
9,                            7,                       2,                       0.000443
9,                            7,                       2,                       0.000367
9,                            7,                       2,                       0.000371
9,                            7,                       2,                       0.000416
9,                            7,                       2,                       0.000374
9,                            7,                       2,                       0.000348
9,                            7,                       2,                       0.000444
9,                            7,                       2,                       0.000372
9,                            7,                       2,                       0.000409
9,                            7,                       2,                       0.000462
9,                            7,                       2,                       0.000359
9,                            7,                       2,                       0.000308
9,                            7,                       2,                       0.000496
9,                            7,                       2,                       0.000422
9,                            7,                       2,                       0.000362
9,                            7,                       2,                       0.000411
9,                            7,                       2,                       0.00032
9,                            7,                       2,                       0.000415
9,                            7,                       2,                       0.000419
9,                            7,                       2,                       0.000357
9,                            7,                       2,                       0.000392
9,                            7,                       2,                       0.000342
9,                            7,                       2,                       0.0003
9,                            7,                       2,                       0.000302
9,                            7,                       2,                       0.000471
9,                            7,                       2,                       0.000317
9,                            7,                       2,                       0.000301
9,                            7,                       2,                       0.000362
9,                            7,                       2,                       0.000313
9,                            7,                       2,                       0.000372
9,                            7,                       2,                       0.000436
9,                            7,                       2,                       0.000371
9,                            7,                       2,                       0.000358
9,                            7,                       2,                       0.00037
9,                            7,                       2,                       0.000363
9,                            7,                       2,                       0.000362
9,                            7,                       2,                       0.000361
9,                            7,                       2,                       0.000303
9,                            7,                       2,                       0.000306
9,                            7,                       2,                       0.000349
9,                            7,                       2,                       0.000432
9,                            7,                       2,                       0.000364
9,                            7,                       2,                       0.000428
9,                            7,                       2,                       0.000345
9,                            7,                       2,                       0.000352
9,                            7,                       2,                       0.000297
9,                            7,                       2,                       0.000406
9,                            7,                       2,                       0.000305
9,                            7,                       2,                       0.000435
9,                            7,                       2,                       0.000366
9,                            7,                       2,                       0.000301
9,                            7,                       2,                       0.000336
9,                            7,                       2,                       0.000353
9,                            7,                       2,                       0.000374
9,                            7,                       2,                       0.000366
9,                            7,                       2,                       0.000367
9,                            7,                       2,                       0.000416
9,                            7,                       2,                       0.000364
9,                            7,                       2,                       0.000384
9,                            7,                       2,                       0.000305
9,                            7,                       2,                       0.000339
9,                            7,                       2,                       0.000357
9,                            7,                       2,                       0.000301
9,                            7,                       2,                       0.000414
9,                            7,                       2,                       0.000358
9,                            7,                       2,                       0.000355
9,                            7,                       2,                       0.000366
9,                            7,                       2,                       0.000363
9,                            7,                       2,                       0.00035
9,                            7,                       2,                       0.000408
9,                            7,                       2,                       0.000358
9,                            7,                       2,                       0.000404
9,                            7,                       2,                       0.000357
9,                            7,                       2,                       0.00037
9,                            7,                       2,                       0.00035
9,                            7,                       2,                       0.000339
9,                            7,                       2,                       0.000372
9,                            7,                       2,                       0.000358
9,                            7,                       2,                       0.000306
9,                            7,                       2,                       0.000379
9,                            7,                       2,                       0.000363
9,                            7,                       2,                       0.000434
9,                            7,                       2,                       0.000349
9,                            7,                       2,                       0.00038
9,                            7,                       2,                       0.000393
9,                            7,                       2,                       0.000365
9,                            7,                       2,                       0.000436
9,                            7,                       2,                       0.000414
9,                            7,                       2,                       0.000423
9,                            7,                       2,                       0.000304
9,                            7,                       2,                       0.000298
9,                            7,                       2,                       0.000362
9,                            7,                       2,                       0.000361
9,                            7,                       2,                       0.000301
9,                            7,                       2,                       0.000304
9,                            7,                       2,                       0.000301
9,                            7,                       2,                       0.00032
9,                            7,                       2,                       0.000376
9,                            7,                       2,                       0.000361
9,                            7,                       2,                       0.000311
9,                            7,                       2,                       0.00043
9,                            7,                       2,                       0.000345
9,                            7,                       2,                       0.000336
9,                            7,                       2,                       0.000423
9,                            7,                       2,                       0.000375
9,                            7,                       2,                       0.000361
9,                            7,                       2,                       0.000365
9,                            7,                       2,                       0.000428
9,                            7,                       2,                       0.00036
9,                            7,                       2,                       0.000367
9,                            7,                       2,                       0.000427
9,                            7,                       2,                       0.000296
9,                            7,                       2,                       0.000303
9,                            7,                       2,                       0.000305
9,                            7,                       2,                       0.000392
9,                            7,                       2,                       0.000362
9,                            7,                       2,                       0.00038
9,                            7,                       2,                       0.000327
9,                            7,                       2,                       0.000366
9,                            7,                       2,                       0.00046
9,                            7,                       2,                       0.000446
9,                            7,                       2,                       0.000452
9,                            7,                       2,                       0.000362
9,                            7,                       2,                       0.000345
9,                            7,                       2,                       0.000305
9,                            7,                       2,                       0.000367
9,                            7,                       2,                       0.000411
9,                            7,                       2,                       0.000295
9,                            7,                       2,                       0.000362
9,                            7,                       2,                       0.000439
9,                            7,                       2,                       0.000304
9,                            7,                       2,                       0.000301
9,                            7,                       2,                       0.000358
9,                            7,                       2,                       0.000298
9,                            7,                       2,                       0.000334
9,                            7,                       2,                       0.000317
9,                            7,                       2,                       0.000362
9,                            7,                       2,                       0.000357
9,                            7,                       2,                       0.000399
9,                            7,                       2,                       0.000517
9,                            7,                       2,                       0.000369
9,                            7,                       2,                       0.00033
9,                            7,                       2,                       0.000436
9,                            7,                       2,                       0.000373
9,                            7,                       2,                       0.000359
9,                            7,                       2,                       0.000394
9,                            7,                       2,                       0.000297
9,                            7,                       2,                       0.000424
9,                            7,                       2,                       0.000309
9,                            7,                       2,                       0.0003
9,                            7,                       2,                       0.000318
9,                            7,                       2,                       0.000461
9,                            7,                       2,                       0.000423
9,                            7,                       2,                       0.000346
9,                            7,                       2,                       0.000459
9,                            7,                       2,                       0.000359
9,                            7,                       2,                       0.000301
9,                            7,                       2,                       0.000442
9,                            7,                       2,                       0.000303
9,                            7,                       2,                       0.000416
9,                            7,                       2,                       0.000425
9,                            7,                       2,                       0.000303
9,                            7,                       2,                       0.000389
9,                            7,                       2,                       0.000353
9,                            7,                       2,                       0.000293
9,                            7,                       2,                       0.000304
9,                            7,                       2,                       0.000358
9,                            7,                       2,                       0.000442
9,                            7,                       2,                       0.000416
9,                            7,                       2,                       0.000427
9,                            7,                       2,                       0.000432
9,                            7,                       2,                       0.000298
9,                            7,                       2,                       0.000364
