COMMENT : The search result by Simulated-Annealing for Cauchy_Good Thu Jan 25 17:22:07 2018

tech : Cauchy_Good
algorithm : Simulated-Annealing
k : 9
m : 2
w : 10
failed_disk_id : 0
conventional_symbol_number    optimized_symbol_number    reduced_symbol_number    time
90,                            67,                       23,                       1.21
90,                            67,                       23,                       1.21
90,                            67,                       23,                       1.21
90,                            67,                       23,                       1.21
90,                            68,                       22,                       1.22
90,                            67,                       23,                       1.21
90,                            67,                       23,                       1.21
90,                            67,                       23,                       1.2
90,                            67,                       23,                       1.21
90,                            67,                       23,                       1.21
90,                            67,                       23,                       1.2
90,                            67,                       23,                       1.22
90,                            67,                       23,                       1.21
90,                            67,                       23,                       1.21
90,                            67,                       23,                       1.21
90,                            67,                       23,                       1.22
90,                            67,                       23,                       1.21
90,                            67,                       23,                       1.2
90,                            68,                       22,                       1.21
90,                            67,                       23,                       1.21
90,                            67,                       23,                       1.2
90,                            67,                       23,                       1.21
90,                            67,                       23,                       1.2
90,                            67,                       23,                       1.21
90,                            67,                       23,                       1.21
90,                            67,                       23,                       1.21
90,                            67,                       23,                       1.21
90,                            67,                       23,                       1.22
90,                            67,                       23,                       1.22
90,                            67,                       23,                       1.2
90,                            67,                       23,                       1.21
90,                            67,                       23,                       1.21
90,                            67,                       23,                       1.2
90,                            68,                       22,                       1.21
90,                            67,                       23,                       1.21
90,                            67,                       23,                       1.22
90,                            68,                       22,                       1.2
90,                            67,                       23,                       1.21
90,                            67,                       23,                       1.21
90,                            67,                       23,                       1.2
90,                            68,                       22,                       1.21
90,                            67,                       23,                       1.2
90,                            67,                       23,                       1.21
90,                            67,                       23,                       1.22
90,                            68,                       22,                       1.2
90,                            67,                       23,                       1.2
90,                            67,                       23,                       1.21
90,                            67,                       23,                       1.21
90,                            67,                       23,                       1.21
90,                            67,                       23,                       1.2
90,                            67,                       23,                       1.2
90,                            67,                       23,                       1.19
90,                            67,                       23,                       1.21
90,                            67,                       23,                       1.21
90,                            67,                       23,                       1.21
90,                            67,                       23,                       1.21
90,                            67,                       23,                       1.2
90,                            67,                       23,                       1.22
90,                            67,                       23,                       1.21
90,                            68,                       22,                       1.21
90,                            67,                       23,                       1.2
90,                            67,                       23,                       1.22
90,                            67,                       23,                       1.21
90,                            67,                       23,                       1.21
90,                            67,                       23,                       1.2
90,                            67,                       23,                       1.21
90,                            67,                       23,                       1.21
90,                            67,                       23,                       1.21
90,                            67,                       23,                       1.21
90,                            67,                       23,                       1.2
90,                            67,                       23,                       1.21
90,                            67,                       23,                       1.22
90,                            67,                       23,                       1.21
90,                            67,                       23,                       1.2
90,                            67,                       23,                       1.2
90,                            67,                       23,                       1.21
90,                            67,                       23,                       1.21
90,                            67,                       23,                       1.21
90,                            67,                       23,                       1.21
90,                            67,                       23,                       1.2
90,                            67,                       23,                       1.2
90,                            67,                       23,                       1.2
90,                            67,                       23,                       1.21
90,                            67,                       23,                       1.21
90,                            67,                       23,                       1.21
90,                            67,                       23,                       1.21
90,                            67,                       23,                       1.21
90,                            67,                       23,                       1.21
90,                            67,                       23,                       1.22
90,                            67,                       23,                       1.21
90,                            67,                       23,                       1.21
90,                            67,                       23,                       1.21
90,                            67,                       23,                       1.19
90,                            67,                       23,                       1.2
90,                            67,                       23,                       1.21
90,                            67,                       23,                       1.22
90,                            67,                       23,                       1.25
90,                            67,                       23,                       1.21
90,                            67,                       23,                       1.2
90,                            67,                       23,                       1.21
