COMMENT : The search result by Simulated-Annealing for Cauchy_Good Fri Jan 26 18:35:51 2018

tech : Cauchy_Good
algorithm : Simulated-Annealing
k : 6
m : 6
w : 5
failed_disk_id : 0
conventional_symbol_number    optimized_symbol_number    reduced_symbol_number    time
30,                            22,                       8,                       0.01184
30,                            22,                       8,                       0.010979
30,                            22,                       8,                       0.012038
30,                            22,                       8,                       0.01132
30,                            22,                       8,                       0.010154
30,                            22,                       8,                       0.010848
30,                            22,                       8,                       0.010712
30,                            22,                       8,                       0.01105
30,                            22,                       8,                       0.011557
30,                            22,                       8,                       0.011941
30,                            22,                       8,                       0.012003
30,                            22,                       8,                       0.01148
30,                            22,                       8,                       0.010733
30,                            22,                       8,                       0.011699
30,                            22,                       8,                       0.011411
30,                            22,                       8,                       0.020453
30,                            22,                       8,                       0.01152
30,                            22,                       8,                       0.010785
30,                            22,                       8,                       0.011472
30,                            22,                       8,                       0.010842
30,                            22,                       8,                       0.010742
30,                            22,                       8,                       0.012006
30,                            22,                       8,                       0.012068
30,                            22,                       8,                       0.010423
30,                            22,                       8,                       0.010761
30,                            22,                       8,                       0.011801
30,                            22,                       8,                       0.011849
30,                            22,                       8,                       0.011325
30,                            22,                       8,                       0.010468
30,                            22,                       8,                       0.010661
30,                            22,                       8,                       0.012316
30,                            22,                       8,                       0.010122
30,                            22,                       8,                       0.010678
30,                            22,                       8,                       0.010184
30,                            23,                       7,                       0.012007
30,                            22,                       8,                       0.011439
30,                            22,                       8,                       0.00985
30,                            22,                       8,                       0.009867
30,                            22,                       8,                       0.010884
30,                            22,                       8,                       0.010311
30,                            22,                       8,                       0.010637
30,                            22,                       8,                       0.011094
30,                            22,                       8,                       0.011045
30,                            22,                       8,                       0.0108
30,                            22,                       8,                       0.010224
30,                            22,                       8,                       0.010863
30,                            22,                       8,                       0.01124
30,                            22,                       8,                       0.010498
30,                            22,                       8,                       0.010397
30,                            22,                       8,                       0.010843
30,                            22,                       8,                       0.011116
30,                            22,                       8,                       0.010475
30,                            22,                       8,                       0.010333
30,                            22,                       8,                       0.011382
30,                            22,                       8,                       0.010313
30,                            22,                       8,                       0.011042
30,                            22,                       8,                       0.010431
30,                            22,                       8,                       0.010346
30,                            22,                       8,                       0.01017
30,                            22,                       8,                       0.011286
30,                            22,                       8,                       0.010371
30,                            22,                       8,                       0.010538
30,                            22,                       8,                       0.009837
30,                            22,                       8,                       0.010695
30,                            22,                       8,                       0.010778
30,                            23,                       7,                       0.011964
30,                            22,                       8,                       0.01257
30,                            22,                       8,                       0.010481
30,                            22,                       8,                       0.009843
30,                            22,                       8,                       0.012533
30,                            22,                       8,                       0.011039
30,                            22,                       8,                       0.011169
30,                            22,                       8,                       0.012091
30,                            22,                       8,                       0.010927
30,                            22,                       8,                       0.010659
30,                            22,                       8,                       0.010814
30,                            22,                       8,                       0.010671
30,                            22,                       8,                       0.01109
30,                            22,                       8,                       0.011186
30,                            22,                       8,                       0.011956
30,                            22,                       8,                       0.012213
30,                            22,                       8,                       0.011359
30,                            22,                       8,                       0.010643
30,                            23,                       7,                       0.01114
30,                            23,                       7,                       0.010345
30,                            22,                       8,                       0.01053
30,                            22,                       8,                       0.010684
30,                            22,                       8,                       0.011628
30,                            22,                       8,                       0.01168
30,                            22,                       8,                       0.010967
30,                            22,                       8,                       0.010411
30,                            22,                       8,                       0.010665
30,                            22,                       8,                       0.010152
30,                            22,                       8,                       0.010485
30,                            22,                       8,                       0.010555
30,                            22,                       8,                       0.010041
30,                            22,                       8,                       0.010292
30,                            22,                       8,                       0.010871
30,                            22,                       8,                       0.01044
30,                            22,                       8,                       0.011675
30,                            22,                       8,                       0.011057
30,                            22,                       8,                       0.010989
30,                            22,                       8,                       0.009908
30,                            22,                       8,                       0.010638
30,                            22,                       8,                       0.011215
30,                            22,                       8,                       0.010412
30,                            22,                       8,                       0.010909
30,                            22,                       8,                       0.010423
30,                            22,                       8,                       0.011258
30,                            22,                       8,                       0.010986
30,                            22,                       8,                       0.010515
30,                            22,                       8,                       0.009946
30,                            22,                       8,                       0.011616
30,                            22,                       8,                       0.010401
30,                            22,                       8,                       0.011364
30,                            22,                       8,                       0.010326
30,                            22,                       8,                       0.010433
30,                            22,                       8,                       0.010529
30,                            23,                       7,                       0.011321
30,                            22,                       8,                       0.011181
30,                            22,                       8,                       0.01083
30,                            22,                       8,                       0.011819
30,                            22,                       8,                       0.010367
30,                            22,                       8,                       0.010429
30,                            22,                       8,                       0.010919
30,                            22,                       8,                       0.010474
30,                            22,                       8,                       0.012066
30,                            22,                       8,                       0.010539
30,                            22,                       8,                       0.011205
30,                            22,                       8,                       0.011374
30,                            22,                       8,                       0.010075
30,                            22,                       8,                       0.010836
30,                            22,                       8,                       0.010192
30,                            22,                       8,                       0.010329
30,                            22,                       8,                       0.011146
30,                            22,                       8,                       0.010579
30,                            22,                       8,                       0.010079
30,                            22,                       8,                       0.011829
30,                            22,                       8,                       0.011868
30,                            22,                       8,                       0.010415
30,                            22,                       8,                       0.011691
30,                            22,                       8,                       0.010786
30,                            22,                       8,                       0.010655
30,                            22,                       8,                       0.010927
30,                            22,                       8,                       0.010387
30,                            22,                       8,                       0.010111
30,                            22,                       8,                       0.011361
30,                            22,                       8,                       0.010969
30,                            22,                       8,                       0.011187
30,                            22,                       8,                       0.010099
30,                            22,                       8,                       0.010554
30,                            22,                       8,                       0.011145
30,                            22,                       8,                       0.01072
30,                            22,                       8,                       0.011039
30,                            22,                       8,                       0.010916
30,                            22,                       8,                       0.010235
30,                            22,                       8,                       0.011769
30,                            22,                       8,                       0.010422
30,                            22,                       8,                       0.010687
30,                            22,                       8,                       0.010725
30,                            22,                       8,                       0.010244
30,                            22,                       8,                       0.01061
30,                            22,                       8,                       0.011151
30,                            22,                       8,                       0.010075
30,                            22,                       8,                       0.012314
30,                            22,                       8,                       0.011328
30,                            22,                       8,                       0.010186
30,                            22,                       8,                       0.01108
30,                            22,                       8,                       0.010022
30,                            22,                       8,                       0.012475
30,                            22,                       8,                       0.010974
30,                            22,                       8,                       0.010999
30,                            22,                       8,                       0.01136
30,                            22,                       8,                       0.01141
30,                            22,                       8,                       0.011741
30,                            22,                       8,                       0.010567
30,                            22,                       8,                       0.010561
30,                            22,                       8,                       0.010953
30,                            22,                       8,                       0.011292
30,                            22,                       8,                       0.010274
30,                            22,                       8,                       0.010138
30,                            22,                       8,                       0.010821
30,                            22,                       8,                       0.010902
30,                            22,                       8,                       0.011012
30,                            22,                       8,                       0.009948
30,                            22,                       8,                       0.012026
30,                            22,                       8,                       0.011679
30,                            22,                       8,                       0.012166
30,                            22,                       8,                       0.010849
30,                            22,                       8,                       0.01114
30,                            22,                       8,                       0.010599
30,                            22,                       8,                       0.011733
30,                            22,                       8,                       0.010169
30,                            22,                       8,                       0.011272
30,                            22,                       8,                       0.012163
30,                            22,                       8,                       0.01144
30,                            22,                       8,                       0.010711
30,                            22,                       8,                       0.010388
30,                            22,                       8,                       0.009978
30,                            22,                       8,                       0.011004
30,                            22,                       8,                       0.010916
30,                            22,                       8,                       0.011852
30,                            22,                       8,                       0.010482
30,                            22,                       8,                       0.011542
30,                            22,                       8,                       0.01179
30,                            22,                       8,                       0.01041
30,                            22,                       8,                       0.010582
30,                            22,                       8,                       0.010829
30,                            22,                       8,                       0.011265
30,                            22,                       8,                       0.010513
30,                            22,                       8,                       0.011667
30,                            22,                       8,                       0.011157
30,                            22,                       8,                       0.010339
30,                            22,                       8,                       0.010209
30,                            22,                       8,                       0.010578
30,                            22,                       8,                       0.010588
30,                            22,                       8,                       0.011174
30,                            22,                       8,                       0.010628
30,                            22,                       8,                       0.009789
30,                            22,                       8,                       0.010263
30,                            22,                       8,                       0.011133
30,                            22,                       8,                       0.011635
30,                            22,                       8,                       0.011927
30,                            22,                       8,                       0.011046
30,                            22,                       8,                       0.011008
30,                            22,                       8,                       0.010455
30,                            22,                       8,                       0.010662
30,                            22,                       8,                       0.0097
30,                            22,                       8,                       0.009877
30,                            22,                       8,                       0.010655
30,                            22,                       8,                       0.011418
30,                            22,                       8,                       0.011016
30,                            22,                       8,                       0.010348
30,                            22,                       8,                       0.012031
30,                            22,                       8,                       0.011305
30,                            22,                       8,                       0.01101
30,                            22,                       8,                       0.011869
30,                            22,                       8,                       0.01015
30,                            22,                       8,                       0.010631
30,                            22,                       8,                       0.010968
30,                            22,                       8,                       0.011083
30,                            22,                       8,                       0.010542
30,                            22,                       8,                       0.010582
30,                            22,                       8,                       0.010946
30,                            22,                       8,                       0.011334
30,                            22,                       8,                       0.010671
30,                            22,                       8,                       0.01012
30,                            22,                       8,                       0.010112
30,                            22,                       8,                       0.010217
30,                            23,                       7,                       0.011625
30,                            22,                       8,                       0.01078
30,                            22,                       8,                       0.010982
30,                            22,                       8,                       0.010669
30,                            22,                       8,                       0.010933
30,                            22,                       8,                       0.010512
30,                            22,                       8,                       0.010858
30,                            23,                       7,                       0.012187
30,                            22,                       8,                       0.010949
30,                            22,                       8,                       0.010112
30,                            22,                       8,                       0.010234
30,                            22,                       8,                       0.010954
30,                            22,                       8,                       0.012073
30,                            22,                       8,                       0.011004
30,                            23,                       7,                       0.01072
30,                            22,                       8,                       0.010941
30,                            22,                       8,                       0.010487
30,                            22,                       8,                       0.010513
30,                            22,                       8,                       0.011093
30,                            22,                       8,                       0.011696
30,                            22,                       8,                       0.010882
30,                            22,                       8,                       0.009619
30,                            22,                       8,                       0.010546
30,                            22,                       8,                       0.010394
30,                            22,                       8,                       0.010415
30,                            23,                       7,                       0.011324
30,                            22,                       8,                       0.010232
30,                            22,                       8,                       0.009956
30,                            22,                       8,                       0.011688
30,                            22,                       8,                       0.010287
30,                            22,                       8,                       0.010092
30,                            22,                       8,                       0.011888
30,                            22,                       8,                       0.011246
30,                            22,                       8,                       0.010697
30,                            22,                       8,                       0.010658
30,                            22,                       8,                       0.010779
30,                            22,                       8,                       0.011098
30,                            22,                       8,                       0.010817
30,                            22,                       8,                       0.010005
30,                            22,                       8,                       0.011449
30,                            22,                       8,                       0.011534
30,                            22,                       8,                       0.010497
30,                            22,                       8,                       0.010311
30,                            22,                       8,                       0.009965
30,                            23,                       7,                       0.011723
30,                            23,                       7,                       0.011805
30,                            22,                       8,                       0.010016
30,                            22,                       8,                       0.01072
30,                            22,                       8,                       0.010106
30,                            22,                       8,                       0.010555
30,                            22,                       8,                       0.010568
