COMMENT : The search result by Simulated-Annealing for Cauchy_Good Fri Jan 26 18:35:48 2018

tech : Cauchy_Good
algorithm : Simulated-Annealing
k : 5
m : 4
w : 8
failed_disk_id : 0
conventional_symbol_number    optimized_symbol_number    reduced_symbol_number    time
40,                            29,                       11,                       0.124863
40,                            30,                       10,                       0.117308
40,                            30,                       10,                       0.115038
40,                            29,                       11,                       0.121353
40,                            29,                       11,                       0.10978
40,                            29,                       11,                       0.122103
40,                            30,                       10,                       0.122798
40,                            29,                       11,                       0.117446
40,                            29,                       11,                       0.119512
40,                            29,                       11,                       0.116887
40,                            30,                       10,                       0.120714
40,                            31,                       9,                       0.138234
40,                            30,                       10,                       0.121793
40,                            29,                       11,                       0.110472
40,                            31,                       9,                       0.115153
40,                            32,                       8,                       0.139056
40,                            30,                       10,                       0.129499
40,                            29,                       11,                       0.116231
40,                            30,                       10,                       0.122782
40,                            31,                       9,                       0.118494
40,                            30,                       10,                       0.110609
40,                            29,                       11,                       0.120417
40,                            29,                       11,                       0.115324
40,                            29,                       11,                       0.114892
40,                            29,                       11,                       0.111185
40,                            29,                       11,                       0.108317
40,                            30,                       10,                       0.117137
40,                            30,                       10,                       0.138719
40,                            31,                       9,                       0.113495
40,                            29,                       11,                       0.11609
40,                            31,                       9,                       0.116482
40,                            29,                       11,                       0.110761
40,                            31,                       9,                       0.115664
40,                            29,                       11,                       0.108317
40,                            31,                       9,                       0.120135
40,                            29,                       11,                       0.110813
40,                            29,                       11,                       0.117026
40,                            29,                       11,                       0.121717
40,                            29,                       11,                       0.115612
40,                            29,                       11,                       0.117193
40,                            29,                       11,                       0.113775
40,                            30,                       10,                       0.110816
40,                            29,                       11,                       0.118532
40,                            30,                       10,                       0.120425
40,                            30,                       10,                       0.114084
40,                            31,                       9,                       0.111796
40,                            30,                       10,                       0.110432
40,                            30,                       10,                       0.115487
40,                            30,                       10,                       0.112334
40,                            30,                       10,                       0.118353
40,                            30,                       10,                       0.116015
40,                            30,                       10,                       0.10759
40,                            29,                       11,                       0.109332
40,                            29,                       11,                       0.109621
40,                            29,                       11,                       0.11501
40,                            30,                       10,                       0.122661
40,                            29,                       11,                       0.10505
40,                            30,                       10,                       0.111626
40,                            29,                       11,                       0.117547
40,                            31,                       9,                       0.110704
40,                            30,                       10,                       0.11354
40,                            30,                       10,                       0.11465
40,                            29,                       11,                       0.107174
40,                            29,                       11,                       0.115632
40,                            29,                       11,                       0.110218
40,                            30,                       10,                       0.113008
40,                            30,                       10,                       0.105339
40,                            29,                       11,                       0.113456
40,                            30,                       10,                       0.126526
40,                            30,                       10,                       0.121947
40,                            31,                       9,                       0.117763
40,                            30,                       10,                       0.116389
40,                            29,                       11,                       0.122955
40,                            29,                       11,                       0.110111
40,                            31,                       9,                       0.111199
40,                            29,                       11,                       0.109446
40,                            29,                       11,                       0.116028
40,                            29,                       11,                       0.121452
40,                            31,                       9,                       0.112894
40,                            29,                       11,                       0.121436
40,                            30,                       10,                       0.12732
40,                            29,                       11,                       0.112666
40,                            29,                       11,                       0.116952
40,                            29,                       11,                       0.11899
40,                            30,                       10,                       0.116292
40,                            30,                       10,                       0.120863
40,                            30,                       10,                       0.116606
40,                            30,                       10,                       0.111691
40,                            30,                       10,                       0.116795
40,                            31,                       9,                       0.11218
40,                            30,                       10,                       0.120317
40,                            29,                       11,                       0.110304
40,                            29,                       11,                       0.109372
40,                            29,                       11,                       0.120538
40,                            30,                       10,                       0.12135
40,                            30,                       10,                       0.108515
40,                            29,                       11,                       0.111051
40,                            29,                       11,                       0.117141
40,                            29,                       11,                       0.114756
40,                            30,                       10,                       0.112252
40,                            30,                       10,                       0.116476
40,                            29,                       11,                       0.106702
40,                            29,                       11,                       0.112684
40,                            30,                       10,                       0.109279
40,                            30,                       10,                       0.116301
40,                            30,                       10,                       0.109145
40,                            30,                       10,                       0.122775
40,                            31,                       9,                       0.110755
40,                            30,                       10,                       0.111974
40,                            29,                       11,                       0.115498
40,                            29,                       11,                       0.11447
40,                            29,                       11,                       0.115005
40,                            30,                       10,                       0.11337
40,                            29,                       11,                       0.110197
40,                            31,                       9,                       0.119424
40,                            31,                       9,                       0.114215
40,                            30,                       10,                       0.107593
40,                            30,                       10,                       0.112282
40,                            29,                       11,                       0.110628
40,                            30,                       10,                       0.112098
40,                            29,                       11,                       0.116241
40,                            30,                       10,                       0.123766
40,                            29,                       11,                       0.117132
40,                            31,                       9,                       0.113173
40,                            31,                       9,                       0.107875
40,                            29,                       11,                       0.113996
40,                            30,                       10,                       0.106603
40,                            29,                       11,                       0.116002
40,                            30,                       10,                       0.110107
40,                            30,                       10,                       0.112984
40,                            30,                       10,                       0.113572
40,                            29,                       11,                       0.111602
40,                            30,                       10,                       0.112711
40,                            29,                       11,                       0.115329
40,                            30,                       10,                       0.120361
40,                            30,                       10,                       0.110304
40,                            29,                       11,                       0.11424
40,                            31,                       9,                       0.111653
40,                            30,                       10,                       0.121956
40,                            29,                       11,                       0.119015
40,                            30,                       10,                       0.109706
40,                            31,                       9,                       0.109106
40,                            30,                       10,                       0.111291
40,                            30,                       10,                       0.108472
40,                            30,                       10,                       0.111988
40,                            29,                       11,                       0.111934
40,                            29,                       11,                       0.120361
40,                            30,                       10,                       0.111131
40,                            29,                       11,                       0.109975
40,                            29,                       11,                       0.118293
40,                            30,                       10,                       0.111098
40,                            30,                       10,                       0.118651
40,                            29,                       11,                       0.113496
40,                            30,                       10,                       0.125319
40,                            31,                       9,                       0.114883
40,                            31,                       9,                       0.133759
40,                            30,                       10,                       0.111355
40,                            30,                       10,                       0.109832
40,                            29,                       11,                       0.116912
40,                            29,                       11,                       0.114366
40,                            29,                       11,                       0.111097
40,                            29,                       11,                       0.117942
40,                            29,                       11,                       0.114591
40,                            29,                       11,                       0.104952
40,                            30,                       10,                       0.122106
40,                            29,                       11,                       0.119327
40,                            30,                       10,                       0.122982
40,                            30,                       10,                       0.113593
40,                            31,                       9,                       0.1129
40,                            31,                       9,                       0.127295
40,                            30,                       10,                       0.122026
40,                            30,                       10,                       0.110387
40,                            29,                       11,                       0.120702
40,                            29,                       11,                       0.115085
40,                            29,                       11,                       0.113644
40,                            29,                       11,                       0.113442
40,                            29,                       11,                       0.113282
40,                            30,                       10,                       0.112953
40,                            30,                       10,                       0.1136
40,                            30,                       10,                       0.108523
40,                            30,                       10,                       0.105283
40,                            30,                       10,                       0.107987
40,                            30,                       10,                       0.122943
40,                            30,                       10,                       0.113876
40,                            30,                       10,                       0.110647
40,                            31,                       9,                       0.115883
40,                            29,                       11,                       0.112456
40,                            29,                       11,                       0.111803
40,                            29,                       11,                       0.113186
40,                            31,                       9,                       0.112559
40,                            29,                       11,                       0.115979
40,                            31,                       9,                       0.113991
40,                            29,                       11,                       0.113912
40,                            31,                       9,                       0.117609
40,                            30,                       10,                       0.114977
40,                            31,                       9,                       0.122348
40,                            29,                       11,                       0.113563
40,                            29,                       11,                       0.113902
40,                            29,                       11,                       0.11232
40,                            30,                       10,                       0.107489
40,                            29,                       11,                       0.11736
40,                            29,                       11,                       0.114744
40,                            30,                       10,                       0.118678
40,                            29,                       11,                       0.110651
40,                            29,                       11,                       0.111647
40,                            29,                       11,                       0.111963
40,                            29,                       11,                       0.108826
40,                            30,                       10,                       0.109991
40,                            30,                       10,                       0.110844
40,                            30,                       10,                       0.119643
40,                            31,                       9,                       0.113617
40,                            31,                       9,                       0.109761
40,                            29,                       11,                       0.11126
40,                            32,                       8,                       0.124332
40,                            30,                       10,                       0.119335
40,                            29,                       11,                       0.120522
40,                            29,                       11,                       0.113804
40,                            31,                       9,                       0.135263
40,                            30,                       10,                       0.111082
40,                            29,                       11,                       0.109837
40,                            29,                       11,                       0.11276
40,                            30,                       10,                       0.117879
40,                            29,                       11,                       0.101557
40,                            29,                       11,                       0.112745
40,                            30,                       10,                       0.107599
40,                            30,                       10,                       0.128134
40,                            31,                       9,                       0.113307
40,                            29,                       11,                       0.122128
40,                            30,                       10,                       0.112071
40,                            29,                       11,                       0.110057
40,                            29,                       11,                       0.101176
40,                            30,                       10,                       0.119099
40,                            30,                       10,                       0.117441
40,                            31,                       9,                       0.115221
40,                            30,                       10,                       0.111332
40,                            30,                       10,                       0.11016
40,                            31,                       9,                       0.115549
40,                            31,                       9,                       0.109754
40,                            30,                       10,                       0.103203
40,                            31,                       9,                       0.112343
40,                            29,                       11,                       0.111046
40,                            31,                       9,                       0.110181
40,                            29,                       11,                       0.10852
40,                            29,                       11,                       0.11187
40,                            31,                       9,                       0.121336
40,                            30,                       10,                       0.118412
40,                            30,                       10,                       0.112933
40,                            30,                       10,                       0.120867
40,                            29,                       11,                       0.112208
40,                            29,                       11,                       0.112343
40,                            29,                       11,                       0.1146
40,                            30,                       10,                       0.12159
40,                            30,                       10,                       0.116855
40,                            29,                       11,                       0.118896
40,                            30,                       10,                       0.119058
40,                            31,                       9,                       0.109275
40,                            31,                       9,                       0.118511
40,                            29,                       11,                       0.115509
40,                            30,                       10,                       0.118683
40,                            29,                       11,                       0.119934
40,                            29,                       11,                       0.114972
40,                            29,                       11,                       0.11373
40,                            30,                       10,                       0.113713
40,                            31,                       9,                       0.116735
40,                            30,                       10,                       0.111037
40,                            29,                       11,                       0.11145
40,                            29,                       11,                       0.112117
40,                            30,                       10,                       0.126063
40,                            31,                       9,                       0.123899
40,                            29,                       11,                       0.111327
40,                            29,                       11,                       0.114647
40,                            29,                       11,                       0.113074
40,                            29,                       11,                       0.114941
40,                            31,                       9,                       0.118042
40,                            30,                       10,                       0.111425
40,                            30,                       10,                       0.110276
40,                            29,                       11,                       0.106771
40,                            30,                       10,                       0.11325
40,                            29,                       11,                       0.107474
40,                            29,                       11,                       0.111795
40,                            29,                       11,                       0.099539
40,                            31,                       9,                       0.113908
40,                            31,                       9,                       0.110997
40,                            29,                       11,                       0.105941
40,                            29,                       11,                       0.115442
40,                            30,                       10,                       0.121274
40,                            29,                       11,                       0.117324
40,                            30,                       10,                       0.109418
40,                            29,                       11,                       0.117598
40,                            29,                       11,                       0.117954
40,                            31,                       9,                       0.11869
40,                            29,                       11,                       0.109235
40,                            30,                       10,                       0.113462
40,                            31,                       9,                       0.111698
40,                            30,                       10,                       0.113302
40,                            29,                       11,                       0.114116
40,                            30,                       10,                       0.112506
40,                            30,                       10,                       0.112773
40,                            30,                       10,                       0.115309
40,                            30,                       10,                       0.112997
