COMMENT : The search result by Simulated-Annealing for Cauchy_Good Fri Jan 26 18:35:51 2018

tech : Cauchy_Good
algorithm : Simulated-Annealing
k : 7
m : 2
w : 6
failed_disk_id : 0
conventional_symbol_number    optimized_symbol_number    reduced_symbol_number    time
42,                            32,                       10,                       0.008321
42,                            32,                       10,                       0.008303
42,                            32,                       10,                       0.00853
42,                            32,                       10,                       0.008294
42,                            32,                       10,                       0.007491
42,                            32,                       10,                       0.007842
42,                            32,                       10,                       0.007493
42,                            32,                       10,                       0.007469
42,                            32,                       10,                       0.007546
42,                            32,                       10,                       0.007487
42,                            32,                       10,                       0.008104
42,                            32,                       10,                       0.007971
42,                            32,                       10,                       0.00818
42,                            32,                       10,                       0.007798
42,                            32,                       10,                       0.008304
42,                            32,                       10,                       0.008103
42,                            32,                       10,                       0.007858
42,                            32,                       10,                       0.007881
42,                            32,                       10,                       0.008696
42,                            32,                       10,                       0.008946
42,                            32,                       10,                       0.008397
42,                            32,                       10,                       0.007662
42,                            32,                       10,                       0.00753
42,                            32,                       10,                       0.007811
42,                            32,                       10,                       0.007693
42,                            32,                       10,                       0.007552
42,                            32,                       10,                       0.00774
42,                            32,                       10,                       0.007896
42,                            32,                       10,                       0.007756
42,                            32,                       10,                       0.007863
42,                            32,                       10,                       0.00744
42,                            32,                       10,                       0.007765
42,                            32,                       10,                       0.007461
42,                            32,                       10,                       0.00758
42,                            32,                       10,                       0.007722
42,                            32,                       10,                       0.007923
42,                            32,                       10,                       0.008036
42,                            32,                       10,                       0.007401
42,                            32,                       10,                       0.007379
42,                            32,                       10,                       0.007565
42,                            32,                       10,                       0.007491
42,                            32,                       10,                       0.007383
42,                            32,                       10,                       0.007923
42,                            32,                       10,                       0.007599
42,                            32,                       10,                       0.007501
42,                            32,                       10,                       0.007323
42,                            32,                       10,                       0.007352
42,                            32,                       10,                       0.00751
42,                            32,                       10,                       0.007819
42,                            32,                       10,                       0.00707
42,                            32,                       10,                       0.007532
42,                            32,                       10,                       0.007233
42,                            32,                       10,                       0.00767
42,                            32,                       10,                       0.007437
42,                            32,                       10,                       0.008511
42,                            32,                       10,                       0.007654
42,                            32,                       10,                       0.007418
42,                            32,                       10,                       0.007804
42,                            32,                       10,                       0.007795
42,                            32,                       10,                       0.007354
42,                            32,                       10,                       0.007639
42,                            32,                       10,                       0.00774
42,                            32,                       10,                       0.007408
42,                            32,                       10,                       0.007456
42,                            32,                       10,                       0.007242
42,                            32,                       10,                       0.007584
42,                            32,                       10,                       0.007368
42,                            32,                       10,                       0.007891
42,                            32,                       10,                       0.007242
42,                            32,                       10,                       0.007821
42,                            32,                       10,                       0.00746
42,                            32,                       10,                       0.007622
42,                            32,                       10,                       0.007651
42,                            32,                       10,                       0.007316
42,                            32,                       10,                       0.007365
42,                            32,                       10,                       0.007525
42,                            32,                       10,                       0.007368
42,                            32,                       10,                       0.007483
42,                            32,                       10,                       0.007444
42,                            32,                       10,                       0.007461
42,                            32,                       10,                       0.008164
42,                            32,                       10,                       0.007365
42,                            32,                       10,                       0.007605
42,                            32,                       10,                       0.007799
42,                            32,                       10,                       0.008399
42,                            32,                       10,                       0.007368
42,                            32,                       10,                       0.007704
42,                            32,                       10,                       0.007784
42,                            32,                       10,                       0.007229
42,                            32,                       10,                       0.007583
42,                            32,                       10,                       0.008175
42,                            32,                       10,                       0.007983
42,                            32,                       10,                       0.007589
42,                            32,                       10,                       0.007505
42,                            32,                       10,                       0.007975
42,                            32,                       10,                       0.007746
42,                            32,                       10,                       0.007653
42,                            32,                       10,                       0.007857
42,                            32,                       10,                       0.00758
42,                            32,                       10,                       0.007369
42,                            32,                       10,                       0.008046
42,                            32,                       10,                       0.008124
42,                            32,                       10,                       0.007833
42,                            32,                       10,                       0.00751
42,                            32,                       10,                       0.00825
42,                            32,                       10,                       0.008113
42,                            32,                       10,                       0.007956
42,                            32,                       10,                       0.007788
42,                            32,                       10,                       0.007983
42,                            32,                       10,                       0.007487
42,                            32,                       10,                       0.007402
42,                            32,                       10,                       0.008552
42,                            32,                       10,                       0.007667
42,                            32,                       10,                       0.007541
42,                            32,                       10,                       0.007549
42,                            32,                       10,                       0.007822
42,                            32,                       10,                       0.007704
42,                            32,                       10,                       0.007846
42,                            32,                       10,                       0.007656
42,                            32,                       10,                       0.007703
42,                            32,                       10,                       0.007716
42,                            32,                       10,                       0.008294
42,                            32,                       10,                       0.007476
42,                            32,                       10,                       0.007696
42,                            32,                       10,                       0.00799
42,                            32,                       10,                       0.007885
42,                            32,                       10,                       0.007941
42,                            32,                       10,                       0.007142
42,                            32,                       10,                       0.007466
42,                            32,                       10,                       0.007626
42,                            32,                       10,                       0.007278
42,                            32,                       10,                       0.007877
42,                            32,                       10,                       0.007817
42,                            32,                       10,                       0.007357
42,                            32,                       10,                       0.007923
42,                            32,                       10,                       0.007462
42,                            32,                       10,                       0.007867
42,                            32,                       10,                       0.00764
42,                            32,                       10,                       0.007728
42,                            32,                       10,                       0.007491
42,                            32,                       10,                       0.00756
42,                            32,                       10,                       0.007901
42,                            32,                       10,                       0.007441
42,                            32,                       10,                       0.007487
42,                            32,                       10,                       0.007916
42,                            32,                       10,                       0.007941
42,                            32,                       10,                       0.007515
42,                            32,                       10,                       0.007912
42,                            32,                       10,                       0.007501
42,                            32,                       10,                       0.007603
42,                            32,                       10,                       0.007453
42,                            32,                       10,                       0.007318
42,                            32,                       10,                       0.008079
42,                            32,                       10,                       0.007327
42,                            32,                       10,                       0.00758
42,                            32,                       10,                       0.007402
42,                            32,                       10,                       0.007685
42,                            32,                       10,                       0.007935
42,                            32,                       10,                       0.007847
42,                            32,                       10,                       0.007781
42,                            32,                       10,                       0.008049
42,                            32,                       10,                       0.007451
42,                            32,                       10,                       0.00746
42,                            32,                       10,                       0.007749
42,                            32,                       10,                       0.007998
42,                            32,                       10,                       0.007367
42,                            32,                       10,                       0.007744
42,                            32,                       10,                       0.007545
42,                            32,                       10,                       0.007702
42,                            32,                       10,                       0.007724
42,                            32,                       10,                       0.007566
42,                            32,                       10,                       0.007421
42,                            32,                       10,                       0.00779
42,                            32,                       10,                       0.007733
42,                            32,                       10,                       0.00779
42,                            32,                       10,                       0.007779
42,                            32,                       10,                       0.007401
42,                            32,                       10,                       0.007917
42,                            32,                       10,                       0.007844
42,                            32,                       10,                       0.007909
42,                            32,                       10,                       0.007669
42,                            32,                       10,                       0.007577
42,                            32,                       10,                       0.007609
42,                            32,                       10,                       0.007536
42,                            32,                       10,                       0.007585
42,                            32,                       10,                       0.007421
42,                            32,                       10,                       0.00794
42,                            32,                       10,                       0.007345
42,                            32,                       10,                       0.007758
42,                            32,                       10,                       0.007851
42,                            32,                       10,                       0.007676
42,                            32,                       10,                       0.007865
42,                            32,                       10,                       0.007785
42,                            32,                       10,                       0.007642
42,                            32,                       10,                       0.007372
42,                            32,                       10,                       0.007922
42,                            32,                       10,                       0.007714
42,                            32,                       10,                       0.007385
42,                            32,                       10,                       0.007423
42,                            32,                       10,                       0.007614
42,                            32,                       10,                       0.008453
42,                            32,                       10,                       0.008819
42,                            32,                       10,                       0.007625
42,                            32,                       10,                       0.007563
42,                            32,                       10,                       0.007605
42,                            32,                       10,                       0.007705
42,                            32,                       10,                       0.007463
42,                            32,                       10,                       0.007811
42,                            32,                       10,                       0.007352
42,                            32,                       10,                       0.008184
42,                            32,                       10,                       0.007613
42,                            32,                       10,                       0.007843
42,                            32,                       10,                       0.007296
42,                            32,                       10,                       0.007694
42,                            32,                       10,                       0.007745
42,                            32,                       10,                       0.007825
42,                            32,                       10,                       0.007361
42,                            32,                       10,                       0.008038
42,                            32,                       10,                       0.007569
42,                            32,                       10,                       0.007409
42,                            32,                       10,                       0.007321
42,                            32,                       10,                       0.008192
42,                            32,                       10,                       0.007873
42,                            32,                       10,                       0.008002
42,                            32,                       10,                       0.007437
42,                            32,                       10,                       0.007419
42,                            32,                       10,                       0.007723
42,                            32,                       10,                       0.007418
42,                            32,                       10,                       0.007625
42,                            32,                       10,                       0.007655
42,                            32,                       10,                       0.007991
42,                            32,                       10,                       0.007619
42,                            32,                       10,                       0.007497
42,                            32,                       10,                       0.007705
42,                            32,                       10,                       0.007631
42,                            32,                       10,                       0.007203
42,                            32,                       10,                       0.008145
42,                            32,                       10,                       0.007427
42,                            32,                       10,                       0.0079
42,                            32,                       10,                       0.008027
42,                            32,                       10,                       0.007928
42,                            32,                       10,                       0.007934
42,                            32,                       10,                       0.007562
42,                            32,                       10,                       0.008831
42,                            32,                       10,                       0.007603
42,                            32,                       10,                       0.007929
42,                            32,                       10,                       0.007873
42,                            32,                       10,                       0.007427
42,                            32,                       10,                       0.007625
42,                            32,                       10,                       0.007756
42,                            32,                       10,                       0.007464
42,                            32,                       10,                       0.007363
42,                            32,                       10,                       0.007433
42,                            32,                       10,                       0.007719
42,                            32,                       10,                       0.007541
42,                            32,                       10,                       0.007601
42,                            32,                       10,                       0.007506
42,                            32,                       10,                       0.007888
42,                            32,                       10,                       0.007867
42,                            32,                       10,                       0.007554
42,                            32,                       10,                       0.00732
42,                            32,                       10,                       0.00744
42,                            32,                       10,                       0.007802
42,                            32,                       10,                       0.009038
42,                            32,                       10,                       0.007869
42,                            32,                       10,                       0.007967
42,                            32,                       10,                       0.007421
42,                            32,                       10,                       0.00748
42,                            32,                       10,                       0.007732
42,                            32,                       10,                       0.007787
42,                            32,                       10,                       0.007971
42,                            32,                       10,                       0.007423
42,                            32,                       10,                       0.007628
42,                            32,                       10,                       0.007838
42,                            32,                       10,                       0.007498
42,                            32,                       10,                       0.007239
42,                            32,                       10,                       0.008035
42,                            32,                       10,                       0.007673
42,                            32,                       10,                       0.007422
42,                            32,                       10,                       0.00757
42,                            32,                       10,                       0.008051
42,                            32,                       10,                       0.007475
42,                            32,                       10,                       0.007888
42,                            32,                       10,                       0.007615
42,                            32,                       10,                       0.007542
42,                            32,                       10,                       0.008087
42,                            32,                       10,                       0.007913
42,                            32,                       10,                       0.008733
42,                            32,                       10,                       0.007815
42,                            32,                       10,                       0.008367
42,                            32,                       10,                       0.007907
42,                            32,                       10,                       0.007639
42,                            32,                       10,                       0.007242
42,                            32,                       10,                       0.007477
42,                            32,                       10,                       0.007673
42,                            32,                       10,                       0.00752
42,                            32,                       10,                       0.00789
42,                            32,                       10,                       0.008705
42,                            32,                       10,                       0.007705
42,                            32,                       10,                       0.007454
