COMMENT : The search result by Simulated-Annealing for Cauchy_Good Thu Jan 25 17:16:21 2018

tech : Cauchy_Good
algorithm : Simulated-Annealing
k : 5
m : 2
w : 10
failed_disk_id : 0
conventional_symbol_number    optimized_symbol_number    reduced_symbol_number    time
50,                            36,                       14,                       0.66
50,                            36,                       14,                       0.66
50,                            36,                       14,                       0.65
50,                            36,                       14,                       0.66
50,                            36,                       14,                       0.66
50,                            36,                       14,                       0.65
50,                            36,                       14,                       0.65
50,                            36,                       14,                       0.65
50,                            36,                       14,                       0.65
50,                            36,                       14,                       0.65
50,                            36,                       14,                       0.65
50,                            36,                       14,                       0.65
50,                            36,                       14,                       0.65
50,                            36,                       14,                       0.65
50,                            36,                       14,                       0.66
50,                            36,                       14,                       0.65
50,                            36,                       14,                       0.65
50,                            36,                       14,                       0.66
50,                            36,                       14,                       0.65
50,                            36,                       14,                       0.65
50,                            36,                       14,                       0.65
50,                            36,                       14,                       0.66
50,                            36,                       14,                       0.65
50,                            36,                       14,                       0.65
50,                            36,                       14,                       0.65
50,                            36,                       14,                       0.65
50,                            36,                       14,                       0.65
50,                            36,                       14,                       0.65
50,                            36,                       14,                       0.65
50,                            36,                       14,                       0.66
50,                            36,                       14,                       0.66
50,                            36,                       14,                       0.65
50,                            36,                       14,                       0.65
50,                            36,                       14,                       0.65
50,                            36,                       14,                       0.65
50,                            36,                       14,                       0.65
50,                            36,                       14,                       0.66
50,                            36,                       14,                       0.65
50,                            36,                       14,                       0.66
50,                            36,                       14,                       0.65
50,                            36,                       14,                       0.65
50,                            36,                       14,                       0.65
50,                            36,                       14,                       0.65
50,                            36,                       14,                       0.65
50,                            36,                       14,                       0.66
50,                            36,                       14,                       0.66
50,                            36,                       14,                       0.65
50,                            36,                       14,                       0.65
50,                            36,                       14,                       0.65
50,                            36,                       14,                       0.65
50,                            36,                       14,                       0.65
50,                            36,                       14,                       0.65
50,                            36,                       14,                       0.65
50,                            36,                       14,                       0.66
50,                            36,                       14,                       0.65
50,                            36,                       14,                       0.65
50,                            36,                       14,                       0.65
50,                            36,                       14,                       0.65
50,                            36,                       14,                       0.65
50,                            36,                       14,                       0.66
50,                            36,                       14,                       0.65
50,                            36,                       14,                       0.65
50,                            36,                       14,                       0.66
50,                            36,                       14,                       0.74
50,                            36,                       14,                       0.65
50,                            36,                       14,                       0.66
50,                            36,                       14,                       0.65
50,                            36,                       14,                       0.66
50,                            36,                       14,                       0.65
50,                            36,                       14,                       0.66
50,                            36,                       14,                       0.66
50,                            36,                       14,                       0.65
50,                            36,                       14,                       0.65
50,                            36,                       14,                       0.66
50,                            36,                       14,                       0.66
50,                            36,                       14,                       0.65
50,                            36,                       14,                       0.65
50,                            36,                       14,                       0.66
50,                            36,                       14,                       0.66
50,                            36,                       14,                       0.65
50,                            36,                       14,                       0.66
50,                            36,                       14,                       0.65
50,                            36,                       14,                       0.67
50,                            36,                       14,                       0.67
50,                            36,                       14,                       0.66
50,                            36,                       14,                       0.65
50,                            36,                       14,                       0.65
50,                            36,                       14,                       0.65
50,                            36,                       14,                       0.65
50,                            36,                       14,                       0.66
50,                            36,                       14,                       0.65
50,                            36,                       14,                       0.65
50,                            36,                       14,                       0.66
50,                            36,                       14,                       0.65
50,                            36,                       14,                       0.65
50,                            36,                       14,                       0.65
50,                            36,                       14,                       0.65
50,                            36,                       14,                       0.66
50,                            36,                       14,                       0.66
50,                            36,                       14,                       0.66
