COMMENT : The search result by Simulated-Annealing for Cauchy_Good Fri Jan 26 18:35:52 2018

tech : Cauchy_Good
algorithm : Simulated-Annealing
k : 7
m : 4
w : 4
failed_disk_id : 0
conventional_symbol_number    optimized_symbol_number    reduced_symbol_number    time
28,                            22,                       6,                       0.003501
28,                            22,                       6,                       0.003812
28,                            22,                       6,                       0.002706
28,                            22,                       6,                       0.002866
28,                            22,                       6,                       0.002928
28,                            22,                       6,                       0.002854
28,                            22,                       6,                       0.002929
28,                            22,                       6,                       0.002665
28,                            22,                       6,                       0.002714
28,                            22,                       6,                       0.003417
28,                            22,                       6,                       0.002824
28,                            22,                       6,                       0.003135
28,                            22,                       6,                       0.003004
28,                            22,                       6,                       0.003001
28,                            22,                       6,                       0.003619
28,                            22,                       6,                       0.002705
28,                            22,                       6,                       0.00266
28,                            22,                       6,                       0.002895
28,                            22,                       6,                       0.002807
28,                            22,                       6,                       0.002977
28,                            22,                       6,                       0.002852
28,                            22,                       6,                       0.002926
28,                            22,                       6,                       0.002668
28,                            22,                       6,                       0.002971
28,                            22,                       6,                       0.002723
28,                            22,                       6,                       0.002759
28,                            22,                       6,                       0.002848
28,                            22,                       6,                       0.00291
28,                            22,                       6,                       0.002911
28,                            22,                       6,                       0.002843
28,                            22,                       6,                       0.002908
28,                            22,                       6,                       0.002736
28,                            22,                       6,                       0.002745
28,                            22,                       6,                       0.00281
28,                            22,                       6,                       0.002953
28,                            22,                       6,                       0.003084
28,                            22,                       6,                       0.003084
28,                            22,                       6,                       0.003008
28,                            22,                       6,                       0.003103
28,                            22,                       6,                       0.002984
28,                            22,                       6,                       0.003049
28,                            22,                       6,                       0.003003
28,                            22,                       6,                       0.002978
28,                            22,                       6,                       0.002915
28,                            22,                       6,                       0.002865
28,                            22,                       6,                       0.002758
28,                            22,                       6,                       0.002906
28,                            22,                       6,                       0.002748
28,                            22,                       6,                       0.003244
28,                            22,                       6,                       0.002705
28,                            22,                       6,                       0.002837
28,                            22,                       6,                       0.00276
28,                            22,                       6,                       0.002763
28,                            22,                       6,                       0.002895
28,                            22,                       6,                       0.002786
28,                            22,                       6,                       0.00263
28,                            22,                       6,                       0.002733
28,                            22,                       6,                       0.002947
28,                            22,                       6,                       0.002857
28,                            22,                       6,                       0.00285
28,                            22,                       6,                       0.002912
28,                            22,                       6,                       0.002733
28,                            22,                       6,                       0.002877
28,                            22,                       6,                       0.002853
28,                            22,                       6,                       0.002748
28,                            22,                       6,                       0.002806
28,                            22,                       6,                       0.002757
28,                            22,                       6,                       0.002732
28,                            22,                       6,                       0.003102
28,                            22,                       6,                       0.002837
28,                            22,                       6,                       0.002908
28,                            22,                       6,                       0.002865
28,                            22,                       6,                       0.002999
28,                            22,                       6,                       0.002835
28,                            22,                       6,                       0.002998
28,                            22,                       6,                       0.002774
28,                            22,                       6,                       0.002955
28,                            22,                       6,                       0.002747
28,                            22,                       6,                       0.003236
28,                            22,                       6,                       0.002733
28,                            22,                       6,                       0.002979
28,                            22,                       6,                       0.002784
28,                            22,                       6,                       0.002812
28,                            22,                       6,                       0.00273
28,                            22,                       6,                       0.002685
28,                            22,                       6,                       0.003132
28,                            22,                       6,                       0.002708
28,                            22,                       6,                       0.002836
28,                            22,                       6,                       0.002799
28,                            22,                       6,                       0.0031
28,                            22,                       6,                       0.00276
28,                            22,                       6,                       0.003001
28,                            22,                       6,                       0.00264
28,                            22,                       6,                       0.002917
28,                            22,                       6,                       0.003777
28,                            22,                       6,                       0.002749
28,                            22,                       6,                       0.002911
28,                            22,                       6,                       0.00282
28,                            22,                       6,                       0.003086
28,                            22,                       6,                       0.002816
28,                            22,                       6,                       0.003088
28,                            22,                       6,                       0.002864
28,                            22,                       6,                       0.003282
28,                            22,                       6,                       0.003096
28,                            22,                       6,                       0.002869
28,                            22,                       6,                       0.002986
28,                            23,                       5,                       0.002747
28,                            22,                       6,                       0.002902
28,                            22,                       6,                       0.002775
28,                            22,                       6,                       0.002723
28,                            22,                       6,                       0.003032
28,                            22,                       6,                       0.002967
28,                            22,                       6,                       0.002754
28,                            22,                       6,                       0.002786
28,                            22,                       6,                       0.002843
28,                            22,                       6,                       0.002806
28,                            22,                       6,                       0.003017
28,                            22,                       6,                       0.003007
28,                            22,                       6,                       0.002953
28,                            22,                       6,                       0.002768
28,                            22,                       6,                       0.003459
28,                            22,                       6,                       0.003176
28,                            22,                       6,                       0.00276
28,                            22,                       6,                       0.003228
28,                            22,                       6,                       0.003059
28,                            22,                       6,                       0.002871
28,                            22,                       6,                       0.003287
28,                            22,                       6,                       0.002815
28,                            22,                       6,                       0.003233
28,                            22,                       6,                       0.002702
28,                            22,                       6,                       0.002973
28,                            22,                       6,                       0.00275
28,                            22,                       6,                       0.003201
28,                            22,                       6,                       0.002889
28,                            22,                       6,                       0.002956
28,                            22,                       6,                       0.003087
28,                            22,                       6,                       0.002792
28,                            22,                       6,                       0.00263
28,                            22,                       6,                       0.003401
28,                            22,                       6,                       0.00295
28,                            22,                       6,                       0.002689
28,                            22,                       6,                       0.002974
28,                            22,                       6,                       0.002739
28,                            22,                       6,                       0.002826
28,                            22,                       6,                       0.002866
28,                            22,                       6,                       0.003226
28,                            22,                       6,                       0.002857
28,                            22,                       6,                       0.002741
28,                            22,                       6,                       0.002939
28,                            22,                       6,                       0.002867
28,                            22,                       6,                       0.002823
28,                            22,                       6,                       0.002965
28,                            22,                       6,                       0.002859
28,                            22,                       6,                       0.002787
28,                            22,                       6,                       0.002902
28,                            22,                       6,                       0.002754
28,                            22,                       6,                       0.002697
28,                            22,                       6,                       0.0028
28,                            22,                       6,                       0.002741
28,                            22,                       6,                       0.002802
28,                            22,                       6,                       0.002721
28,                            22,                       6,                       0.002869
28,                            22,                       6,                       0.002891
28,                            22,                       6,                       0.002702
28,                            22,                       6,                       0.002863
28,                            22,                       6,                       0.003125
28,                            22,                       6,                       0.002924
28,                            22,                       6,                       0.002743
28,                            22,                       6,                       0.003012
28,                            22,                       6,                       0.002822
28,                            22,                       6,                       0.002736
28,                            22,                       6,                       0.003109
28,                            22,                       6,                       0.002787
28,                            22,                       6,                       0.002729
28,                            22,                       6,                       0.002927
28,                            22,                       6,                       0.002654
28,                            22,                       6,                       0.002873
28,                            22,                       6,                       0.002809
28,                            22,                       6,                       0.002923
28,                            22,                       6,                       0.002846
28,                            22,                       6,                       0.002949
28,                            22,                       6,                       0.003128
28,                            22,                       6,                       0.002977
28,                            22,                       6,                       0.003014
28,                            22,                       6,                       0.003229
28,                            22,                       6,                       0.002765
28,                            22,                       6,                       0.002814
28,                            22,                       6,                       0.003003
28,                            22,                       6,                       0.00284
28,                            22,                       6,                       0.002963
28,                            22,                       6,                       0.00302
28,                            22,                       6,                       0.002799
28,                            22,                       6,                       0.002976
28,                            22,                       6,                       0.00295
28,                            22,                       6,                       0.002694
28,                            22,                       6,                       0.00291
28,                            22,                       6,                       0.002983
28,                            22,                       6,                       0.002903
28,                            22,                       6,                       0.002849
28,                            22,                       6,                       0.002955
28,                            22,                       6,                       0.002932
28,                            22,                       6,                       0.002797
28,                            22,                       6,                       0.002833
28,                            22,                       6,                       0.002864
28,                            23,                       5,                       0.003043
28,                            22,                       6,                       0.002831
28,                            22,                       6,                       0.002916
28,                            22,                       6,                       0.002848
28,                            22,                       6,                       0.002888
28,                            22,                       6,                       0.003262
28,                            22,                       6,                       0.003371
28,                            22,                       6,                       0.002791
28,                            22,                       6,                       0.00281
28,                            22,                       6,                       0.002686
28,                            22,                       6,                       0.002681
28,                            22,                       6,                       0.002638
28,                            22,                       6,                       0.003315
28,                            22,                       6,                       0.003262
28,                            22,                       6,                       0.002817
28,                            22,                       6,                       0.002646
28,                            22,                       6,                       0.003088
28,                            22,                       6,                       0.002723
28,                            22,                       6,                       0.002588
28,                            22,                       6,                       0.003312
28,                            22,                       6,                       0.002797
28,                            22,                       6,                       0.002973
28,                            22,                       6,                       0.003027
28,                            22,                       6,                       0.002929
28,                            22,                       6,                       0.00291
28,                            22,                       6,                       0.00301
28,                            22,                       6,                       0.002905
28,                            22,                       6,                       0.002969
28,                            22,                       6,                       0.002795
28,                            22,                       6,                       0.002881
28,                            22,                       6,                       0.002742
28,                            22,                       6,                       0.002792
28,                            22,                       6,                       0.00302
28,                            22,                       6,                       0.00279
28,                            22,                       6,                       0.002774
28,                            22,                       6,                       0.003271
28,                            22,                       6,                       0.003085
28,                            22,                       6,                       0.00296
28,                            22,                       6,                       0.003014
28,                            22,                       6,                       0.003404
28,                            22,                       6,                       0.003063
28,                            22,                       6,                       0.002773
28,                            22,                       6,                       0.002983
28,                            22,                       6,                       0.003012
28,                            22,                       6,                       0.002783
28,                            22,                       6,                       0.00299
28,                            22,                       6,                       0.002719
28,                            22,                       6,                       0.002834
28,                            22,                       6,                       0.002799
28,                            22,                       6,                       0.002941
28,                            22,                       6,                       0.003046
28,                            22,                       6,                       0.002915
28,                            22,                       6,                       0.003261
28,                            22,                       6,                       0.002857
28,                            22,                       6,                       0.00284
28,                            22,                       6,                       0.003211
28,                            22,                       6,                       0.002679
28,                            22,                       6,                       0.002891
28,                            22,                       6,                       0.002889
28,                            22,                       6,                       0.002702
28,                            22,                       6,                       0.002975
28,                            22,                       6,                       0.002996
28,                            22,                       6,                       0.002895
28,                            22,                       6,                       0.002836
28,                            22,                       6,                       0.002966
28,                            22,                       6,                       0.002696
28,                            22,                       6,                       0.002677
28,                            22,                       6,                       0.003161
28,                            22,                       6,                       0.002729
28,                            22,                       6,                       0.003128
28,                            22,                       6,                       0.002907
28,                            22,                       6,                       0.002804
28,                            22,                       6,                       0.003074
28,                            22,                       6,                       0.003583
28,                            22,                       6,                       0.002642
28,                            22,                       6,                       0.003026
28,                            22,                       6,                       0.002803
28,                            22,                       6,                       0.002999
28,                            22,                       6,                       0.003146
28,                            22,                       6,                       0.002973
28,                            22,                       6,                       0.003143
28,                            22,                       6,                       0.002889
28,                            22,                       6,                       0.002819
28,                            22,                       6,                       0.002941
28,                            22,                       6,                       0.002876
28,                            22,                       6,                       0.002827
28,                            22,                       6,                       0.002687
28,                            22,                       6,                       0.002952
28,                            22,                       6,                       0.002772
28,                            22,                       6,                       0.003011
28,                            22,                       6,                       0.002784
28,                            22,                       6,                       0.002702
28,                            22,                       6,                       0.002641
28,                            22,                       6,                       0.002824
28,                            22,                       6,                       0.003366
28,                            22,                       6,                       0.003061
