COMMENT : The search result by Simulated-Annealing for Cauchy_Good Fri Jan 26 18:35:49 2018

tech : Cauchy_Good
algorithm : Simulated-Annealing
k : 6
m : 3
w : 4
failed_disk_id : 0
conventional_symbol_number    optimized_symbol_number    reduced_symbol_number    time
24,                            19,                       5,                       0.001921
24,                            19,                       5,                       0.001903
24,                            19,                       5,                       0.001846
24,                            19,                       5,                       0.001861
24,                            19,                       5,                       0.002213
24,                            19,                       5,                       0.001904
24,                            19,                       5,                       0.001834
24,                            19,                       5,                       0.001947
24,                            19,                       5,                       0.002238
24,                            19,                       5,                       0.001973
24,                            19,                       5,                       0.001933
24,                            19,                       5,                       0.001815
24,                            19,                       5,                       0.001933
24,                            19,                       5,                       0.001893
24,                            19,                       5,                       0.001831
24,                            19,                       5,                       0.001934
24,                            19,                       5,                       0.001899
24,                            19,                       5,                       0.001866
24,                            19,                       5,                       0.002035
24,                            19,                       5,                       0.001939
24,                            19,                       5,                       0.001861
24,                            19,                       5,                       0.001863
24,                            19,                       5,                       0.001903
24,                            19,                       5,                       0.001864
24,                            19,                       5,                       0.001875
24,                            19,                       5,                       0.002077
24,                            19,                       5,                       0.001922
24,                            19,                       5,                       0.001892
24,                            19,                       5,                       0.001766
24,                            19,                       5,                       0.00269
24,                            19,                       5,                       0.001943
24,                            19,                       5,                       0.001854
24,                            19,                       5,                       0.001882
24,                            19,                       5,                       0.001924
24,                            19,                       5,                       0.001821
24,                            19,                       5,                       0.001912
24,                            19,                       5,                       0.001894
24,                            19,                       5,                       0.001847
24,                            19,                       5,                       0.001861
24,                            19,                       5,                       0.002051
24,                            19,                       5,                       0.001868
24,                            19,                       5,                       0.001921
24,                            19,                       5,                       0.00223
24,                            19,                       5,                       0.001857
24,                            19,                       5,                       0.001883
24,                            19,                       5,                       0.0018
24,                            19,                       5,                       0.001942
24,                            19,                       5,                       0.001852
24,                            19,                       5,                       0.001866
24,                            19,                       5,                       0.001919
24,                            19,                       5,                       0.001901
24,                            19,                       5,                       0.001814
24,                            19,                       5,                       0.001791
24,                            19,                       5,                       0.001868
24,                            19,                       5,                       0.001895
24,                            19,                       5,                       0.001843
24,                            19,                       5,                       0.001819
24,                            19,                       5,                       0.001927
24,                            19,                       5,                       0.00199
24,                            19,                       5,                       0.002084
24,                            19,                       5,                       0.00187
24,                            19,                       5,                       0.002697
24,                            19,                       5,                       0.002152
24,                            19,                       5,                       0.00181
24,                            19,                       5,                       0.001854
24,                            19,                       5,                       0.001733
24,                            19,                       5,                       0.001825
24,                            19,                       5,                       0.001873
24,                            19,                       5,                       0.001808
24,                            19,                       5,                       0.001843
24,                            19,                       5,                       0.00186
24,                            19,                       5,                       0.001937
24,                            19,                       5,                       0.001862
24,                            19,                       5,                       0.001851
24,                            19,                       5,                       0.001863
24,                            19,                       5,                       0.001975
24,                            19,                       5,                       0.001877
24,                            19,                       5,                       0.001879
24,                            19,                       5,                       0.002337
24,                            19,                       5,                       0.002425
24,                            19,                       5,                       0.001878
24,                            19,                       5,                       0.001889
24,                            19,                       5,                       0.001886
24,                            19,                       5,                       0.00184
24,                            19,                       5,                       0.001875
24,                            19,                       5,                       0.00187
24,                            19,                       5,                       0.001907
24,                            19,                       5,                       0.001845
24,                            19,                       5,                       0.001869
24,                            19,                       5,                       0.002142
24,                            19,                       5,                       0.00183
24,                            19,                       5,                       0.00187
24,                            19,                       5,                       0.001848
24,                            19,                       5,                       0.001924
24,                            19,                       5,                       0.001935
24,                            19,                       5,                       0.001775
24,                            19,                       5,                       0.001884
24,                            19,                       5,                       0.002507
24,                            19,                       5,                       0.00187
24,                            19,                       5,                       0.001763
24,                            19,                       5,                       0.001867
24,                            19,                       5,                       0.001813
24,                            19,                       5,                       0.001863
24,                            19,                       5,                       0.001826
24,                            19,                       5,                       0.001793
24,                            19,                       5,                       0.002022
24,                            19,                       5,                       0.001842
24,                            19,                       5,                       0.001877
24,                            19,                       5,                       0.001917
24,                            19,                       5,                       0.001908
24,                            19,                       5,                       0.001861
24,                            19,                       5,                       0.001803
24,                            19,                       5,                       0.001869
24,                            19,                       5,                       0.00192
24,                            19,                       5,                       0.001864
24,                            19,                       5,                       0.001856
24,                            19,                       5,                       0.001888
24,                            19,                       5,                       0.001797
24,                            19,                       5,                       0.001971
24,                            19,                       5,                       0.001818
24,                            19,                       5,                       0.001853
24,                            19,                       5,                       0.002047
24,                            19,                       5,                       0.001906
24,                            19,                       5,                       0.001848
24,                            19,                       5,                       0.00186
24,                            19,                       5,                       0.002213
24,                            19,                       5,                       0.001767
24,                            19,                       5,                       0.001883
24,                            19,                       5,                       0.001821
24,                            19,                       5,                       0.002227
24,                            19,                       5,                       0.002156
24,                            19,                       5,                       0.001872
24,                            19,                       5,                       0.001867
24,                            19,                       5,                       0.001789
24,                            19,                       5,                       0.00196
24,                            19,                       5,                       0.001858
24,                            19,                       5,                       0.001738
24,                            19,                       5,                       0.001883
24,                            19,                       5,                       0.001883
24,                            19,                       5,                       0.001817
24,                            19,                       5,                       0.001847
24,                            19,                       5,                       0.001785
24,                            19,                       5,                       0.001868
24,                            19,                       5,                       0.001816
24,                            19,                       5,                       0.001936
24,                            19,                       5,                       0.001915
24,                            19,                       5,                       0.001922
24,                            19,                       5,                       0.001843
24,                            19,                       5,                       0.001908
24,                            19,                       5,                       0.001925
24,                            19,                       5,                       0.001939
24,                            19,                       5,                       0.001846
24,                            19,                       5,                       0.001887
24,                            19,                       5,                       0.002449
24,                            19,                       5,                       0.001823
24,                            19,                       5,                       0.002306
24,                            19,                       5,                       0.001853
24,                            19,                       5,                       0.001836
24,                            19,                       5,                       0.001852
24,                            19,                       5,                       0.001887
24,                            19,                       5,                       0.00178
24,                            19,                       5,                       0.001847
24,                            19,                       5,                       0.001907
24,                            19,                       5,                       0.001811
24,                            19,                       5,                       0.001993
24,                            19,                       5,                       0.002379
24,                            19,                       5,                       0.001837
24,                            19,                       5,                       0.002168
24,                            19,                       5,                       0.001901
24,                            19,                       5,                       0.001766
24,                            19,                       5,                       0.002065
24,                            19,                       5,                       0.001932
24,                            19,                       5,                       0.001875
24,                            19,                       5,                       0.001902
24,                            19,                       5,                       0.002092
24,                            19,                       5,                       0.001843
24,                            19,                       5,                       0.002328
24,                            19,                       5,                       0.001898
24,                            19,                       5,                       0.001885
24,                            19,                       5,                       0.001879
24,                            19,                       5,                       0.00184
24,                            19,                       5,                       0.001916
24,                            19,                       5,                       0.001869
24,                            19,                       5,                       0.001862
24,                            19,                       5,                       0.002048
24,                            19,                       5,                       0.001915
24,                            19,                       5,                       0.00184
24,                            19,                       5,                       0.001892
24,                            19,                       5,                       0.001907
24,                            19,                       5,                       0.00176
24,                            19,                       5,                       0.001885
24,                            19,                       5,                       0.001807
24,                            19,                       5,                       0.001843
24,                            19,                       5,                       0.001808
24,                            19,                       5,                       0.00189
24,                            19,                       5,                       0.00188
24,                            19,                       5,                       0.001844
24,                            19,                       5,                       0.001905
24,                            19,                       5,                       0.001845
24,                            19,                       5,                       0.00181
24,                            19,                       5,                       0.002157
24,                            19,                       5,                       0.001966
24,                            19,                       5,                       0.001879
24,                            19,                       5,                       0.001937
24,                            19,                       5,                       0.001827
24,                            19,                       5,                       0.001942
24,                            19,                       5,                       0.001923
24,                            19,                       5,                       0.001864
24,                            19,                       5,                       0.002344
24,                            19,                       5,                       0.001892
24,                            19,                       5,                       0.001928
24,                            19,                       5,                       0.00193
24,                            19,                       5,                       0.00194
24,                            19,                       5,                       0.001905
24,                            19,                       5,                       0.001862
24,                            19,                       5,                       0.001919
24,                            19,                       5,                       0.001769
24,                            19,                       5,                       0.002216
24,                            19,                       5,                       0.002367
24,                            19,                       5,                       0.001981
24,                            19,                       5,                       0.001896
24,                            19,                       5,                       0.001957
24,                            19,                       5,                       0.002
24,                            19,                       5,                       0.002352
24,                            19,                       5,                       0.001908
24,                            19,                       5,                       0.001842
24,                            19,                       5,                       0.001902
24,                            19,                       5,                       0.001832
24,                            19,                       5,                       0.001852
24,                            19,                       5,                       0.002117
24,                            19,                       5,                       0.001795
24,                            19,                       5,                       0.001874
24,                            19,                       5,                       0.001903
24,                            19,                       5,                       0.001744
24,                            19,                       5,                       0.002056
24,                            19,                       5,                       0.001855
24,                            19,                       5,                       0.001897
24,                            19,                       5,                       0.001804
24,                            19,                       5,                       0.001921
24,                            19,                       5,                       0.001844
24,                            19,                       5,                       0.00187
24,                            19,                       5,                       0.001822
24,                            19,                       5,                       0.001811
24,                            19,                       5,                       0.002203
24,                            19,                       5,                       0.001859
24,                            19,                       5,                       0.001945
24,                            19,                       5,                       0.001862
24,                            19,                       5,                       0.00218
24,                            19,                       5,                       0.002147
24,                            19,                       5,                       0.00186
24,                            19,                       5,                       0.001834
24,                            19,                       5,                       0.001918
24,                            19,                       5,                       0.001817
24,                            19,                       5,                       0.002268
24,                            19,                       5,                       0.001886
24,                            19,                       5,                       0.001771
24,                            19,                       5,                       0.002104
24,                            19,                       5,                       0.001795
24,                            19,                       5,                       0.001912
24,                            19,                       5,                       0.001828
24,                            19,                       5,                       0.001872
24,                            19,                       5,                       0.001896
24,                            19,                       5,                       0.001844
24,                            19,                       5,                       0.001843
24,                            19,                       5,                       0.001859
24,                            19,                       5,                       0.001769
24,                            19,                       5,                       0.001829
24,                            19,                       5,                       0.001888
24,                            19,                       5,                       0.001907
24,                            19,                       5,                       0.001926
24,                            19,                       5,                       0.001827
24,                            19,                       5,                       0.001828
24,                            19,                       5,                       0.001797
24,                            19,                       5,                       0.001947
24,                            19,                       5,                       0.001954
24,                            19,                       5,                       0.001881
24,                            19,                       5,                       0.001888
24,                            19,                       5,                       0.001832
24,                            19,                       5,                       0.001915
24,                            19,                       5,                       0.001878
24,                            19,                       5,                       0.001886
24,                            19,                       5,                       0.001812
24,                            19,                       5,                       0.00186
24,                            19,                       5,                       0.001865
24,                            19,                       5,                       0.001857
24,                            19,                       5,                       0.001744
24,                            19,                       5,                       0.00188
24,                            19,                       5,                       0.001887
24,                            19,                       5,                       0.001805
24,                            19,                       5,                       0.001765
24,                            19,                       5,                       0.001958
24,                            19,                       5,                       0.001883
24,                            19,                       5,                       0.001802
24,                            19,                       5,                       0.001833
24,                            19,                       5,                       0.001837
24,                            19,                       5,                       0.001887
24,                            19,                       5,                       0.002197
24,                            19,                       5,                       0.00186
24,                            19,                       5,                       0.001837
24,                            19,                       5,                       0.001744
