COMMENT : The search result by Simulated-Annealing for Cauchy_Good Thu Jan 25 17:50:18 2018

tech : Cauchy_Good
algorithm : Simulated-Annealing
k : 8
m : 6
w : 10
failed_disk_id : 0
conventional_symbol_number    optimized_symbol_number    reduced_symbol_number    time
80,                            68,                       12,                       3.51
80,                            68,                       12,                       3.44
80,                            69,                       11,                       3.39
80,                            69,                       11,                       3.51
80,                            68,                       12,                       3.54
80,                            68,                       12,                       3.55
80,                            68,                       12,                       3.6
80,                            68,                       12,                       3.5
80,                            68,                       12,                       3.52
80,                            70,                       10,                       3.42
80,                            70,                       10,                       3.47
80,                            68,                       12,                       3.44
80,                            69,                       11,                       3.5
80,                            69,                       11,                       3.41
80,                            69,                       11,                       3.53
80,                            69,                       11,                       5.16
80,                            68,                       12,                       3.57
80,                            68,                       12,                       3.43
80,                            68,                       12,                       3.57
80,                            69,                       11,                       3.5
80,                            68,                       12,                       3.41
80,                            68,                       12,                       3.5
80,                            68,                       12,                       3.44
80,                            68,                       12,                       3.51
80,                            68,                       12,                       3.45
80,                            68,                       12,                       3.66
80,                            68,                       12,                       3.58
80,                            68,                       12,                       3.61
80,                            68,                       12,                       3.75
80,                            68,                       12,                       3.66
80,                            68,                       12,                       3.59
80,                            69,                       11,                       3.49
80,                            68,                       12,                       3.49
80,                            68,                       12,                       3.54
80,                            69,                       11,                       3.37
80,                            68,                       12,                       4.3
80,                            71,                       9,                       3.58
80,                            68,                       12,                       3.43
80,                            68,                       12,                       3.54
80,                            68,                       12,                       3.5
80,                            68,                       12,                       3.5
80,                            68,                       12,                       3.64
80,                            67,                       13,                       3.65
80,                            68,                       12,                       3.59
80,                            68,                       12,                       3.48
80,                            69,                       11,                       3.44
80,                            69,                       11,                       3.65
80,                            69,                       11,                       3.75
80,                            68,                       12,                       3.47
80,                            69,                       11,                       3.68
80,                            67,                       13,                       3.64
80,                            69,                       11,                       3.53
80,                            68,                       12,                       3.44
80,                            68,                       12,                       3.44
80,                            68,                       12,                       3.44
80,                            68,                       12,                       3.63
80,                            68,                       12,                       3.54
80,                            68,                       12,                       3.47
80,                            69,                       11,                       3.5
80,                            68,                       12,                       3.5
80,                            68,                       12,                       3.57
80,                            68,                       12,                       3.47
80,                            69,                       11,                       3.48
80,                            68,                       12,                       3.62
80,                            68,                       12,                       3.57
80,                            69,                       11,                       3.42
80,                            68,                       12,                       3.44
80,                            68,                       12,                       3.42
80,                            68,                       12,                       3.54
80,                            68,                       12,                       3.5
80,                            68,                       12,                       3.59
80,                            68,                       12,                       3.6
80,                            68,                       12,                       3.55
80,                            70,                       10,                       3.59
80,                            68,                       12,                       3.89
80,                            68,                       12,                       3.56
80,                            68,                       12,                       3.82
80,                            68,                       12,                       3.7
80,                            68,                       12,                       3.5
80,                            68,                       12,                       3.61
80,                            68,                       12,                       3.57
80,                            69,                       11,                       3.51
80,                            68,                       12,                       3.52
80,                            68,                       12,                       3.63
80,                            68,                       12,                       3.43
80,                            68,                       12,                       3.61
80,                            69,                       11,                       3.48
80,                            68,                       12,                       3.47
80,                            67,                       13,                       3.68
80,                            69,                       11,                       3.68
80,                            68,                       12,                       3.56
80,                            68,                       12,                       3.63
80,                            69,                       11,                       4.34
80,                            69,                       11,                       3.8
80,                            69,                       11,                       3.53
80,                            68,                       12,                       3.64
80,                            68,                       12,                       3.57
80,                            68,                       12,                       3.55
80,                            68,                       12,                       3.5
80,                            68,                       12,                       3.59
