COMMENT : The search result by Simulated-Annealing for Cauchy_Good Fri Jan 26 18:35:45 2018

tech : Cauchy_Good
algorithm : Simulated-Annealing
k : 2
m : 2
w : 4
failed_disk_id : 0
conventional_symbol_number    optimized_symbol_number    reduced_symbol_number    time
8,                            6,                       2,                       0.000398
8,                            6,                       2,                       0.000553
8,                            6,                       2,                       0.000367
8,                            6,                       2,                       0.000374
8,                            6,                       2,                       0.000365
8,                            6,                       2,                       0.000692
8,                            6,                       2,                       0.000476
8,                            6,                       2,                       0.000383
8,                            6,                       2,                       0.000472
8,                            6,                       2,                       0.000543
8,                            6,                       2,                       0.00037
8,                            6,                       2,                       0.000363
8,                            6,                       2,                       0.000379
8,                            6,                       2,                       0.000379
8,                            6,                       2,                       0.000444
8,                            6,                       2,                       0.000418
8,                            6,                       2,                       0.000403
8,                            6,                       2,                       0.000392
8,                            6,                       2,                       0.000387
8,                            6,                       2,                       0.000408
8,                            6,                       2,                       0.000363
8,                            6,                       2,                       0.000359
8,                            6,                       2,                       0.000381
8,                            6,                       2,                       0.000426
8,                            6,                       2,                       0.00043
8,                            6,                       2,                       0.000369
8,                            6,                       2,                       0.000402
8,                            6,                       2,                       0.00043
8,                            6,                       2,                       0.000377
8,                            6,                       2,                       0.000403
8,                            6,                       2,                       0.000404
8,                            6,                       2,                       0.000371
8,                            6,                       2,                       0.000446
8,                            6,                       2,                       0.000371
8,                            6,                       2,                       0.000428
8,                            6,                       2,                       0.000389
8,                            6,                       2,                       0.000437
8,                            6,                       2,                       0.000416
8,                            6,                       2,                       0.000377
8,                            6,                       2,                       0.000362
8,                            6,                       2,                       0.000373
8,                            6,                       2,                       0.000582
8,                            6,                       2,                       0.000366
8,                            6,                       2,                       0.00048
8,                            6,                       2,                       0.000367
8,                            6,                       2,                       0.000474
8,                            6,                       2,                       0.000375
8,                            6,                       2,                       0.000531
8,                            6,                       2,                       0.000424
8,                            6,                       2,                       0.00036
8,                            6,                       2,                       0.000433
8,                            6,                       2,                       0.000363
8,                            6,                       2,                       0.000545
8,                            6,                       2,                       0.000485
8,                            6,                       2,                       0.000369
8,                            6,                       2,                       0.000446
8,                            6,                       2,                       0.000354
8,                            6,                       2,                       0.000354
8,                            6,                       2,                       0.000415
8,                            6,                       2,                       0.000402
8,                            6,                       2,                       0.000364
8,                            6,                       2,                       0.000367
8,                            6,                       2,                       0.00042
8,                            6,                       2,                       0.000356
8,                            6,                       2,                       0.000384
8,                            6,                       2,                       0.000425
8,                            6,                       2,                       0.000368
8,                            6,                       2,                       0.000426
8,                            6,                       2,                       0.000421
8,                            6,                       2,                       0.000383
8,                            6,                       2,                       0.000369
8,                            6,                       2,                       0.000438
8,                            6,                       2,                       0.000377
8,                            6,                       2,                       0.000462
8,                            6,                       2,                       0.000408
8,                            6,                       2,                       0.000572
8,                            6,                       2,                       0.000501
8,                            6,                       2,                       0.000395
8,                            6,                       2,                       0.000964
8,                            6,                       2,                       0.000382
8,                            6,                       2,                       0.000544
8,                            6,                       2,                       0.000514
8,                            6,                       2,                       0.000492
8,                            6,                       2,                       0.00042
8,                            6,                       2,                       0.000363
8,                            6,                       2,                       0.000488
8,                            6,                       2,                       0.00043
8,                            6,                       2,                       0.000406
8,                            6,                       2,                       0.000544
8,                            6,                       2,                       0.000398
8,                            6,                       2,                       0.000431
8,                            6,                       2,                       0.000461
8,                            6,                       2,                       0.000396
8,                            6,                       2,                       0.000372
8,                            6,                       2,                       0.000363
8,                            6,                       2,                       0.000367
8,                            6,                       2,                       0.000438
8,                            6,                       2,                       0.00042
8,                            6,                       2,                       0.000404
8,                            6,                       2,                       0.000383
8,                            6,                       2,                       0.000464
8,                            6,                       2,                       0.00044
8,                            6,                       2,                       0.000374
8,                            6,                       2,                       0.000367
8,                            6,                       2,                       0.000401
8,                            6,                       2,                       0.000368
8,                            6,                       2,                       0.000366
8,                            6,                       2,                       0.00047
8,                            6,                       2,                       0.000383
8,                            6,                       2,                       0.00046
8,                            6,                       2,                       0.000377
8,                            6,                       2,                       0.000366
8,                            6,                       2,                       0.000364
8,                            6,                       2,                       0.000365
8,                            6,                       2,                       0.00048
8,                            6,                       2,                       0.00051
8,                            6,                       2,                       0.000435
8,                            6,                       2,                       0.00036
8,                            6,                       2,                       0.000368
8,                            6,                       2,                       0.000414
8,                            6,                       2,                       0.00038
8,                            6,                       2,                       0.000376
8,                            6,                       2,                       0.000363
8,                            6,                       2,                       0.000368
8,                            6,                       2,                       0.000355
8,                            6,                       2,                       0.000371
8,                            6,                       2,                       0.000461
8,                            6,                       2,                       0.000372
8,                            6,                       2,                       0.000364
8,                            6,                       2,                       0.000364
8,                            6,                       2,                       0.000454
8,                            6,                       2,                       0.000367
8,                            6,                       2,                       0.000421
8,                            6,                       2,                       0.000364
8,                            6,                       2,                       0.000372
8,                            6,                       2,                       0.000409
8,                            6,                       2,                       0.000408
8,                            6,                       2,                       0.000551
8,                            6,                       2,                       0.000366
8,                            6,                       2,                       0.000373
8,                            6,                       2,                       0.000432
8,                            6,                       2,                       0.000417
8,                            6,                       2,                       0.000422
8,                            6,                       2,                       0.000419
8,                            6,                       2,                       0.000368
8,                            6,                       2,                       0.000399
8,                            6,                       2,                       0.000425
8,                            6,                       2,                       0.000383
8,                            6,                       2,                       0.000364
8,                            6,                       2,                       0.000363
8,                            6,                       2,                       0.000388
8,                            6,                       2,                       0.00041
8,                            6,                       2,                       0.00044
8,                            6,                       2,                       0.000406
8,                            6,                       2,                       0.000421
8,                            6,                       2,                       0.000388
8,                            6,                       2,                       0.000563
8,                            6,                       2,                       0.000372
8,                            6,                       2,                       0.000442
8,                            6,                       2,                       0.000419
8,                            6,                       2,                       0.000431
8,                            6,                       2,                       0.000427
8,                            6,                       2,                       0.000428
8,                            6,                       2,                       0.000365
8,                            6,                       2,                       0.000388
8,                            6,                       2,                       0.000378
8,                            6,                       2,                       0.000463
8,                            6,                       2,                       0.000371
8,                            6,                       2,                       0.000368
8,                            6,                       2,                       0.00037
8,                            6,                       2,                       0.000542
8,                            6,                       2,                       0.000369
8,                            6,                       2,                       0.000368
8,                            6,                       2,                       0.000421
8,                            6,                       2,                       0.000385
8,                            6,                       2,                       0.000402
8,                            6,                       2,                       0.00037
8,                            6,                       2,                       0.000369
8,                            6,                       2,                       0.000366
8,                            6,                       2,                       0.000367
8,                            6,                       2,                       0.000366
8,                            6,                       2,                       0.000536
8,                            6,                       2,                       0.000393
8,                            6,                       2,                       0.00036
8,                            6,                       2,                       0.000423
8,                            6,                       2,                       0.000362
8,                            6,                       2,                       0.000365
8,                            6,                       2,                       0.000421
8,                            6,                       2,                       0.000377
8,                            6,                       2,                       0.000372
8,                            6,                       2,                       0.000424
8,                            6,                       2,                       0.000441
8,                            6,                       2,                       0.000367
8,                            6,                       2,                       0.000373
8,                            6,                       2,                       0.000527
8,                            6,                       2,                       0.000413
8,                            6,                       2,                       0.000367
8,                            6,                       2,                       0.000435
8,                            6,                       2,                       0.000439
8,                            6,                       2,                       0.000422
8,                            6,                       2,                       0.000427
8,                            6,                       2,                       0.000369
8,                            6,                       2,                       0.000385
8,                            6,                       2,                       0.000417
8,                            6,                       2,                       0.000365
8,                            6,                       2,                       0.00041
8,                            6,                       2,                       0.000366
8,                            6,                       2,                       0.000406
8,                            6,                       2,                       0.000398
8,                            6,                       2,                       0.000595
8,                            6,                       2,                       0.000408
8,                            6,                       2,                       0.000361
8,                            6,                       2,                       0.000358
8,                            6,                       2,                       0.000513
8,                            6,                       2,                       0.000405
8,                            6,                       2,                       0.000509
8,                            6,                       2,                       0.00048
8,                            6,                       2,                       0.000405
8,                            6,                       2,                       0.000379
8,                            6,                       2,                       0.000415
8,                            6,                       2,                       0.000397
8,                            6,                       2,                       0.00051
8,                            6,                       2,                       0.000409
8,                            6,                       2,                       0.000403
8,                            6,                       2,                       0.00037
8,                            6,                       2,                       0.000367
8,                            6,                       2,                       0.000444
8,                            6,                       2,                       0.000533
8,                            6,                       2,                       0.000412
8,                            6,                       2,                       0.000367
8,                            6,                       2,                       0.000491
8,                            6,                       2,                       0.000571
8,                            6,                       2,                       0.00037
8,                            6,                       2,                       0.00037
8,                            6,                       2,                       0.000523
8,                            6,                       2,                       0.000398
8,                            6,                       2,                       0.000468
8,                            6,                       2,                       0.000369
8,                            6,                       2,                       0.000498
8,                            6,                       2,                       0.000432
8,                            6,                       2,                       0.00037
8,                            6,                       2,                       0.000451
8,                            6,                       2,                       0.000375
8,                            6,                       2,                       0.000368
8,                            6,                       2,                       0.000426
8,                            6,                       2,                       0.000396
8,                            6,                       2,                       0.000918
8,                            6,                       2,                       0.00042
8,                            6,                       2,                       0.000419
8,                            6,                       2,                       0.00042
8,                            6,                       2,                       0.000417
8,                            6,                       2,                       0.000417
8,                            6,                       2,                       0.000373
8,                            6,                       2,                       0.000373
8,                            6,                       2,                       0.000368
8,                            6,                       2,                       0.000416
8,                            6,                       2,                       0.000368
8,                            6,                       2,                       0.000366
8,                            6,                       2,                       0.000437
8,                            6,                       2,                       0.000401
8,                            6,                       2,                       0.000373
8,                            6,                       2,                       0.000436
8,                            6,                       2,                       0.00043
8,                            6,                       2,                       0.000365
8,                            6,                       2,                       0.000368
8,                            6,                       2,                       0.000421
8,                            6,                       2,                       0.000426
8,                            6,                       2,                       0.000377
8,                            6,                       2,                       0.000403
8,                            6,                       2,                       0.000379
8,                            6,                       2,                       0.000407
8,                            6,                       2,                       0.000375
8,                            6,                       2,                       0.000421
8,                            6,                       2,                       0.000369
8,                            6,                       2,                       0.000385
8,                            6,                       2,                       0.00038
8,                            6,                       2,                       0.000422
8,                            6,                       2,                       0.000654
8,                            6,                       2,                       0.00037
8,                            6,                       2,                       0.000364
8,                            6,                       2,                       0.000418
8,                            6,                       2,                       0.000367
8,                            6,                       2,                       0.000373
8,                            6,                       2,                       0.000413
8,                            6,                       2,                       0.00043
8,                            6,                       2,                       0.000371
8,                            6,                       2,                       0.000478
8,                            6,                       2,                       0.000418
8,                            6,                       2,                       0.000402
8,                            6,                       2,                       0.000431
8,                            6,                       2,                       0.000405
8,                            6,                       2,                       0.000396
8,                            6,                       2,                       0.0004
8,                            6,                       2,                       0.000415
8,                            6,                       2,                       0.000677
8,                            6,                       2,                       0.000362
8,                            6,                       2,                       0.000371
8,                            6,                       2,                       0.000368
8,                            6,                       2,                       0.00037
8,                            6,                       2,                       0.00037
