COMMENT : The search result by Simulated-Annealing for Cauchy_Good Fri Jan 26 18:35:47 2018

tech : Cauchy_Good
algorithm : Simulated-Annealing
k : 5
m : 3
w : 8
failed_disk_id : 0
conventional_symbol_number    optimized_symbol_number    reduced_symbol_number    time
40,                            32,                       8,                       0.081546
40,                            32,                       8,                       0.077371
40,                            32,                       8,                       0.084923
40,                            32,                       8,                       0.075382
40,                            32,                       8,                       0.081468
40,                            32,                       8,                       0.083147
40,                            31,                       9,                       0.078112
40,                            32,                       8,                       0.077974
40,                            32,                       8,                       0.082037
40,                            31,                       9,                       0.076997
40,                            32,                       8,                       0.083435
40,                            32,                       8,                       0.077155
40,                            31,                       9,                       0.08204
40,                            32,                       8,                       0.073702
40,                            31,                       9,                       0.080279
40,                            32,                       8,                       0.080708
40,                            32,                       8,                       0.074348
40,                            32,                       8,                       0.077044
40,                            32,                       8,                       0.075227
40,                            32,                       8,                       0.072288
40,                            32,                       8,                       0.078547
40,                            32,                       8,                       0.078494
40,                            32,                       8,                       0.078866
40,                            31,                       9,                       0.071797
40,                            31,                       9,                       0.071856
40,                            32,                       8,                       0.076176
40,                            31,                       9,                       0.071412
40,                            32,                       8,                       0.070143
40,                            32,                       8,                       0.075524
40,                            32,                       8,                       0.070436
40,                            32,                       8,                       0.117548
40,                            31,                       9,                       0.071207
40,                            32,                       8,                       0.071764
40,                            32,                       8,                       0.071057
40,                            32,                       8,                       0.073654
40,                            32,                       8,                       0.0769
40,                            31,                       9,                       0.075804
40,                            31,                       9,                       0.073292
40,                            31,                       9,                       0.073087
40,                            32,                       8,                       0.075411
40,                            32,                       8,                       0.071025
40,                            32,                       8,                       0.069696
40,                            31,                       9,                       0.074129
40,                            32,                       8,                       0.079762
40,                            32,                       8,                       0.073088
40,                            32,                       8,                       0.068672
40,                            32,                       8,                       0.072563
40,                            32,                       8,                       0.077106
40,                            32,                       8,                       0.069481
40,                            32,                       8,                       0.073058
40,                            32,                       8,                       0.073367
40,                            32,                       8,                       0.113439
40,                            32,                       8,                       0.075339
40,                            31,                       9,                       0.072023
40,                            32,                       8,                       0.073005
40,                            32,                       8,                       0.076065
40,                            31,                       9,                       0.074136
40,                            32,                       8,                       0.079442
40,                            32,                       8,                       0.072529
40,                            32,                       8,                       0.074438
40,                            31,                       9,                       0.07164
40,                            32,                       8,                       0.071709
40,                            32,                       8,                       0.075362
40,                            32,                       8,                       0.081285
40,                            31,                       9,                       0.071377
40,                            31,                       9,                       0.074508
40,                            31,                       9,                       0.076698
40,                            31,                       9,                       0.072812
40,                            32,                       8,                       0.072266
40,                            32,                       8,                       0.07138
40,                            32,                       8,                       0.074045
40,                            31,                       9,                       0.073834
40,                            31,                       9,                       0.072585
40,                            32,                       8,                       0.072255
40,                            31,                       9,                       0.075819
40,                            31,                       9,                       0.071896
40,                            32,                       8,                       0.082569
40,                            32,                       8,                       0.083384
40,                            32,                       8,                       0.073274
40,                            32,                       8,                       0.082885
40,                            31,                       9,                       0.072842
40,                            32,                       8,                       0.075069
40,                            32,                       8,                       0.084756
40,                            32,                       8,                       0.076717
40,                            31,                       9,                       0.072479
40,                            31,                       9,                       0.075157
40,                            33,                       7,                       0.070198
40,                            31,                       9,                       0.072187
40,                            32,                       8,                       0.072173
40,                            31,                       9,                       0.074831
40,                            32,                       8,                       0.077242
40,                            32,                       8,                       0.082524
40,                            31,                       9,                       0.084508
40,                            32,                       8,                       0.076358
40,                            32,                       8,                       0.084587
40,                            32,                       8,                       0.0752
40,                            31,                       9,                       0.072882
40,                            32,                       8,                       0.071389
40,                            32,                       8,                       0.071242
40,                            32,                       8,                       0.076057
40,                            32,                       8,                       0.074813
40,                            32,                       8,                       0.076145
40,                            31,                       9,                       0.075357
40,                            32,                       8,                       0.075391
40,                            32,                       8,                       0.072392
40,                            31,                       9,                       0.071463
40,                            32,                       8,                       0.076953
40,                            32,                       8,                       0.079972
40,                            31,                       9,                       0.074449
40,                            31,                       9,                       0.075811
40,                            31,                       9,                       0.075915
40,                            32,                       8,                       0.081885
40,                            32,                       8,                       0.073715
40,                            31,                       9,                       0.072224
40,                            32,                       8,                       0.076699
40,                            31,                       9,                       0.074054
40,                            32,                       8,                       0.076826
40,                            31,                       9,                       0.076322
40,                            32,                       8,                       0.073412
40,                            31,                       9,                       0.077197
40,                            31,                       9,                       0.076367
40,                            31,                       9,                       0.076766
40,                            32,                       8,                       0.074403
40,                            32,                       8,                       0.076362
40,                            32,                       8,                       0.07766
40,                            31,                       9,                       0.072691
40,                            31,                       9,                       0.074955
40,                            32,                       8,                       0.077654
40,                            31,                       9,                       0.080244
40,                            32,                       8,                       0.072422
40,                            32,                       8,                       0.080565
40,                            32,                       8,                       0.070394
40,                            32,                       8,                       0.081274
40,                            31,                       9,                       0.077596
40,                            32,                       8,                       0.075728
40,                            31,                       9,                       0.109866
40,                            32,                       8,                       0.078271
40,                            32,                       8,                       0.076107
40,                            31,                       9,                       0.074719
40,                            31,                       9,                       0.074999
40,                            32,                       8,                       0.07652
40,                            31,                       9,                       0.074115
40,                            32,                       8,                       0.075349
40,                            32,                       8,                       0.071828
40,                            32,                       8,                       0.077079
40,                            32,                       8,                       0.075538
40,                            32,                       8,                       0.071773
40,                            32,                       8,                       0.082017
40,                            32,                       8,                       0.071062
40,                            32,                       8,                       0.076514
40,                            32,                       8,                       0.084719
40,                            32,                       8,                       0.073818
40,                            31,                       9,                       0.072536
40,                            32,                       8,                       0.072351
40,                            31,                       9,                       0.075208
40,                            32,                       8,                       0.078497
40,                            32,                       8,                       0.077327
40,                            31,                       9,                       0.073958
40,                            32,                       8,                       0.071865
40,                            32,                       8,                       0.072992
40,                            31,                       9,                       0.079856
40,                            32,                       8,                       0.076062
40,                            31,                       9,                       0.071912
40,                            32,                       8,                       0.073826
40,                            32,                       8,                       0.07185
40,                            32,                       8,                       0.078921
40,                            32,                       8,                       0.081371
40,                            32,                       8,                       0.074154
40,                            31,                       9,                       0.075897
40,                            32,                       8,                       0.070604
40,                            31,                       9,                       0.07432
40,                            31,                       9,                       0.074524
40,                            32,                       8,                       0.077009
40,                            31,                       9,                       0.074645
40,                            32,                       8,                       0.073953
40,                            32,                       8,                       0.070155
40,                            32,                       8,                       0.075893
40,                            31,                       9,                       0.083523
40,                            32,                       8,                       0.074949
40,                            31,                       9,                       0.074303
40,                            31,                       9,                       0.073429
40,                            31,                       9,                       0.071686
40,                            32,                       8,                       0.076775
40,                            31,                       9,                       0.074416
40,                            32,                       8,                       0.077692
40,                            32,                       8,                       0.072504
40,                            31,                       9,                       0.076063
40,                            32,                       8,                       0.074245
40,                            32,                       8,                       0.076663
40,                            32,                       8,                       0.075206
40,                            32,                       8,                       0.082462
40,                            32,                       8,                       0.08146
40,                            32,                       8,                       0.073155
40,                            32,                       8,                       0.071761
40,                            32,                       8,                       0.076777
40,                            31,                       9,                       0.075238
40,                            32,                       8,                       0.075325
40,                            32,                       8,                       0.07503
40,                            32,                       8,                       0.078823
40,                            32,                       8,                       0.078014
40,                            33,                       7,                       0.078492
40,                            32,                       8,                       0.07084
40,                            32,                       8,                       0.076662
40,                            31,                       9,                       0.072875
40,                            32,                       8,                       0.077058
40,                            31,                       9,                       0.071316
40,                            31,                       9,                       0.083186
40,                            31,                       9,                       0.074232
40,                            32,                       8,                       0.074016
40,                            32,                       8,                       0.086282
40,                            31,                       9,                       0.073211
40,                            32,                       8,                       0.082317
40,                            32,                       8,                       0.073583
40,                            32,                       8,                       0.075517
40,                            32,                       8,                       0.07546
40,                            32,                       8,                       0.073546
40,                            32,                       8,                       0.073054
40,                            32,                       8,                       0.077327
40,                            31,                       9,                       0.073991
40,                            32,                       8,                       0.072601
40,                            31,                       9,                       0.073758
40,                            32,                       8,                       0.078925
40,                            32,                       8,                       0.078115
40,                            32,                       8,                       0.0806
40,                            31,                       9,                       0.073858
40,                            31,                       9,                       0.077105
40,                            31,                       9,                       0.076844
40,                            32,                       8,                       0.073753
40,                            32,                       8,                       0.073185
40,                            33,                       7,                       0.072877
40,                            32,                       8,                       0.080409
40,                            31,                       9,                       0.074233
40,                            32,                       8,                       0.069919
40,                            32,                       8,                       0.080308
40,                            32,                       8,                       0.077314
40,                            32,                       8,                       0.072189
40,                            32,                       8,                       0.076806
40,                            32,                       8,                       0.081642
40,                            32,                       8,                       0.074358
40,                            32,                       8,                       0.092223
40,                            32,                       8,                       0.076893
40,                            31,                       9,                       0.073963
40,                            32,                       8,                       0.071504
40,                            32,                       8,                       0.073345
40,                            31,                       9,                       0.075139
40,                            32,                       8,                       0.0727
40,                            32,                       8,                       0.07091
40,                            31,                       9,                       0.073962
40,                            32,                       8,                       0.071914
40,                            31,                       9,                       0.077958
40,                            32,                       8,                       0.077024
40,                            32,                       8,                       0.068204
40,                            31,                       9,                       0.075101
40,                            32,                       8,                       0.072026
40,                            31,                       9,                       0.075481
40,                            32,                       8,                       0.072568
40,                            32,                       8,                       0.075584
40,                            31,                       9,                       0.072873
40,                            32,                       8,                       0.072066
40,                            31,                       9,                       0.077096
40,                            31,                       9,                       0.074311
40,                            31,                       9,                       0.075324
40,                            31,                       9,                       0.072186
40,                            31,                       9,                       0.074303
40,                            32,                       8,                       0.078928
40,                            32,                       8,                       0.075619
40,                            32,                       8,                       0.081516
40,                            32,                       8,                       0.071908
40,                            32,                       8,                       0.073289
40,                            32,                       8,                       0.072562
40,                            32,                       8,                       0.081244
40,                            31,                       9,                       0.077192
40,                            32,                       8,                       0.071051
40,                            32,                       8,                       0.074639
40,                            31,                       9,                       0.079283
40,                            31,                       9,                       0.076018
40,                            31,                       9,                       0.073653
40,                            31,                       9,                       0.073122
40,                            31,                       9,                       0.073365
40,                            32,                       8,                       0.074707
40,                            32,                       8,                       0.073483
40,                            32,                       8,                       0.073298
40,                            32,                       8,                       0.078268
40,                            32,                       8,                       0.098185
40,                            32,                       8,                       0.072406
40,                            32,                       8,                       0.081715
40,                            31,                       9,                       0.07176
40,                            32,                       8,                       0.078444
40,                            33,                       7,                       0.076507
40,                            32,                       8,                       0.083841
40,                            32,                       8,                       0.072086
40,                            32,                       8,                       0.076859
40,                            32,                       8,                       0.080924
40,                            32,                       8,                       0.081549
40,                            31,                       9,                       0.072514
40,                            33,                       7,                       0.073888
40,                            32,                       8,                       0.073682
40,                            32,                       8,                       0.081389
40,                            31,                       9,                       0.079499
40,                            32,                       8,                       0.072063
