COMMENT : The search result by Simulated-Annealing for Cauchy_Good Thu Jan 25 18:00:35 2018

tech : Cauchy_Good
algorithm : Simulated-Annealing
k : 8
m : 4
w : 12
failed_disk_id : 0
conventional_symbol_number    optimized_symbol_number    reduced_symbol_number    time
96,                            76,                       20,                       16.33
96,                            78,                       18,                       16.16
96,                            77,                       19,                       16.03
96,                            78,                       18,                       16.89
96,                            77,                       19,                       16.68
96,                            79,                       17,                       16.13
96,                            80,                       16,                       17.26
96,                            80,                       16,                       17.69
96,                            77,                       19,                       16.35
96,                            78,                       18,                       15.91
96,                            82,                       14,                       19.73
96,                            76,                       20,                       16.58
96,                            79,                       17,                       18.38
96,                            80,                       16,                       16.78
96,                            77,                       19,                       15.76
96,                            81,                       15,                       17.35
96,                            74,                       22,                       16.07
96,                            79,                       17,                       18.81
96,                            78,                       18,                       17.24
96,                            82,                       14,                       20.06
96,                            79,                       17,                       16.33
96,                            80,                       16,                       19.56
96,                            79,                       17,                       16.36
96,                            81,                       15,                       19.12
96,                            82,                       14,                       18.51
96,                            74,                       22,                       15.92
96,                            81,                       15,                       19.42
96,                            80,                       16,                       17.2
96,                            78,                       18,                       16.36
96,                            80,                       16,                       17.53
96,                            79,                       17,                       16.72
96,                            79,                       17,                       17.38
96,                            76,                       20,                       16.28
96,                            79,                       17,                       17.24
96,                            78,                       18,                       16.07
96,                            81,                       15,                       20
96,                            82,                       14,                       17.57
96,                            76,                       20,                       16
96,                            79,                       17,                       16.59
96,                            76,                       20,                       16.51
96,                            76,                       20,                       16.49
96,                            80,                       16,                       17.61
96,                            79,                       17,                       16.72
96,                            76,                       20,                       16.41
96,                            76,                       20,                       16.95
96,                            78,                       18,                       16.39
96,                            80,                       16,                       17.18
96,                            81,                       15,                       17.53
96,                            78,                       18,                       16.4
96,                            78,                       18,                       16.05
96,                            77,                       19,                       16.4
96,                            80,                       16,                       16.34
96,                            76,                       20,                       16.03
96,                            77,                       19,                       16.16
96,                            80,                       16,                       17.31
96,                            79,                       17,                       16.71
96,                            79,                       17,                       18.65
96,                            77,                       19,                       16.49
96,                            80,                       16,                       16.37
96,                            85,                       11,                       16.05
96,                            78,                       18,                       17.29
96,                            81,                       15,                       17.63
96,                            79,                       17,                       18.21
96,                            80,                       16,                       18.88
96,                            80,                       16,                       18.41
96,                            78,                       18,                       17.15
96,                            78,                       18,                       16.63
96,                            81,                       15,                       17.98
96,                            82,                       14,                       19.67
96,                            77,                       19,                       16.63
96,                            79,                       17,                       16.52
96,                            74,                       22,                       15.96
96,                            81,                       15,                       22.27
96,                            77,                       19,                       16.21
96,                            79,                       17,                       17.13
96,                            79,                       17,                       19.62
96,                            78,                       18,                       17.21
96,                            76,                       20,                       15.92
96,                            81,                       15,                       17.1
96,                            74,                       22,                       15.96
96,                            78,                       18,                       16.1
96,                            81,                       15,                       16.38
96,                            80,                       16,                       16.89
96,                            77,                       19,                       16.68
96,                            74,                       22,                       16.02
96,                            76,                       20,                       16.92
96,                            78,                       18,                       16.8
96,                            77,                       19,                       16.09
96,                            78,                       18,                       16.47
96,                            76,                       20,                       15.75
96,                            78,                       18,                       16.58
96,                            76,                       20,                       16.72
96,                            81,                       15,                       8.66
96,                            81,                       15,                       23.9
96,                            80,                       16,                       19.88
96,                            76,                       20,                       15.91
96,                            80,                       16,                       20.25
96,                            80,                       16,                       17.14
96,                            77,                       19,                       15.96
96,                            81,                       15,                       16.69
