COMMENT : The search result by Simulated-Annealing for Cauchy_Good Fri Jan 26 18:35:46 2018

tech : Cauchy_Good
algorithm : Simulated-Annealing
k : 4
m : 2
w : 5
failed_disk_id : 0
conventional_symbol_number    optimized_symbol_number    reduced_symbol_number    time
20,                            15,                       5,                       0.001846
20,                            15,                       5,                       0.002442
20,                            15,                       5,                       0.001942
20,                            15,                       5,                       0.002302
20,                            15,                       5,                       0.00183
20,                            15,                       5,                       0.002052
20,                            15,                       5,                       0.00182
20,                            15,                       5,                       0.001742
20,                            15,                       5,                       0.001805
20,                            15,                       5,                       0.002098
20,                            15,                       5,                       0.001848
20,                            15,                       5,                       0.001772
20,                            15,                       5,                       0.001855
20,                            15,                       5,                       0.002037
20,                            15,                       5,                       0.002493
20,                            15,                       5,                       0.001758
20,                            15,                       5,                       0.00181
20,                            15,                       5,                       0.00178
20,                            15,                       5,                       0.002593
20,                            15,                       5,                       0.00182
20,                            15,                       5,                       0.002624
20,                            15,                       5,                       0.002883
20,                            15,                       5,                       0.003297
20,                            15,                       5,                       0.001781
20,                            15,                       5,                       0.001735
20,                            15,                       5,                       0.00175
20,                            15,                       5,                       0.001856
20,                            15,                       5,                       0.001715
20,                            15,                       5,                       0.001776
20,                            15,                       5,                       0.001826
20,                            15,                       5,                       0.001755
20,                            15,                       5,                       0.001798
20,                            15,                       5,                       0.001754
20,                            15,                       5,                       0.001894
20,                            15,                       5,                       0.001801
20,                            15,                       5,                       0.00182
20,                            15,                       5,                       0.001939
20,                            15,                       5,                       0.001745
20,                            15,                       5,                       0.001811
20,                            15,                       5,                       0.001778
20,                            15,                       5,                       0.002042
20,                            15,                       5,                       0.001817
20,                            15,                       5,                       0.001824
20,                            15,                       5,                       0.001732
20,                            15,                       5,                       0.001723
20,                            15,                       5,                       0.001714
20,                            15,                       5,                       0.001724
20,                            15,                       5,                       0.001754
20,                            15,                       5,                       0.00182
20,                            15,                       5,                       0.001793
20,                            15,                       5,                       0.001772
20,                            15,                       5,                       0.001725
20,                            15,                       5,                       0.001715
20,                            15,                       5,                       0.001751
20,                            15,                       5,                       0.001777
20,                            15,                       5,                       0.001931
20,                            15,                       5,                       0.00178
20,                            15,                       5,                       0.001742
20,                            15,                       5,                       0.001789
20,                            15,                       5,                       0.001749
20,                            15,                       5,                       0.001789
20,                            15,                       5,                       0.001763
20,                            15,                       5,                       0.001787
20,                            15,                       5,                       0.002111
20,                            15,                       5,                       0.001836
20,                            15,                       5,                       0.001814
20,                            15,                       5,                       0.001729
20,                            15,                       5,                       0.001745
20,                            15,                       5,                       0.002015
20,                            15,                       5,                       0.001798
20,                            15,                       5,                       0.001751
20,                            15,                       5,                       0.001772
20,                            15,                       5,                       0.001773
20,                            15,                       5,                       0.001731
20,                            15,                       5,                       0.001743
20,                            15,                       5,                       0.001722
20,                            15,                       5,                       0.001883
20,                            15,                       5,                       0.00392
20,                            15,                       5,                       0.001831
20,                            15,                       5,                       0.001766
20,                            15,                       5,                       0.002033
20,                            15,                       5,                       0.001747
20,                            15,                       5,                       0.001806
20,                            15,                       5,                       0.001889
20,                            15,                       5,                       0.001744
20,                            15,                       5,                       0.001831
20,                            15,                       5,                       0.001796
20,                            15,                       5,                       0.00173
20,                            15,                       5,                       0.001971
20,                            15,                       5,                       0.002575
20,                            15,                       5,                       0.001779
20,                            15,                       5,                       0.001831
20,                            15,                       5,                       0.001777
20,                            15,                       5,                       0.001737
20,                            15,                       5,                       0.003131
20,                            15,                       5,                       0.00182
20,                            15,                       5,                       0.001842
20,                            15,                       5,                       0.002542
20,                            15,                       5,                       0.001729
20,                            15,                       5,                       0.001757
20,                            15,                       5,                       0.001721
20,                            15,                       5,                       0.001784
20,                            15,                       5,                       0.001711
20,                            15,                       5,                       0.00174
20,                            15,                       5,                       0.001748
20,                            15,                       5,                       0.001773
20,                            15,                       5,                       0.001792
20,                            15,                       5,                       0.001759
20,                            15,                       5,                       0.001757
20,                            15,                       5,                       0.001708
20,                            15,                       5,                       0.001784
20,                            15,                       5,                       0.001678
20,                            15,                       5,                       0.001985
20,                            15,                       5,                       0.001803
20,                            15,                       5,                       0.001813
20,                            15,                       5,                       0.001778
20,                            15,                       5,                       0.001786
20,                            15,                       5,                       0.00178
20,                            15,                       5,                       0.001773
20,                            15,                       5,                       0.001817
20,                            15,                       5,                       0.00184
20,                            15,                       5,                       0.001794
20,                            15,                       5,                       0.001816
20,                            15,                       5,                       0.00178
20,                            15,                       5,                       0.001749
20,                            15,                       5,                       0.001784
20,                            15,                       5,                       0.001865
20,                            15,                       5,                       0.001822
20,                            15,                       5,                       0.003321
20,                            15,                       5,                       0.001805
20,                            15,                       5,                       0.001787
20,                            15,                       5,                       0.002177
20,                            15,                       5,                       0.001791
20,                            15,                       5,                       0.001758
20,                            15,                       5,                       0.001768
20,                            15,                       5,                       0.001737
20,                            15,                       5,                       0.001907
20,                            15,                       5,                       0.001798
20,                            15,                       5,                       0.001798
20,                            15,                       5,                       0.001837
20,                            15,                       5,                       0.00179
20,                            15,                       5,                       0.001911
20,                            15,                       5,                       0.001777
20,                            15,                       5,                       0.001751
20,                            15,                       5,                       0.001733
20,                            15,                       5,                       0.001768
20,                            15,                       5,                       0.001754
20,                            15,                       5,                       0.001844
20,                            15,                       5,                       0.002141
20,                            15,                       5,                       0.001769
20,                            15,                       5,                       0.001761
20,                            15,                       5,                       0.001717
20,                            15,                       5,                       0.002047
20,                            15,                       5,                       0.001826
20,                            15,                       5,                       0.00176
20,                            15,                       5,                       0.001714
20,                            15,                       5,                       0.001977
20,                            15,                       5,                       0.002338
20,                            15,                       5,                       0.00173
20,                            15,                       5,                       0.0018
20,                            15,                       5,                       0.004345
20,                            15,                       5,                       0.00177
20,                            15,                       5,                       0.001713
20,                            15,                       5,                       0.001752
20,                            15,                       5,                       0.001878
20,                            15,                       5,                       0.00183
20,                            15,                       5,                       0.001797
20,                            15,                       5,                       0.001807
20,                            15,                       5,                       0.001749
20,                            15,                       5,                       0.001894
20,                            15,                       5,                       0.001707
20,                            15,                       5,                       0.001814
20,                            15,                       5,                       0.001804
20,                            15,                       5,                       0.001767
20,                            15,                       5,                       0.005623
20,                            15,                       5,                       0.001775
20,                            15,                       5,                       0.002098
20,                            15,                       5,                       0.001743
20,                            15,                       5,                       0.001756
20,                            15,                       5,                       0.00172
20,                            15,                       5,                       0.001998
20,                            15,                       5,                       0.001831
20,                            15,                       5,                       0.001947
20,                            15,                       5,                       0.001761
20,                            15,                       5,                       0.001896
20,                            15,                       5,                       0.0018
20,                            15,                       5,                       0.002064
20,                            15,                       5,                       0.00179
20,                            15,                       5,                       0.00212
20,                            15,                       5,                       0.001799
20,                            15,                       5,                       0.00175
20,                            15,                       5,                       0.001762
20,                            15,                       5,                       0.001747
20,                            15,                       5,                       0.001827
20,                            15,                       5,                       0.001716
20,                            15,                       5,                       0.001811
20,                            15,                       5,                       0.001968
20,                            15,                       5,                       0.001793
20,                            15,                       5,                       0.001709
20,                            15,                       5,                       0.001757
20,                            15,                       5,                       0.001928
20,                            15,                       5,                       0.001839
20,                            15,                       5,                       0.001802
20,                            15,                       5,                       0.002244
20,                            15,                       5,                       0.001744
20,                            15,                       5,                       0.001786
20,                            15,                       5,                       0.001944
20,                            15,                       5,                       0.001876
20,                            15,                       5,                       0.001817
20,                            15,                       5,                       0.001768
20,                            15,                       5,                       0.001784
20,                            15,                       5,                       0.001736
20,                            15,                       5,                       0.001777
20,                            15,                       5,                       0.002076
20,                            15,                       5,                       0.001808
20,                            15,                       5,                       0.00193
20,                            15,                       5,                       0.001805
20,                            15,                       5,                       0.001782
20,                            15,                       5,                       0.001912
20,                            15,                       5,                       0.001876
20,                            15,                       5,                       0.001689
20,                            15,                       5,                       0.001719
20,                            15,                       5,                       0.001794
20,                            15,                       5,                       0.001741
20,                            15,                       5,                       0.001782
20,                            15,                       5,                       0.001825
20,                            15,                       5,                       0.001756
20,                            15,                       5,                       0.00185
20,                            15,                       5,                       0.00179
20,                            15,                       5,                       0.001736
20,                            15,                       5,                       0.001756
20,                            15,                       5,                       0.001904
20,                            15,                       5,                       0.001795
20,                            15,                       5,                       0.006327
20,                            15,                       5,                       0.001803
20,                            15,                       5,                       0.005782
20,                            15,                       5,                       0.001681
20,                            15,                       5,                       0.003186
20,                            15,                       5,                       0.001789
20,                            15,                       5,                       0.001824
20,                            15,                       5,                       0.001771
20,                            15,                       5,                       0.001812
20,                            15,                       5,                       0.001693
20,                            15,                       5,                       0.001863
20,                            15,                       5,                       0.00231
20,                            15,                       5,                       0.001749
20,                            15,                       5,                       0.001767
20,                            15,                       5,                       0.001788
20,                            15,                       5,                       0.001743
20,                            15,                       5,                       0.002051
20,                            15,                       5,                       0.001801
20,                            15,                       5,                       0.001813
20,                            15,                       5,                       0.001835
20,                            15,                       5,                       0.001893
20,                            15,                       5,                       0.001739
20,                            15,                       5,                       0.001978
20,                            15,                       5,                       0.002004
20,                            15,                       5,                       0.001899
20,                            15,                       5,                       0.001803
20,                            15,                       5,                       0.00219
20,                            15,                       5,                       0.006101
20,                            15,                       5,                       0.001785
20,                            15,                       5,                       0.00183
20,                            15,                       5,                       0.002157
20,                            15,                       5,                       0.001825
20,                            15,                       5,                       0.001839
20,                            15,                       5,                       0.00179
20,                            15,                       5,                       0.001968
20,                            15,                       5,                       0.001794
20,                            15,                       5,                       0.001726
20,                            15,                       5,                       0.00238
20,                            15,                       5,                       0.001745
20,                            15,                       5,                       0.001791
20,                            15,                       5,                       0.001752
20,                            15,                       5,                       0.00178
20,                            15,                       5,                       0.001769
20,                            15,                       5,                       0.002026
20,                            15,                       5,                       0.001747
20,                            15,                       5,                       0.001749
20,                            15,                       5,                       0.001699
20,                            15,                       5,                       0.001873
20,                            15,                       5,                       0.001832
20,                            15,                       5,                       0.001725
20,                            15,                       5,                       0.001794
20,                            15,                       5,                       0.001847
20,                            15,                       5,                       0.00214
20,                            15,                       5,                       0.001734
20,                            15,                       5,                       0.001764
20,                            15,                       5,                       0.001756
20,                            15,                       5,                       0.001765
20,                            15,                       5,                       0.001828
20,                            15,                       5,                       0.001807
20,                            15,                       5,                       0.002344
20,                            15,                       5,                       0.001772
20,                            15,                       5,                       0.001699
20,                            15,                       5,                       0.00176
20,                            15,                       5,                       0.001739
20,                            15,                       5,                       0.001826
20,                            15,                       5,                       0.001784
20,                            15,                       5,                       0.001802
