COMMENT : The search result by Simulated-Annealing for Cauchy_Good Fri Jan 26 18:35:52 2018

tech : Cauchy_Good
algorithm : Simulated-Annealing
k : 7
m : 4
w : 8
failed_disk_id : 0
conventional_symbol_number    optimized_symbol_number    reduced_symbol_number    time
56,                            45,                       11,                       0.156693
56,                            45,                       11,                       0.166689
56,                            46,                       10,                       0.162626
56,                            46,                       10,                       0.185181
56,                            45,                       11,                       0.163695
56,                            46,                       10,                       0.163648
56,                            45,                       11,                       0.15535
56,                            45,                       11,                       0.160841
56,                            45,                       11,                       0.167851
56,                            45,                       11,                       0.156696
56,                            46,                       10,                       0.162556
56,                            46,                       10,                       0.166575
56,                            45,                       11,                       0.164154
56,                            45,                       11,                       0.1587
56,                            45,                       11,                       0.172563
56,                            45,                       11,                       0.156862
56,                            45,                       11,                       0.15575
56,                            45,                       11,                       0.155346
56,                            45,                       11,                       0.166005
56,                            45,                       11,                       0.165372
56,                            45,                       11,                       0.165538
56,                            45,                       11,                       0.163213
56,                            45,                       11,                       0.146711
56,                            45,                       11,                       0.141885
56,                            45,                       11,                       0.153894
56,                            45,                       11,                       0.143433
56,                            45,                       11,                       0.149542
56,                            45,                       11,                       0.150227
56,                            45,                       11,                       0.145083
56,                            45,                       11,                       0.154646
56,                            46,                       10,                       0.149541
56,                            46,                       10,                       0.157841
56,                            45,                       11,                       0.151086
56,                            45,                       11,                       0.148072
56,                            45,                       11,                       0.147001
56,                            45,                       11,                       0.151158
56,                            46,                       10,                       0.147636
56,                            45,                       11,                       0.149048
56,                            45,                       11,                       0.14278
56,                            45,                       11,                       0.149043
56,                            45,                       11,                       0.147405
56,                            45,                       11,                       0.149293
56,                            45,                       11,                       0.146932
56,                            45,                       11,                       0.148055
56,                            45,                       11,                       0.145786
56,                            45,                       11,                       0.143557
56,                            47,                       9,                       0.177968
56,                            45,                       11,                       0.151256
56,                            45,                       11,                       0.147264
56,                            45,                       11,                       0.143325
56,                            46,                       10,                       0.154478
56,                            45,                       11,                       0.15247
56,                            45,                       11,                       0.151283
56,                            45,                       11,                       0.144713
56,                            45,                       11,                       0.151446
56,                            45,                       11,                       0.143387
56,                            45,                       11,                       0.148541
56,                            45,                       11,                       0.15113
56,                            46,                       10,                       0.167958
56,                            45,                       11,                       0.146626
56,                            46,                       10,                       0.153596
56,                            46,                       10,                       0.165083
56,                            45,                       11,                       0.149538
56,                            45,                       11,                       0.147947
56,                            45,                       11,                       0.152486
56,                            45,                       11,                       0.149349
56,                            46,                       10,                       0.149916
56,                            45,                       11,                       0.150338
56,                            47,                       9,                       0.157835
56,                            45,                       11,                       0.157208
56,                            45,                       11,                       0.145171
56,                            45,                       11,                       0.145221
56,                            45,                       11,                       0.148164
56,                            45,                       11,                       0.14805
56,                            45,                       11,                       0.156089
56,                            46,                       10,                       0.150556
56,                            46,                       10,                       0.151256
56,                            45,                       11,                       0.152772
56,                            45,                       11,                       0.165869
56,                            45,                       11,                       0.152004
56,                            45,                       11,                       0.154995
56,                            46,                       10,                       0.149197
56,                            46,                       10,                       0.196446
56,                            45,                       11,                       0.146362
56,                            46,                       10,                       0.174158
56,                            45,                       11,                       0.151041
56,                            45,                       11,                       0.14505
56,                            45,                       11,                       0.154787
56,                            47,                       9,                       0.174234
56,                            45,                       11,                       0.155394
56,                            46,                       10,                       0.15622
56,                            45,                       11,                       0.1472
56,                            46,                       10,                       0.166927
56,                            46,                       10,                       0.147264
56,                            46,                       10,                       0.162928
56,                            45,                       11,                       0.145777
56,                            45,                       11,                       0.148687
56,                            45,                       11,                       0.149799
56,                            45,                       11,                       0.155236
56,                            45,                       11,                       0.15438
56,                            46,                       10,                       0.154988
56,                            45,                       11,                       0.150312
56,                            45,                       11,                       0.15943
56,                            45,                       11,                       0.14986
56,                            45,                       11,                       0.148481
56,                            45,                       11,                       0.161636
56,                            45,                       11,                       0.151564
56,                            45,                       11,                       0.148373
56,                            46,                       10,                       0.164014
56,                            45,                       11,                       0.149534
56,                            45,                       11,                       0.150082
56,                            45,                       11,                       0.156594
56,                            45,                       11,                       0.149881
56,                            46,                       10,                       0.148699
56,                            45,                       11,                       0.152873
56,                            45,                       11,                       0.148698
56,                            45,                       11,                       0.148886
56,                            45,                       11,                       0.161112
56,                            46,                       10,                       0.167735
56,                            45,                       11,                       0.14968
56,                            45,                       11,                       0.159915
56,                            46,                       10,                       0.167619
56,                            45,                       11,                       0.155527
56,                            45,                       11,                       0.152095
56,                            45,                       11,                       0.161792
56,                            45,                       11,                       0.157771
56,                            45,                       11,                       0.149554
56,                            45,                       11,                       0.14896
56,                            45,                       11,                       0.148249
56,                            45,                       11,                       0.151712
56,                            45,                       11,                       0.150664
56,                            45,                       11,                       0.153085
56,                            46,                       10,                       0.156174
56,                            45,                       11,                       0.145776
56,                            45,                       11,                       0.146454
56,                            45,                       11,                       0.15084
56,                            45,                       11,                       0.145929
56,                            45,                       11,                       0.150053
56,                            46,                       10,                       0.147781
56,                            45,                       11,                       0.148857
56,                            46,                       10,                       0.166567
56,                            45,                       11,                       0.153984
56,                            45,                       11,                       0.152357
56,                            45,                       11,                       0.147284
56,                            45,                       11,                       0.157791
56,                            45,                       11,                       0.148996
56,                            45,                       11,                       0.147794
56,                            45,                       11,                       0.14333
56,                            45,                       11,                       0.162348
56,                            45,                       11,                       0.151027
56,                            45,                       11,                       0.160712
56,                            45,                       11,                       0.156765
56,                            45,                       11,                       0.1496
56,                            46,                       10,                       0.170329
56,                            45,                       11,                       0.148111
56,                            45,                       11,                       0.15244
56,                            45,                       11,                       0.158654
56,                            45,                       11,                       0.162316
56,                            45,                       11,                       0.154574
56,                            45,                       11,                       0.162123
56,                            45,                       11,                       0.151057
56,                            46,                       10,                       0.159297
56,                            46,                       10,                       0.166938
56,                            46,                       10,                       0.162663
56,                            45,                       11,                       0.153947
56,                            45,                       11,                       0.149436
56,                            45,                       11,                       0.150301
56,                            45,                       11,                       0.151483
56,                            45,                       11,                       0.146344
56,                            46,                       10,                       0.153466
56,                            45,                       11,                       0.157344
56,                            45,                       11,                       0.16
56,                            45,                       11,                       0.149129
56,                            45,                       11,                       0.149225
56,                            46,                       10,                       0.171377
56,                            45,                       11,                       0.161648
56,                            45,                       11,                       0.148748
56,                            46,                       10,                       0.146974
56,                            45,                       11,                       0.14836
56,                            45,                       11,                       0.159382
56,                            46,                       10,                       0.171382
56,                            45,                       11,                       0.162812
56,                            45,                       11,                       0.150485
56,                            45,                       11,                       0.14714
56,                            45,                       11,                       0.15084
56,                            45,                       11,                       0.150775
56,                            45,                       11,                       0.145712
56,                            45,                       11,                       0.153844
56,                            45,                       11,                       0.157066
56,                            45,                       11,                       0.156883
56,                            45,                       11,                       0.156961
56,                            45,                       11,                       0.146359
56,                            46,                       10,                       0.156318
56,                            45,                       11,                       0.154634
56,                            47,                       9,                       0.156566
56,                            45,                       11,                       0.14908
56,                            45,                       11,                       0.154287
56,                            45,                       11,                       0.151067
56,                            46,                       10,                       0.146442
56,                            45,                       11,                       0.148215
56,                            46,                       10,                       0.152235
56,                            45,                       11,                       0.155334
56,                            45,                       11,                       0.152399
56,                            45,                       11,                       0.146849
56,                            46,                       10,                       0.148201
56,                            45,                       11,                       0.144848
56,                            45,                       11,                       0.149378
56,                            45,                       11,                       0.152413
56,                            45,                       11,                       0.149143
56,                            45,                       11,                       0.146551
56,                            45,                       11,                       0.160442
56,                            45,                       11,                       0.155957
56,                            45,                       11,                       0.149762
56,                            45,                       11,                       0.151221
56,                            46,                       10,                       0.160205
56,                            46,                       10,                       0.151923
56,                            45,                       11,                       0.14773
56,                            45,                       11,                       0.148206
56,                            45,                       11,                       0.15645
56,                            45,                       11,                       0.152595
56,                            46,                       10,                       0.151199
56,                            45,                       11,                       0.157766
56,                            45,                       11,                       0.150927
56,                            45,                       11,                       0.151328
56,                            45,                       11,                       0.149362
56,                            46,                       10,                       0.151684
56,                            45,                       11,                       0.151673
56,                            46,                       10,                       0.147906
56,                            45,                       11,                       0.151304
56,                            46,                       10,                       0.155567
56,                            45,                       11,                       0.148249
56,                            47,                       9,                       0.172279
56,                            45,                       11,                       0.164874
56,                            46,                       10,                       0.173289
56,                            45,                       11,                       0.150141
56,                            45,                       11,                       0.155546
56,                            46,                       10,                       0.165599
56,                            46,                       10,                       0.162024
56,                            45,                       11,                       0.151577
56,                            45,                       11,                       0.156949
56,                            45,                       11,                       0.150384
56,                            45,                       11,                       0.156851
56,                            45,                       11,                       0.150311
56,                            45,                       11,                       0.156112
56,                            45,                       11,                       0.151374
56,                            45,                       11,                       0.147383
56,                            45,                       11,                       0.158022
56,                            45,                       11,                       0.150592
56,                            45,                       11,                       0.161315
56,                            45,                       11,                       0.148248
56,                            45,                       11,                       0.154115
56,                            45,                       11,                       0.14834
56,                            45,                       11,                       0.152083
56,                            46,                       10,                       0.157821
56,                            46,                       10,                       0.152943
56,                            46,                       10,                       0.16158
56,                            45,                       11,                       0.148935
56,                            45,                       11,                       0.155826
56,                            45,                       11,                       0.150155
56,                            46,                       10,                       0.161279
56,                            45,                       11,                       0.157733
56,                            45,                       11,                       0.147058
56,                            46,                       10,                       0.154903
56,                            46,                       10,                       0.160161
56,                            45,                       11,                       0.159268
56,                            45,                       11,                       0.151535
56,                            45,                       11,                       0.14895
56,                            45,                       11,                       0.146862
56,                            45,                       11,                       0.157393
56,                            45,                       11,                       0.159704
56,                            45,                       11,                       0.152766
56,                            45,                       11,                       0.147414
56,                            45,                       11,                       0.158434
56,                            45,                       11,                       0.155089
56,                            45,                       11,                       0.148871
56,                            45,                       11,                       0.158798
56,                            45,                       11,                       0.150284
56,                            46,                       10,                       0.164152
56,                            45,                       11,                       0.149838
56,                            45,                       11,                       0.162366
56,                            45,                       11,                       0.151834
56,                            46,                       10,                       0.166125
56,                            46,                       10,                       0.146814
56,                            45,                       11,                       0.163653
56,                            45,                       11,                       0.149851
56,                            45,                       11,                       0.151426
56,                            45,                       11,                       0.144193
56,                            46,                       10,                       0.170359
56,                            45,                       11,                       0.149395
56,                            45,                       11,                       0.147504
56,                            45,                       11,                       0.166181
56,                            45,                       11,                       0.15191
56,                            45,                       11,                       0.151237
56,                            46,                       10,                       0.15463
56,                            45,                       11,                       0.147202
56,                            45,                       11,                       0.160468
56,                            45,                       11,                       0.153774
56,                            46,                       10,                       0.170326
56,                            45,                       11,                       0.151466
56,                            46,                       10,                       0.153838
