COMMENT : The search result by Simulated-Annealing for Cauchy_Good Fri Jan 26 18:35:52 2018

tech : Cauchy_Good
algorithm : Simulated-Annealing
k : 7
m : 3
w : 8
failed_disk_id : 0
conventional_symbol_number    optimized_symbol_number    reduced_symbol_number    time
56,                            46,                       10,                       0.112661
56,                            46,                       10,                       0.104823
56,                            46,                       10,                       0.106449
56,                            46,                       10,                       0.109873
56,                            45,                       11,                       0.110914
56,                            46,                       10,                       0.13045
56,                            48,                       8,                       0.106334
56,                            46,                       10,                       0.1037
56,                            47,                       9,                       0.10464
56,                            46,                       10,                       0.113548
56,                            46,                       10,                       0.118453
56,                            47,                       9,                       0.119536
56,                            48,                       8,                       0.104523
56,                            47,                       9,                       0.112626
56,                            45,                       11,                       0.114425
56,                            46,                       10,                       0.111156
56,                            46,                       10,                       0.107667
56,                            45,                       11,                       0.114779
56,                            45,                       11,                       0.111114
56,                            46,                       10,                       0.119772
56,                            47,                       9,                       0.11287
56,                            45,                       11,                       0.110369
56,                            46,                       10,                       0.103789
56,                            46,                       10,                       0.107129
56,                            46,                       10,                       0.104112
56,                            46,                       10,                       0.107657
56,                            46,                       10,                       0.109384
56,                            46,                       10,                       0.101059
56,                            46,                       10,                       0.100036
56,                            46,                       10,                       0.108352
56,                            46,                       10,                       0.109337
56,                            46,                       10,                       0.105372
56,                            46,                       10,                       0.104289
56,                            46,                       10,                       0.104265
56,                            46,                       10,                       0.105036
56,                            48,                       8,                       0.101351
56,                            46,                       10,                       0.111609
56,                            45,                       11,                       0.107827
56,                            47,                       9,                       0.108261
56,                            46,                       10,                       0.10683
56,                            46,                       10,                       0.103334
56,                            46,                       10,                       0.103074
56,                            46,                       10,                       0.10275
56,                            46,                       10,                       0.103448
56,                            45,                       11,                       0.112295
56,                            46,                       10,                       0.116261
56,                            45,                       11,                       0.107674
56,                            47,                       9,                       0.101489
56,                            46,                       10,                       0.106378
56,                            45,                       11,                       0.109437
56,                            46,                       10,                       0.102634
56,                            46,                       10,                       0.105355
56,                            46,                       10,                       0.102363
56,                            46,                       10,                       0.104607
56,                            46,                       10,                       0.10663
56,                            46,                       10,                       0.10906
56,                            47,                       9,                       0.104342
56,                            46,                       10,                       0.111402
56,                            46,                       10,                       0.102446
56,                            47,                       9,                       0.104116
56,                            47,                       9,                       0.099714
56,                            47,                       9,                       0.104863
56,                            46,                       10,                       0.103552
56,                            47,                       9,                       0.100215
56,                            46,                       10,                       0.106738
56,                            46,                       10,                       0.101471
56,                            46,                       10,                       0.107509
56,                            45,                       11,                       0.105798
56,                            46,                       10,                       0.105373
56,                            46,                       10,                       0.107472
56,                            47,                       9,                       0.102911
56,                            45,                       11,                       0.10375
56,                            47,                       9,                       0.102919
56,                            46,                       10,                       0.108346
56,                            46,                       10,                       0.101399
56,                            47,                       9,                       0.101899
56,                            45,                       11,                       0.108029
56,                            46,                       10,                       0.105699
56,                            45,                       11,                       0.109955
56,                            46,                       10,                       0.118852
56,                            47,                       9,                       0.10439
56,                            45,                       11,                       0.10841
56,                            46,                       10,                       0.102747
56,                            46,                       10,                       0.106432
56,                            48,                       8,                       0.10198
56,                            45,                       11,                       0.10159
56,                            46,                       10,                       0.114184
56,                            45,                       11,                       0.11088
56,                            46,                       10,                       0.104459
56,                            46,                       10,                       0.102623
56,                            46,                       10,                       0.114539
56,                            46,                       10,                       0.103966
56,                            46,                       10,                       0.104343
56,                            45,                       11,                       0.108262
56,                            45,                       11,                       0.114081
56,                            48,                       8,                       0.114635
56,                            45,                       11,                       0.108359
56,                            46,                       10,                       0.101099
56,                            46,                       10,                       0.105125
56,                            46,                       10,                       0.102671
56,                            46,                       10,                       0.103393
56,                            46,                       10,                       0.104204
56,                            46,                       10,                       0.109512
56,                            46,                       10,                       0.104182
56,                            46,                       10,                       0.105899
56,                            46,                       10,                       0.107075
56,                            46,                       10,                       0.105834
56,                            47,                       9,                       0.104836
56,                            46,                       10,                       0.107755
56,                            46,                       10,                       0.105511
56,                            46,                       10,                       0.109591
56,                            46,                       10,                       0.104804
56,                            45,                       11,                       0.109145
56,                            46,                       10,                       0.107242
56,                            46,                       10,                       0.106766
56,                            46,                       10,                       0.104391
56,                            46,                       10,                       0.10643
56,                            45,                       11,                       0.105603
56,                            47,                       9,                       0.103785
56,                            46,                       10,                       0.105534
56,                            46,                       10,                       0.109138
56,                            46,                       10,                       0.105027
56,                            46,                       10,                       0.105169
56,                            46,                       10,                       0.108548
56,                            46,                       10,                       0.104705
56,                            46,                       10,                       0.109554
56,                            46,                       10,                       0.114162
56,                            46,                       10,                       0.106514
56,                            47,                       9,                       0.102361
56,                            45,                       11,                       0.106378
56,                            45,                       11,                       0.111669
56,                            47,                       9,                       0.103205
56,                            46,                       10,                       0.105406
56,                            45,                       11,                       0.107827
56,                            46,                       10,                       0.105959
56,                            46,                       10,                       0.106783
56,                            46,                       10,                       0.106488
56,                            46,                       10,                       0.111954
56,                            46,                       10,                       0.111872
56,                            47,                       9,                       0.099999
56,                            46,                       10,                       0.103937
56,                            46,                       10,                       0.105952
56,                            46,                       10,                       0.107471
56,                            47,                       9,                       0.108499
56,                            46,                       10,                       0.111834
56,                            46,                       10,                       0.107432
56,                            46,                       10,                       0.105061
56,                            45,                       11,                       0.104348
56,                            46,                       10,                       0.108358
56,                            47,                       9,                       0.109138
56,                            46,                       10,                       0.107472
56,                            45,                       11,                       0.109886
56,                            46,                       10,                       0.108477
56,                            45,                       11,                       0.109978
56,                            45,                       11,                       0.105919
56,                            46,                       10,                       0.102946
56,                            46,                       10,                       0.113244
56,                            46,                       10,                       0.104534
56,                            46,                       10,                       0.106927
56,                            45,                       11,                       0.107075
56,                            47,                       9,                       0.103689
56,                            46,                       10,                       0.105538
56,                            46,                       10,                       0.11164
56,                            46,                       10,                       0.107921
56,                            46,                       10,                       0.105349
56,                            47,                       9,                       0.104378
56,                            46,                       10,                       0.102706
56,                            46,                       10,                       0.108399
56,                            45,                       11,                       0.106519
56,                            45,                       11,                       0.109079
56,                            47,                       9,                       0.108052
56,                            47,                       9,                       0.102828
56,                            46,                       10,                       0.105504
56,                            46,                       10,                       0.10762
56,                            46,                       10,                       0.106021
56,                            46,                       10,                       0.105512
56,                            46,                       10,                       0.110773
56,                            46,                       10,                       0.108665
56,                            46,                       10,                       0.106912
56,                            46,                       10,                       0.10439
56,                            46,                       10,                       0.107012
56,                            46,                       10,                       0.105149
56,                            46,                       10,                       0.109549
56,                            46,                       10,                       0.101725
56,                            46,                       10,                       0.106112
56,                            46,                       10,                       0.104379
56,                            46,                       10,                       0.110432
56,                            46,                       10,                       0.109897
56,                            46,                       10,                       0.108239
56,                            46,                       10,                       0.10688
56,                            47,                       9,                       0.102771
56,                            46,                       10,                       0.104061
56,                            46,                       10,                       0.107359
56,                            46,                       10,                       0.108401
56,                            47,                       9,                       0.103401
56,                            46,                       10,                       0.105833
56,                            46,                       10,                       0.103415
56,                            45,                       11,                       0.109112
56,                            46,                       10,                       0.116478
56,                            47,                       9,                       0.10184
56,                            46,                       10,                       0.111718
56,                            46,                       10,                       0.115257
56,                            46,                       10,                       0.108451
56,                            45,                       11,                       0.109843
56,                            46,                       10,                       0.107623
56,                            46,                       10,                       0.104843
56,                            46,                       10,                       0.107331
56,                            46,                       10,                       0.105507
56,                            46,                       10,                       0.109226
56,                            46,                       10,                       0.104607
56,                            46,                       10,                       0.106126
56,                            46,                       10,                       0.114653
56,                            46,                       10,                       0.107151
56,                            47,                       9,                       0.107645
56,                            46,                       10,                       0.105236
56,                            46,                       10,                       0.10803
56,                            46,                       10,                       0.104839
56,                            46,                       10,                       0.107623
56,                            46,                       10,                       0.10832
56,                            46,                       10,                       0.104639
56,                            46,                       10,                       0.107053
56,                            46,                       10,                       0.10967
56,                            46,                       10,                       0.105171
56,                            46,                       10,                       0.104256
56,                            46,                       10,                       0.103847
56,                            46,                       10,                       0.109071
56,                            46,                       10,                       0.108827
56,                            45,                       11,                       0.118391
56,                            46,                       10,                       0.10339
56,                            46,                       10,                       0.106271
56,                            47,                       9,                       0.100179
56,                            46,                       10,                       0.107274
56,                            46,                       10,                       0.108962
56,                            46,                       10,                       0.108332
56,                            46,                       10,                       0.1049
56,                            46,                       10,                       0.109019
56,                            46,                       10,                       0.113784
56,                            46,                       10,                       0.109355
56,                            46,                       10,                       0.107514
56,                            46,                       10,                       0.106422
56,                            46,                       10,                       0.105585
56,                            46,                       10,                       0.103764
56,                            46,                       10,                       0.105579
56,                            46,                       10,                       0.10595
56,                            46,                       10,                       0.113021
56,                            47,                       9,                       0.109178
56,                            46,                       10,                       0.103285
56,                            46,                       10,                       0.107148
56,                            46,                       10,                       0.107508
56,                            46,                       10,                       0.107713
56,                            48,                       8,                       0.103029
56,                            46,                       10,                       0.105956
56,                            45,                       11,                       0.108461
56,                            46,                       10,                       0.107463
56,                            46,                       10,                       0.105504
56,                            46,                       10,                       0.104916
56,                            45,                       11,                       0.109348
56,                            46,                       10,                       0.101494
56,                            46,                       10,                       0.107791
56,                            46,                       10,                       0.108404
56,                            46,                       10,                       0.107428
56,                            46,                       10,                       0.104626
56,                            47,                       9,                       0.100849
56,                            46,                       10,                       0.105619
56,                            46,                       10,                       0.104627
56,                            46,                       10,                       0.105012
56,                            46,                       10,                       0.107843
56,                            46,                       10,                       0.10582
56,                            46,                       10,                       0.106283
56,                            46,                       10,                       0.109474
56,                            46,                       10,                       0.106611
56,                            46,                       10,                       0.103907
56,                            46,                       10,                       0.114636
56,                            45,                       11,                       0.111325
56,                            46,                       10,                       0.102565
56,                            46,                       10,                       0.103726
56,                            46,                       10,                       0.114025
56,                            45,                       11,                       0.110524
56,                            46,                       10,                       0.106653
56,                            46,                       10,                       0.107558
56,                            46,                       10,                       0.109805
56,                            46,                       10,                       0.103285
56,                            46,                       10,                       0.10563
56,                            46,                       10,                       0.103327
56,                            46,                       10,                       0.10687
56,                            45,                       11,                       0.107796
56,                            48,                       8,                       0.102638
56,                            45,                       11,                       0.108782
56,                            46,                       10,                       0.105184
56,                            46,                       10,                       0.108514
56,                            45,                       11,                       0.105898
56,                            46,                       10,                       0.106618
56,                            46,                       10,                       0.107135
56,                            46,                       10,                       0.107795
56,                            46,                       10,                       0.107682
56,                            46,                       10,                       0.104588
56,                            45,                       11,                       0.106081
56,                            47,                       9,                       0.104105
56,                            46,                       10,                       0.104037
56,                            45,                       11,                       0.110173
