COMMENT : The search result by Simulated-Annealing for Cauchy_Good Fri Jan 26 18:35:51 2018

tech : Cauchy_Good
algorithm : Simulated-Annealing
k : 6
m : 6
w : 4
failed_disk_id : 0
conventional_symbol_number    optimized_symbol_number    reduced_symbol_number    time
24,                            18,                       6,                       0.004025
24,                            18,                       6,                       0.004159
24,                            18,                       6,                       0.004228
24,                            18,                       6,                       0.003842
24,                            18,                       6,                       0.003632
24,                            18,                       6,                       0.004673
24,                            18,                       6,                       0.00373
24,                            18,                       6,                       0.004208
24,                            18,                       6,                       0.004122
24,                            18,                       6,                       0.003718
24,                            18,                       6,                       0.004216
24,                            18,                       6,                       0.003961
24,                            18,                       6,                       0.004573
24,                            18,                       6,                       0.004068
24,                            18,                       6,                       0.003768
24,                            18,                       6,                       0.006755
24,                            18,                       6,                       0.004832
24,                            18,                       6,                       0.003902
24,                            18,                       6,                       0.003861
24,                            18,                       6,                       0.003988
24,                            18,                       6,                       0.004218
24,                            18,                       6,                       0.003822
24,                            18,                       6,                       0.004868
24,                            18,                       6,                       0.003797
24,                            18,                       6,                       0.003669
24,                            18,                       6,                       0.004057
24,                            18,                       6,                       0.004378
24,                            18,                       6,                       0.003761
24,                            18,                       6,                       0.004292
24,                            18,                       6,                       0.003741
24,                            18,                       6,                       0.00409
24,                            18,                       6,                       0.003743
24,                            18,                       6,                       0.003773
24,                            18,                       6,                       0.003892
24,                            18,                       6,                       0.003741
24,                            18,                       6,                       0.003736
24,                            18,                       6,                       0.003949
24,                            18,                       6,                       0.003852
24,                            18,                       6,                       0.003627
24,                            18,                       6,                       0.003645
24,                            18,                       6,                       0.003689
24,                            18,                       6,                       0.003495
24,                            18,                       6,                       0.003851
24,                            18,                       6,                       0.003985
24,                            18,                       6,                       0.003792
24,                            18,                       6,                       0.003743
24,                            18,                       6,                       0.003676
24,                            18,                       6,                       0.003608
24,                            18,                       6,                       0.003743
24,                            18,                       6,                       0.003757
24,                            18,                       6,                       0.003921
24,                            18,                       6,                       0.003721
24,                            18,                       6,                       0.003686
24,                            18,                       6,                       0.003796
24,                            18,                       6,                       0.004057
24,                            18,                       6,                       0.003611
24,                            18,                       6,                       0.003865
24,                            18,                       6,                       0.003495
24,                            18,                       6,                       0.003795
24,                            18,                       6,                       0.003735
24,                            18,                       6,                       0.003891
24,                            18,                       6,                       0.004399
24,                            18,                       6,                       0.003809
24,                            18,                       6,                       0.003925
24,                            18,                       6,                       0.003989
24,                            18,                       6,                       0.003903
24,                            18,                       6,                       0.003643
24,                            18,                       6,                       0.003957
24,                            18,                       6,                       0.003994
24,                            18,                       6,                       0.003824
24,                            18,                       6,                       0.00388
24,                            18,                       6,                       0.003868
24,                            18,                       6,                       0.00375
24,                            18,                       6,                       0.003881
24,                            18,                       6,                       0.004025
24,                            18,                       6,                       0.003638
24,                            18,                       6,                       0.003867
24,                            18,                       6,                       0.004208
24,                            18,                       6,                       0.005026
24,                            18,                       6,                       0.00385
24,                            18,                       6,                       0.003824
24,                            18,                       6,                       0.00386
24,                            18,                       6,                       0.004145
24,                            18,                       6,                       0.003988
24,                            18,                       6,                       0.003738
24,                            18,                       6,                       0.003724
24,                            18,                       6,                       0.003699
24,                            18,                       6,                       0.003633
24,                            18,                       6,                       0.003764
24,                            18,                       6,                       0.00378
24,                            18,                       6,                       0.003837
24,                            18,                       6,                       0.003745
24,                            18,                       6,                       0.004087
24,                            18,                       6,                       0.003788
24,                            18,                       6,                       0.003727
24,                            18,                       6,                       0.003792
24,                            18,                       6,                       0.003583
24,                            18,                       6,                       0.003873
24,                            18,                       6,                       0.003635
24,                            18,                       6,                       0.004278
24,                            18,                       6,                       0.004462
24,                            18,                       6,                       0.004024
24,                            18,                       6,                       0.003586
24,                            18,                       6,                       0.004293
24,                            18,                       6,                       0.003748
24,                            18,                       6,                       0.003811
24,                            18,                       6,                       0.003708
24,                            18,                       6,                       0.003811
24,                            18,                       6,                       0.004008
24,                            18,                       6,                       0.003923
24,                            18,                       6,                       0.003832
24,                            18,                       6,                       0.00394
24,                            18,                       6,                       0.003878
24,                            18,                       6,                       0.004256
24,                            18,                       6,                       0.003716
24,                            18,                       6,                       0.004021
24,                            18,                       6,                       0.004488
24,                            18,                       6,                       0.004308
24,                            18,                       6,                       0.003908
24,                            18,                       6,                       0.003641
24,                            18,                       6,                       0.003802
24,                            18,                       6,                       0.00373
24,                            18,                       6,                       0.004006
24,                            18,                       6,                       0.004396
24,                            18,                       6,                       0.004055
24,                            18,                       6,                       0.003781
24,                            18,                       6,                       0.003847
24,                            18,                       6,                       0.003844
24,                            18,                       6,                       0.003866
24,                            18,                       6,                       0.003722
24,                            18,                       6,                       0.003532
24,                            18,                       6,                       0.00373
24,                            19,                       5,                       0.00397
24,                            18,                       6,                       0.003657
24,                            18,                       6,                       0.004114
24,                            18,                       6,                       0.003815
24,                            18,                       6,                       0.004086
24,                            18,                       6,                       0.003612
24,                            18,                       6,                       0.003812
24,                            18,                       6,                       0.003785
24,                            18,                       6,                       0.003751
24,                            18,                       6,                       0.003823
24,                            18,                       6,                       0.004162
24,                            18,                       6,                       0.00389
24,                            18,                       6,                       0.003872
24,                            18,                       6,                       0.003878
24,                            18,                       6,                       0.004089
24,                            18,                       6,                       0.004151
24,                            18,                       6,                       0.004094
24,                            18,                       6,                       0.003609
24,                            18,                       6,                       0.003899
24,                            18,                       6,                       0.004232
24,                            18,                       6,                       0.003728
24,                            18,                       6,                       0.003861
24,                            18,                       6,                       0.00394
24,                            18,                       6,                       0.003807
24,                            18,                       6,                       0.004248
24,                            18,                       6,                       0.003948
24,                            18,                       6,                       0.003784
24,                            18,                       6,                       0.004364
24,                            18,                       6,                       0.003629
24,                            18,                       6,                       0.0041
24,                            18,                       6,                       0.003599
24,                            18,                       6,                       0.003744
24,                            18,                       6,                       0.003988
24,                            18,                       6,                       0.003593
24,                            18,                       6,                       0.004274
24,                            18,                       6,                       0.003988
24,                            18,                       6,                       0.003688
24,                            18,                       6,                       0.003908
24,                            18,                       6,                       0.003954
24,                            18,                       6,                       0.003878
24,                            18,                       6,                       0.00373
24,                            18,                       6,                       0.003772
24,                            18,                       6,                       0.004117
24,                            18,                       6,                       0.004027
24,                            18,                       6,                       0.003834
24,                            18,                       6,                       0.00382
24,                            18,                       6,                       0.00384
24,                            18,                       6,                       0.004106
24,                            18,                       6,                       0.00383
24,                            18,                       6,                       0.003798
24,                            18,                       6,                       0.003847
24,                            18,                       6,                       0.003821
24,                            18,                       6,                       0.003934
24,                            18,                       6,                       0.003679
24,                            18,                       6,                       0.004158
24,                            18,                       6,                       0.003802
24,                            18,                       6,                       0.004147
24,                            18,                       6,                       0.003812
24,                            18,                       6,                       0.003718
24,                            18,                       6,                       0.004147
24,                            18,                       6,                       0.00423
24,                            18,                       6,                       0.003861
24,                            18,                       6,                       0.004999
24,                            18,                       6,                       0.004105
24,                            18,                       6,                       0.003734
24,                            18,                       6,                       0.003679
24,                            18,                       6,                       0.004406
24,                            18,                       6,                       0.003811
24,                            18,                       6,                       0.003894
24,                            18,                       6,                       0.003986
24,                            18,                       6,                       0.004444
24,                            18,                       6,                       0.003914
24,                            18,                       6,                       0.003603
24,                            18,                       6,                       0.003697
24,                            18,                       6,                       0.004238
24,                            18,                       6,                       0.00493
24,                            18,                       6,                       0.003619
24,                            18,                       6,                       0.003825
24,                            18,                       6,                       0.003785
24,                            18,                       6,                       0.003637
24,                            18,                       6,                       0.003837
24,                            18,                       6,                       0.003929
24,                            18,                       6,                       0.003789
24,                            18,                       6,                       0.003895
24,                            18,                       6,                       0.004172
24,                            18,                       6,                       0.003844
24,                            18,                       6,                       0.003859
24,                            18,                       6,                       0.004265
24,                            18,                       6,                       0.003817
24,                            18,                       6,                       0.003731
24,                            18,                       6,                       0.003778
24,                            18,                       6,                       0.003801
24,                            18,                       6,                       0.003623
24,                            18,                       6,                       0.003666
24,                            18,                       6,                       0.003672
24,                            18,                       6,                       0.004202
24,                            18,                       6,                       0.003804
24,                            18,                       6,                       0.003619
24,                            18,                       6,                       0.00379
24,                            18,                       6,                       0.003858
24,                            18,                       6,                       0.003759
24,                            18,                       6,                       0.003519
24,                            18,                       6,                       0.003667
24,                            18,                       6,                       0.003791
24,                            18,                       6,                       0.00386
24,                            18,                       6,                       0.004963
24,                            18,                       6,                       0.003741
24,                            18,                       6,                       0.004081
24,                            18,                       6,                       0.003569
24,                            18,                       6,                       0.003518
24,                            18,                       6,                       0.003858
24,                            18,                       6,                       0.003518
24,                            18,                       6,                       0.003839
24,                            18,                       6,                       0.003844
24,                            18,                       6,                       0.00351
24,                            18,                       6,                       0.004161
24,                            18,                       6,                       0.003727
24,                            18,                       6,                       0.00374
24,                            18,                       6,                       0.003915
24,                            18,                       6,                       0.004081
24,                            18,                       6,                       0.003708
24,                            18,                       6,                       0.004159
24,                            18,                       6,                       0.003812
24,                            18,                       6,                       0.003684
24,                            18,                       6,                       0.003864
24,                            18,                       6,                       0.003924
24,                            18,                       6,                       0.003786
24,                            18,                       6,                       0.004987
24,                            18,                       6,                       0.003958
24,                            18,                       6,                       0.004199
24,                            18,                       6,                       0.003819
24,                            18,                       6,                       0.003996
24,                            18,                       6,                       0.003823
24,                            18,                       6,                       0.004003
24,                            18,                       6,                       0.003606
24,                            18,                       6,                       0.003649
24,                            18,                       6,                       0.003681
24,                            18,                       6,                       0.003836
24,                            18,                       6,                       0.003874
24,                            18,                       6,                       0.003636
24,                            18,                       6,                       0.003698
24,                            18,                       6,                       0.004333
24,                            18,                       6,                       0.003773
24,                            18,                       6,                       0.003683
24,                            18,                       6,                       0.004333
24,                            18,                       6,                       0.003769
24,                            18,                       6,                       0.003801
24,                            18,                       6,                       0.004207
24,                            18,                       6,                       0.003898
24,                            18,                       6,                       0.003892
24,                            18,                       6,                       0.003886
24,                            18,                       6,                       0.003879
24,                            18,                       6,                       0.003835
24,                            18,                       6,                       0.003934
24,                            18,                       6,                       0.003704
24,                            18,                       6,                       0.003747
24,                            18,                       6,                       0.003825
24,                            18,                       6,                       0.003676
24,                            18,                       6,                       0.004223
24,                            18,                       6,                       0.003778
24,                            18,                       6,                       0.003699
24,                            18,                       6,                       0.003766
24,                            18,                       6,                       0.003771
24,                            18,                       6,                       0.003832
24,                            18,                       6,                       0.004142
24,                            18,                       6,                       0.00389
24,                            18,                       6,                       0.003952
24,                            18,                       6,                       0.003702
