COMMENT : The search result by Simulated-Annealing for Cauchy_Good Thu Jan 25 17:17:28 2018

tech : Cauchy_Good
algorithm : Simulated-Annealing
k : 6
m : 2
w : 10
failed_disk_id : 0
conventional_symbol_number    optimized_symbol_number    reduced_symbol_number    time
60,                            44,                       16,                       0.79
60,                            44,                       16,                       0.79
60,                            44,                       16,                       0.79
60,                            44,                       16,                       0.79
60,                            44,                       16,                       0.79
60,                            44,                       16,                       0.79
60,                            44,                       16,                       0.8
60,                            44,                       16,                       0.79
60,                            44,                       16,                       0.79
60,                            44,                       16,                       0.79
60,                            44,                       16,                       0.8
60,                            44,                       16,                       0.78
60,                            44,                       16,                       0.79
60,                            44,                       16,                       0.79
60,                            44,                       16,                       0.79
60,                            44,                       16,                       0.79
60,                            44,                       16,                       0.8
60,                            44,                       16,                       0.82
60,                            44,                       16,                       0.79
60,                            44,                       16,                       0.79
60,                            44,                       16,                       0.79
60,                            44,                       16,                       0.79
60,                            44,                       16,                       0.79
60,                            44,                       16,                       0.79
60,                            44,                       16,                       0.8
60,                            44,                       16,                       0.79
60,                            44,                       16,                       0.79
60,                            44,                       16,                       0.79
60,                            44,                       16,                       0.79
60,                            44,                       16,                       0.79
60,                            44,                       16,                       0.8
60,                            44,                       16,                       0.79
60,                            44,                       16,                       0.79
60,                            44,                       16,                       0.79
60,                            44,                       16,                       0.78
60,                            44,                       16,                       0.79
60,                            44,                       16,                       0.79
60,                            44,                       16,                       0.79
60,                            44,                       16,                       0.79
60,                            44,                       16,                       0.79
60,                            44,                       16,                       0.79
60,                            44,                       16,                       0.79
60,                            44,                       16,                       0.8
60,                            44,                       16,                       0.8
60,                            44,                       16,                       0.79
60,                            44,                       16,                       0.79
60,                            44,                       16,                       0.8
60,                            44,                       16,                       0.79
60,                            44,                       16,                       0.79
60,                            44,                       16,                       0.79
60,                            44,                       16,                       0.79
60,                            44,                       16,                       0.79
60,                            44,                       16,                       0.79
60,                            44,                       16,                       0.78
60,                            44,                       16,                       0.79
60,                            44,                       16,                       0.79
60,                            44,                       16,                       0.79
60,                            44,                       16,                       0.79
60,                            44,                       16,                       0.79
60,                            44,                       16,                       0.79
60,                            44,                       16,                       0.79
60,                            44,                       16,                       0.79
60,                            44,                       16,                       0.79
60,                            44,                       16,                       0.79
60,                            44,                       16,                       0.8
60,                            44,                       16,                       0.79
60,                            44,                       16,                       0.79
60,                            44,                       16,                       0.79
60,                            44,                       16,                       0.8
60,                            44,                       16,                       0.8
60,                            44,                       16,                       0.79
60,                            44,                       16,                       0.79
60,                            44,                       16,                       0.79
60,                            44,                       16,                       0.8
60,                            44,                       16,                       0.79
60,                            44,                       16,                       0.79
60,                            44,                       16,                       0.79
60,                            44,                       16,                       0.79
60,                            44,                       16,                       0.79
60,                            44,                       16,                       0.79
60,                            44,                       16,                       0.79
60,                            44,                       16,                       0.79
60,                            44,                       16,                       0.79
60,                            44,                       16,                       0.79
60,                            44,                       16,                       0.79
60,                            44,                       16,                       0.79
60,                            44,                       16,                       0.79
60,                            44,                       16,                       0.79
60,                            44,                       16,                       0.79
60,                            44,                       16,                       0.78
60,                            44,                       16,                       0.79
60,                            44,                       16,                       0.79
60,                            44,                       16,                       0.79
60,                            44,                       16,                       0.79
60,                            44,                       16,                       0.79
60,                            44,                       16,                       0.78
60,                            44,                       16,                       0.79
60,                            44,                       16,                       0.79
60,                            44,                       16,                       0.79
60,                            44,                       16,                       0.8
