COMMENT : The search result by Simulated-Annealing for Cauchy_Good Fri Jan 26 18:35:50 2018

tech : Cauchy_Good
algorithm : Simulated-Annealing
k : 6
m : 5
w : 6
failed_disk_id : 0
conventional_symbol_number    optimized_symbol_number    reduced_symbol_number    time
36,                            29,                       7,                       0.020609
36,                            29,                       7,                       0.018741
36,                            29,                       7,                       0.018635
36,                            29,                       7,                       0.019867
36,                            29,                       7,                       0.019932
36,                            29,                       7,                       0.020206
36,                            29,                       7,                       0.019847
36,                            29,                       7,                       0.018894
36,                            29,                       7,                       0.020562
36,                            29,                       7,                       0.017918
36,                            29,                       7,                       0.020142
36,                            29,                       7,                       0.018732
36,                            30,                       6,                       0.019631
36,                            29,                       7,                       0.018786
36,                            29,                       7,                       0.019916
36,                            29,                       7,                       0.02231
36,                            29,                       7,                       0.019794
36,                            29,                       7,                       0.018644
36,                            29,                       7,                       0.019254
36,                            29,                       7,                       0.01949
36,                            29,                       7,                       0.020881
36,                            29,                       7,                       0.018651
36,                            30,                       6,                       0.018721
36,                            29,                       7,                       0.018369
36,                            29,                       7,                       0.018994
36,                            29,                       7,                       0.018493
36,                            29,                       7,                       0.018634
36,                            29,                       7,                       0.018929
36,                            29,                       7,                       0.018601
36,                            29,                       7,                       0.018845
36,                            29,                       7,                       0.031588
36,                            29,                       7,                       0.018561
36,                            29,                       7,                       0.018689
36,                            29,                       7,                       0.019072
36,                            30,                       6,                       0.019018
36,                            29,                       7,                       0.01942
36,                            29,                       7,                       0.018695
36,                            29,                       7,                       0.01872
36,                            29,                       7,                       0.018464
36,                            29,                       7,                       0.018692
36,                            29,                       7,                       0.018416
36,                            29,                       7,                       0.01856
36,                            29,                       7,                       0.018657
36,                            29,                       7,                       0.019368
36,                            29,                       7,                       0.018764
36,                            29,                       7,                       0.0192
36,                            29,                       7,                       0.018397
36,                            29,                       7,                       0.017851
36,                            29,                       7,                       0.018527
36,                            29,                       7,                       0.018017
36,                            29,                       7,                       0.017856
36,                            29,                       7,                       0.018535
36,                            29,                       7,                       0.018625
36,                            29,                       7,                       0.018765
36,                            29,                       7,                       0.018232
36,                            29,                       7,                       0.01855
36,                            29,                       7,                       0.019219
36,                            29,                       7,                       0.01864
36,                            29,                       7,                       0.018539
36,                            29,                       7,                       0.018482
36,                            29,                       7,                       0.018516
36,                            29,                       7,                       0.019889
36,                            29,                       7,                       0.017621
36,                            29,                       7,                       0.017879
36,                            29,                       7,                       0.018366
36,                            30,                       6,                       0.020028
36,                            29,                       7,                       0.01948
36,                            29,                       7,                       0.018752
36,                            29,                       7,                       0.018928
36,                            30,                       6,                       0.018095
36,                            29,                       7,                       0.018826
36,                            29,                       7,                       0.019389
36,                            29,                       7,                       0.01846
36,                            29,                       7,                       0.017832
36,                            29,                       7,                       0.017899
36,                            29,                       7,                       0.018925
36,                            29,                       7,                       0.018845
36,                            29,                       7,                       0.019681
36,                            29,                       7,                       0.018458
36,                            30,                       6,                       0.01913
36,                            29,                       7,                       0.018398
36,                            29,                       7,                       0.018931
36,                            29,                       7,                       0.019348
36,                            29,                       7,                       0.018068
36,                            29,                       7,                       0.01904
36,                            29,                       7,                       0.018197
36,                            29,                       7,                       0.018977
36,                            29,                       7,                       0.019672
36,                            29,                       7,                       0.018004
36,                            29,                       7,                       0.018853
36,                            29,                       7,                       0.019043
36,                            29,                       7,                       0.018842
36,                            29,                       7,                       0.018003
36,                            29,                       7,                       0.018837
36,                            29,                       7,                       0.019413
36,                            29,                       7,                       0.018903
36,                            29,                       7,                       0.01908
36,                            29,                       7,                       0.018172
36,                            29,                       7,                       0.018208
36,                            29,                       7,                       0.01951
36,                            29,                       7,                       0.018148
36,                            30,                       6,                       0.017862
36,                            29,                       7,                       0.018822
36,                            30,                       6,                       0.018596
36,                            29,                       7,                       0.017851
36,                            29,                       7,                       0.018109
36,                            29,                       7,                       0.018501
36,                            29,                       7,                       0.018849
36,                            29,                       7,                       0.018008
36,                            29,                       7,                       0.018023
36,                            29,                       7,                       0.01949
36,                            29,                       7,                       0.018911
36,                            29,                       7,                       0.017849
36,                            29,                       7,                       0.018294
36,                            29,                       7,                       0.018349
36,                            29,                       7,                       0.01879
36,                            29,                       7,                       0.019543
36,                            29,                       7,                       0.019055
36,                            29,                       7,                       0.019242
36,                            29,                       7,                       0.019182
36,                            29,                       7,                       0.018715
36,                            29,                       7,                       0.018565
36,                            29,                       7,                       0.017731
36,                            29,                       7,                       0.018279
36,                            29,                       7,                       0.020991
36,                            29,                       7,                       0.019086
36,                            29,                       7,                       0.018843
36,                            29,                       7,                       0.019146
36,                            29,                       7,                       0.0182
36,                            29,                       7,                       0.018516
36,                            29,                       7,                       0.01967
36,                            29,                       7,                       0.019163
36,                            29,                       7,                       0.017761
36,                            29,                       7,                       0.018998
36,                            29,                       7,                       0.0185
36,                            29,                       7,                       0.018855
36,                            29,                       7,                       0.018656
36,                            29,                       7,                       0.021018
36,                            29,                       7,                       0.018001
36,                            29,                       7,                       0.019177
36,                            29,                       7,                       0.019018
36,                            29,                       7,                       0.018988
36,                            29,                       7,                       0.019568
36,                            29,                       7,                       0.018313
36,                            29,                       7,                       0.019911
36,                            29,                       7,                       0.01899
36,                            29,                       7,                       0.019152
36,                            29,                       7,                       0.019145
36,                            29,                       7,                       0.019053
36,                            29,                       7,                       0.019826
36,                            29,                       7,                       0.018577
36,                            29,                       7,                       0.01952
36,                            30,                       6,                       0.018461
36,                            29,                       7,                       0.0185
36,                            29,                       7,                       0.018936
36,                            29,                       7,                       0.018471
36,                            30,                       6,                       0.017872
36,                            29,                       7,                       0.018281
36,                            29,                       7,                       0.01886
36,                            29,                       7,                       0.018546
36,                            29,                       7,                       0.019391
36,                            29,                       7,                       0.018612
36,                            29,                       7,                       0.019034
36,                            29,                       7,                       0.019024
36,                            30,                       6,                       0.020378
36,                            29,                       7,                       0.019434
36,                            29,                       7,                       0.018569
36,                            29,                       7,                       0.018129
36,                            29,                       7,                       0.019783
36,                            29,                       7,                       0.019546
36,                            30,                       6,                       0.018879
36,                            29,                       7,                       0.018263
36,                            29,                       7,                       0.018771
36,                            29,                       7,                       0.017916
36,                            29,                       7,                       0.018726
36,                            29,                       7,                       0.019294
36,                            29,                       7,                       0.018982
36,                            30,                       6,                       0.017961
36,                            29,                       7,                       0.018782
36,                            29,                       7,                       0.018943
36,                            29,                       7,                       0.019277
36,                            30,                       6,                       0.019285
36,                            29,                       7,                       0.019495
36,                            29,                       7,                       0.019259
36,                            29,                       7,                       0.018801
36,                            29,                       7,                       0.020021
36,                            29,                       7,                       0.018182
36,                            29,                       7,                       0.018974
36,                            29,                       7,                       0.019239
36,                            29,                       7,                       0.018667
36,                            29,                       7,                       0.018201
36,                            29,                       7,                       0.018605
36,                            29,                       7,                       0.019856
36,                            29,                       7,                       0.018681
36,                            29,                       7,                       0.018723
36,                            29,                       7,                       0.017965
36,                            29,                       7,                       0.018652
36,                            29,                       7,                       0.01922
36,                            29,                       7,                       0.019217
36,                            29,                       7,                       0.018316
36,                            29,                       7,                       0.019627
36,                            29,                       7,                       0.019209
36,                            29,                       7,                       0.019688
36,                            29,                       7,                       0.018222
36,                            29,                       7,                       0.019187
36,                            29,                       7,                       0.019658
36,                            29,                       7,                       0.018662
36,                            29,                       7,                       0.019091
36,                            29,                       7,                       0.018598
36,                            29,                       7,                       0.018799
36,                            29,                       7,                       0.01856
36,                            29,                       7,                       0.018308
36,                            29,                       7,                       0.018293
36,                            29,                       7,                       0.018653
36,                            29,                       7,                       0.019298
36,                            30,                       6,                       0.018661
36,                            29,                       7,                       0.018127
36,                            29,                       7,                       0.019743
36,                            29,                       7,                       0.018788
36,                            29,                       7,                       0.019355
36,                            29,                       7,                       0.018525
36,                            30,                       6,                       0.018484
36,                            29,                       7,                       0.017961
36,                            29,                       7,                       0.018332
36,                            29,                       7,                       0.019801
36,                            29,                       7,                       0.018705
36,                            29,                       7,                       0.018288
36,                            29,                       7,                       0.018471
36,                            29,                       7,                       0.019045
36,                            29,                       7,                       0.018095
36,                            29,                       7,                       0.018424
36,                            30,                       6,                       0.017813
36,                            29,                       7,                       0.019136
36,                            29,                       7,                       0.019511
36,                            29,                       7,                       0.018737
36,                            29,                       7,                       0.018257
36,                            29,                       7,                       0.018479
36,                            29,                       7,                       0.019443
36,                            29,                       7,                       0.019571
36,                            29,                       7,                       0.019288
36,                            29,                       7,                       0.018912
36,                            29,                       7,                       0.019189
36,                            29,                       7,                       0.018527
36,                            29,                       7,                       0.018863
36,                            29,                       7,                       0.018845
36,                            29,                       7,                       0.019319
36,                            29,                       7,                       0.017959
36,                            29,                       7,                       0.019291
36,                            29,                       7,                       0.019315
36,                            29,                       7,                       0.018251
36,                            29,                       7,                       0.018669
36,                            29,                       7,                       0.019525
36,                            29,                       7,                       0.018831
36,                            30,                       6,                       0.019371
36,                            29,                       7,                       0.01873
36,                            29,                       7,                       0.017783
36,                            29,                       7,                       0.019061
36,                            29,                       7,                       0.019075
36,                            29,                       7,                       0.01771
36,                            29,                       7,                       0.01883
36,                            29,                       7,                       0.017714
36,                            29,                       7,                       0.01936
36,                            29,                       7,                       0.01812
36,                            29,                       7,                       0.018381
36,                            29,                       7,                       0.017447
36,                            29,                       7,                       0.018741
36,                            29,                       7,                       0.019576
36,                            30,                       6,                       0.019441
36,                            29,                       7,                       0.019077
36,                            29,                       7,                       0.018927
36,                            29,                       7,                       0.018585
36,                            29,                       7,                       0.018725
36,                            29,                       7,                       0.018481
36,                            29,                       7,                       0.01861
36,                            29,                       7,                       0.01966
36,                            29,                       7,                       0.018241
36,                            29,                       7,                       0.018268
36,                            29,                       7,                       0.018254
36,                            29,                       7,                       0.01809
36,                            29,                       7,                       0.018095
36,                            29,                       7,                       0.01845
36,                            29,                       7,                       0.018525
36,                            29,                       7,                       0.019664
36,                            29,                       7,                       0.033714
36,                            29,                       7,                       0.018554
36,                            29,                       7,                       0.01857
36,                            29,                       7,                       0.018579
36,                            29,                       7,                       0.018874
36,                            29,                       7,                       0.018666
36,                            29,                       7,                       0.019079
36,                            29,                       7,                       0.018485
36,                            29,                       7,                       0.018119
36,                            29,                       7,                       0.019059
36,                            29,                       7,                       0.01979
36,                            29,                       7,                       0.018935
36,                            29,                       7,                       0.019224
36,                            29,                       7,                       0.019237
36,                            29,                       7,                       0.01869
36,                            30,                       6,                       0.018305
36,                            29,                       7,                       0.018886
