COMMENT : The search result by Simulated-Annealing for Cauchy_Good Fri Jan 26 18:35:57 2018

tech : Cauchy_Good
algorithm : Simulated-Annealing
k : 8
m : 5
w : 8
failed_disk_id : 0
conventional_symbol_number    optimized_symbol_number    reduced_symbol_number    time
64,                            51,                       13,                       0.510304
64,                            51,                       13,                       0.216444
64,                            51,                       13,                       0.217415
64,                            51,                       13,                       0.213281
64,                            51,                       13,                       0.225019
64,                            51,                       13,                       0.213592
64,                            51,                       13,                       0.214826
64,                            51,                       13,                       0.222505
64,                            51,                       13,                       0.214494
64,                            51,                       13,                       0.223804
64,                            52,                       12,                       0.217607
64,                            52,                       12,                       0.223269
64,                            51,                       13,                       0.224431
64,                            51,                       13,                       0.221829
64,                            52,                       12,                       0.241607
64,                            51,                       13,                       0.222094
64,                            52,                       12,                       0.216075
64,                            51,                       13,                       0.22612
64,                            51,                       13,                       0.21945
64,                            51,                       13,                       0.219714
64,                            52,                       12,                       0.211682
64,                            51,                       13,                       0.213331
64,                            51,                       13,                       0.215129
64,                            51,                       13,                       0.203965
64,                            52,                       12,                       0.210818
64,                            52,                       12,                       0.227773
64,                            51,                       13,                       0.204658
64,                            52,                       12,                       0.204321
64,                            51,                       13,                       0.206138
64,                            52,                       12,                       0.213652
64,                            52,                       12,                       0.20781
64,                            51,                       13,                       0.2108
64,                            51,                       13,                       0.212258
64,                            51,                       13,                       0.208412
64,                            51,                       13,                       0.206644
64,                            51,                       13,                       0.206017
64,                            51,                       13,                       0.208998
64,                            51,                       13,                       0.205909
64,                            51,                       13,                       0.214389
64,                            51,                       13,                       0.216656
64,                            52,                       12,                       0.233262
64,                            52,                       12,                       0.20582
64,                            51,                       13,                       0.206002
64,                            52,                       12,                       0.210439
64,                            52,                       12,                       0.206309
64,                            51,                       13,                       0.220703
64,                            51,                       13,                       0.209611
64,                            52,                       12,                       0.207345
64,                            52,                       12,                       0.209768
64,                            51,                       13,                       0.208718
64,                            51,                       13,                       0.21214
64,                            51,                       13,                       0.20569
64,                            51,                       13,                       0.210924
64,                            52,                       12,                       0.208064
64,                            51,                       13,                       0.207825
64,                            52,                       12,                       0.217688
64,                            52,                       12,                       0.212681
64,                            53,                       11,                       0.21215
64,                            51,                       13,                       0.210495
64,                            51,                       13,                       0.211382
64,                            51,                       13,                       0.206994
64,                            51,                       13,                       0.204747
64,                            51,                       13,                       0.205763
64,                            52,                       12,                       0.20593
64,                            53,                       11,                       0.204902
64,                            51,                       13,                       0.208957
64,                            51,                       13,                       0.208389
64,                            51,                       13,                       0.210293
64,                            53,                       11,                       0.204565
64,                            51,                       13,                       0.214351
64,                            51,                       13,                       0.213794
64,                            51,                       13,                       0.216942
64,                            51,                       13,                       0.216073
64,                            51,                       13,                       0.205916
64,                            51,                       13,                       0.210491
64,                            51,                       13,                       0.220749
64,                            51,                       13,                       0.209593
64,                            52,                       12,                       0.231447
64,                            51,                       13,                       0.224666
64,                            51,                       13,                       0.232468
64,                            51,                       13,                       0.210745
64,                            51,                       13,                       0.211325
64,                            52,                       12,                       0.21559
64,                            52,                       12,                       0.195608
64,                            51,                       13,                       0.206582
64,                            51,                       13,                       0.20932
64,                            51,                       13,                       0.209129
64,                            52,                       12,                       0.196221
64,                            52,                       12,                       0.212521
64,                            51,                       13,                       0.221936
64,                            51,                       13,                       0.211181
64,                            52,                       12,                       0.233604
64,                            51,                       13,                       0.219755
64,                            52,                       12,                       0.209621
64,                            52,                       12,                       0.210587
64,                            52,                       12,                       0.197755
64,                            51,                       13,                       0.214419
64,                            51,                       13,                       0.220062
64,                            51,                       13,                       0.210491
64,                            51,                       13,                       0.209002
64,                            51,                       13,                       0.206145
64,                            51,                       13,                       0.213927
64,                            51,                       13,                       0.208465
64,                            51,                       13,                       0.208753
64,                            51,                       13,                       0.212268
64,                            51,                       13,                       0.207494
64,                            52,                       12,                       0.233868
64,                            52,                       12,                       0.215127
64,                            52,                       12,                       0.213996
64,                            51,                       13,                       0.210676
64,                            51,                       13,                       0.212711
64,                            51,                       13,                       0.211801
64,                            52,                       12,                       0.208881
64,                            52,                       12,                       0.215494
64,                            52,                       12,                       0.212841
64,                            51,                       13,                       0.215454
64,                            51,                       13,                       0.217857
64,                            51,                       13,                       0.205502
64,                            53,                       11,                       0.20567
64,                            52,                       12,                       0.202613
64,                            51,                       13,                       0.211572
64,                            51,                       13,                       0.210721
64,                            51,                       13,                       0.219981
64,                            51,                       13,                       0.212091
64,                            52,                       12,                       0.214308
64,                            51,                       13,                       0.209916
64,                            51,                       13,                       0.211185
64,                            51,                       13,                       0.20963
64,                            52,                       12,                       0.210377
64,                            52,                       12,                       0.208095
64,                            52,                       12,                       0.208889
64,                            51,                       13,                       0.212277
64,                            53,                       11,                       0.21127
64,                            51,                       13,                       0.211973
64,                            54,                       10,                       0.195691
64,                            51,                       13,                       0.207962
64,                            52,                       12,                       0.212643
64,                            51,                       13,                       0.211217
64,                            52,                       12,                       0.204304
64,                            52,                       12,                       0.206595
64,                            51,                       13,                       0.209885
64,                            51,                       13,                       0.228983
64,                            51,                       13,                       0.213759
64,                            52,                       12,                       0.209457
64,                            52,                       12,                       0.2147
64,                            51,                       13,                       0.209295
64,                            51,                       13,                       0.210314
64,                            51,                       13,                       0.221692
64,                            51,                       13,                       0.208713
64,                            52,                       12,                       0.234643
64,                            52,                       12,                       0.216892
64,                            51,                       13,                       0.214246
64,                            51,                       13,                       0.213411
64,                            51,                       13,                       0.215923
64,                            51,                       13,                       0.211781
64,                            52,                       12,                       0.207178
64,                            52,                       12,                       0.2008
64,                            52,                       12,                       0.19474
64,                            51,                       13,                       0.209695
64,                            51,                       13,                       0.211485
64,                            51,                       13,                       0.208934
64,                            51,                       13,                       0.211729
64,                            51,                       13,                       0.207934
64,                            51,                       13,                       0.216815
64,                            51,                       13,                       0.210524
64,                            51,                       13,                       0.216559
64,                            52,                       12,                       0.210582
64,                            51,                       13,                       0.215202
64,                            51,                       13,                       0.207844
64,                            51,                       13,                       0.213901
64,                            51,                       13,                       0.219877
64,                            51,                       13,                       0.211312
64,                            51,                       13,                       0.207852
64,                            52,                       12,                       0.219997
64,                            51,                       13,                       0.210638
64,                            51,                       13,                       0.212385
64,                            51,                       13,                       0.208488
64,                            52,                       12,                       0.208884
64,                            51,                       13,                       0.21225
64,                            51,                       13,                       0.211092
64,                            51,                       13,                       0.211543
64,                            51,                       13,                       0.215292
64,                            51,                       13,                       0.2109
64,                            52,                       12,                       0.216297
64,                            51,                       13,                       0.209591
64,                            51,                       13,                       0.212812
64,                            51,                       13,                       0.207898
64,                            52,                       12,                       0.207575
64,                            51,                       13,                       0.213422
64,                            51,                       13,                       0.212501
64,                            52,                       12,                       0.209498
64,                            51,                       13,                       0.20948
64,                            51,                       13,                       0.208605
64,                            52,                       12,                       0.199942
64,                            52,                       12,                       0.210542
64,                            52,                       12,                       0.211314
64,                            51,                       13,                       0.211894
64,                            51,                       13,                       0.208098
64,                            52,                       12,                       0.213399
64,                            51,                       13,                       0.210015
64,                            51,                       13,                       0.213671
64,                            51,                       13,                       0.209803
64,                            51,                       13,                       0.224264
64,                            51,                       13,                       0.209198
64,                            51,                       13,                       0.212713
64,                            51,                       13,                       0.211553
64,                            52,                       12,                       0.207811
64,                            51,                       13,                       0.213695
64,                            51,                       13,                       0.219555
64,                            51,                       13,                       0.209467
64,                            52,                       12,                       0.209517
64,                            52,                       12,                       0.206233
64,                            51,                       13,                       0.213003
64,                            51,                       13,                       0.211317
64,                            52,                       12,                       0.211856
64,                            51,                       13,                       0.207101
64,                            54,                       10,                       0.199475
64,                            52,                       12,                       0.214021
64,                            51,                       13,                       0.212375
64,                            52,                       12,                       0.210193
64,                            52,                       12,                       0.208677
64,                            51,                       13,                       0.210112
64,                            52,                       12,                       0.209047
64,                            51,                       13,                       0.206171
64,                            51,                       13,                       0.212422
64,                            52,                       12,                       0.198241
64,                            51,                       13,                       0.208156
64,                            52,                       12,                       0.204937
64,                            51,                       13,                       0.210344
64,                            51,                       13,                       0.213381
64,                            53,                       11,                       0.220924
64,                            51,                       13,                       0.209344
64,                            51,                       13,                       0.203726
64,                            51,                       13,                       0.211493
64,                            51,                       13,                       0.222361
64,                            51,                       13,                       0.209842
64,                            51,                       13,                       0.221372
64,                            52,                       12,                       0.196712
64,                            51,                       13,                       0.209595
64,                            51,                       13,                       0.2079
64,                            51,                       13,                       0.21206
64,                            51,                       13,                       0.213645
64,                            51,                       13,                       0.211869
64,                            51,                       13,                       0.210233
64,                            51,                       13,                       0.211351
64,                            51,                       13,                       0.212439
64,                            51,                       13,                       0.207654
64,                            51,                       13,                       0.201748
64,                            51,                       13,                       0.210684
64,                            51,                       13,                       0.22121
64,                            51,                       13,                       0.219201
64,                            51,                       13,                       0.209962
64,                            51,                       13,                       0.206661
64,                            52,                       12,                       0.235134
64,                            52,                       12,                       0.213719
64,                            52,                       12,                       0.210433
64,                            51,                       13,                       0.198768
64,                            51,                       13,                       0.213676
64,                            52,                       12,                       0.197799
64,                            51,                       13,                       0.210237
64,                            51,                       13,                       0.212713
64,                            52,                       12,                       0.225007
64,                            51,                       13,                       0.208215
64,                            51,                       13,                       0.212638
64,                            51,                       13,                       0.210833
64,                            51,                       13,                       0.216818
64,                            52,                       12,                       0.213959
64,                            51,                       13,                       0.2148
64,                            53,                       11,                       0.21042
64,                            51,                       13,                       0.213434
64,                            51,                       13,                       0.206986
64,                            51,                       13,                       0.208932
64,                            51,                       13,                       0.207945
64,                            52,                       12,                       0.213563
64,                            52,                       12,                       0.208797
64,                            51,                       13,                       0.214268
64,                            51,                       13,                       0.210022
64,                            52,                       12,                       0.212177
64,                            51,                       13,                       0.222772
64,                            52,                       12,                       0.206196
64,                            51,                       13,                       0.21349
64,                            51,                       13,                       0.208544
64,                            51,                       13,                       0.209156
64,                            52,                       12,                       0.212779
64,                            51,                       13,                       0.207983
64,                            52,                       12,                       0.23588
64,                            51,                       13,                       0.209806
64,                            51,                       13,                       0.223169
64,                            52,                       12,                       0.209571
64,                            51,                       13,                       0.21093
64,                            52,                       12,                       0.200726
64,                            51,                       13,                       0.208067
64,                            52,                       12,                       0.200963
64,                            51,                       13,                       0.213272
64,                            51,                       13,                       0.210834
64,                            52,                       12,                       0.22273
64,                            51,                       13,                       0.211258
64,                            51,                       13,                       0.214928
64,                            51,                       13,                       0.209165
64,                            52,                       12,                       0.212389
