COMMENT : The search result by Simulated-Annealing for Cauchy_Good Fri Jan 26 18:35:48 2018

tech : Cauchy_Good
algorithm : Simulated-Annealing
k : 5
m : 5
w : 6
failed_disk_id : 0
conventional_symbol_number    optimized_symbol_number    reduced_symbol_number    time
30,                            24,                       6,                       0.016713
30,                            24,                       6,                       0.015035
30,                            24,                       6,                       0.015317
30,                            24,                       6,                       0.01436
30,                            24,                       6,                       0.014289
30,                            24,                       6,                       0.01446
30,                            24,                       6,                       0.014946
30,                            24,                       6,                       0.015152
30,                            24,                       6,                       0.015051
30,                            24,                       6,                       0.014431
30,                            24,                       6,                       0.013801
30,                            24,                       6,                       0.015005
30,                            24,                       6,                       0.014951
30,                            24,                       6,                       0.014187
30,                            24,                       6,                       0.015383
30,                            24,                       6,                       0.01515
30,                            24,                       6,                       0.014365
30,                            24,                       6,                       0.014074
30,                            24,                       6,                       0.013593
30,                            24,                       6,                       0.014533
30,                            24,                       6,                       0.014639
30,                            24,                       6,                       0.015424
30,                            24,                       6,                       0.014376
30,                            24,                       6,                       0.014846
30,                            24,                       6,                       0.014612
30,                            24,                       6,                       0.013629
30,                            24,                       6,                       0.01411
30,                            24,                       6,                       0.014128
30,                            24,                       6,                       0.014703
30,                            24,                       6,                       0.013606
30,                            24,                       6,                       0.014227
30,                            24,                       6,                       0.014592
30,                            24,                       6,                       0.014296
30,                            24,                       6,                       0.013972
30,                            24,                       6,                       0.014275
30,                            24,                       6,                       0.01436
30,                            24,                       6,                       0.014415
30,                            24,                       6,                       0.014862
30,                            24,                       6,                       0.014472
30,                            24,                       6,                       0.014478
30,                            24,                       6,                       0.013265
30,                            24,                       6,                       0.013891
30,                            24,                       6,                       0.014312
30,                            24,                       6,                       0.013492
30,                            24,                       6,                       0.014031
30,                            24,                       6,                       0.013101
30,                            24,                       6,                       0.013467
30,                            24,                       6,                       0.013204
30,                            24,                       6,                       0.014058
30,                            24,                       6,                       0.014576
30,                            24,                       6,                       0.014045
30,                            24,                       6,                       0.013276
30,                            24,                       6,                       0.013797
30,                            24,                       6,                       0.014486
30,                            24,                       6,                       0.014823
30,                            25,                       5,                       0.013993
30,                            24,                       6,                       0.013535
30,                            24,                       6,                       0.014105
30,                            24,                       6,                       0.01443
30,                            24,                       6,                       0.01545
30,                            24,                       6,                       0.014604
30,                            24,                       6,                       0.013857
30,                            24,                       6,                       0.014583
30,                            24,                       6,                       0.013017
30,                            24,                       6,                       0.01383
30,                            24,                       6,                       0.014676
30,                            24,                       6,                       0.013702
30,                            24,                       6,                       0.014028
30,                            24,                       6,                       0.014291
30,                            24,                       6,                       0.01593
30,                            24,                       6,                       0.01412
30,                            24,                       6,                       0.013095
30,                            24,                       6,                       0.014403
30,                            24,                       6,                       0.01394
30,                            24,                       6,                       0.015014
30,                            24,                       6,                       0.014647
30,                            24,                       6,                       0.014009
30,                            24,                       6,                       0.015211
30,                            24,                       6,                       0.014466
30,                            24,                       6,                       0.015021
30,                            24,                       6,                       0.014303
30,                            24,                       6,                       0.013201
30,                            24,                       6,                       0.014452
30,                            24,                       6,                       0.013393
30,                            24,                       6,                       0.014259
30,                            24,                       6,                       0.014236
30,                            24,                       6,                       0.014243
30,                            24,                       6,                       0.014752
30,                            24,                       6,                       0.013836
30,                            24,                       6,                       0.013751
30,                            24,                       6,                       0.014137
30,                            24,                       6,                       0.014504
30,                            24,                       6,                       0.013234
30,                            24,                       6,                       0.013922
30,                            24,                       6,                       0.015041
30,                            24,                       6,                       0.015345
30,                            24,                       6,                       0.015092
30,                            24,                       6,                       0.014061
30,                            24,                       6,                       0.014209
30,                            24,                       6,                       0.015163
30,                            24,                       6,                       0.014588
30,                            24,                       6,                       0.014883
30,                            24,                       6,                       0.01405
30,                            24,                       6,                       0.01451
30,                            24,                       6,                       0.013687
30,                            24,                       6,                       0.013935
30,                            24,                       6,                       0.014599
30,                            24,                       6,                       0.014102
30,                            24,                       6,                       0.01429
30,                            24,                       6,                       0.014068
30,                            24,                       6,                       0.014226
30,                            24,                       6,                       0.014496
30,                            24,                       6,                       0.014178
30,                            24,                       6,                       0.014033
30,                            24,                       6,                       0.01493
30,                            24,                       6,                       0.014203
30,                            24,                       6,                       0.014956
30,                            24,                       6,                       0.014556
30,                            24,                       6,                       0.014003
30,                            24,                       6,                       0.015068
30,                            24,                       6,                       0.014406
30,                            24,                       6,                       0.01436
30,                            24,                       6,                       0.014522
30,                            24,                       6,                       0.014717
30,                            24,                       6,                       0.014368
30,                            24,                       6,                       0.01347
30,                            24,                       6,                       0.014312
30,                            24,                       6,                       0.014637
30,                            24,                       6,                       0.014604
30,                            24,                       6,                       0.014935
30,                            24,                       6,                       0.01553
30,                            24,                       6,                       0.014409
30,                            24,                       6,                       0.014589
30,                            24,                       6,                       0.014691
30,                            24,                       6,                       0.01367
30,                            24,                       6,                       0.013856
30,                            24,                       6,                       0.013668
30,                            24,                       6,                       0.014524
30,                            24,                       6,                       0.014407
30,                            24,                       6,                       0.014599
30,                            24,                       6,                       0.014056
30,                            24,                       6,                       0.014246
30,                            24,                       6,                       0.014812
30,                            24,                       6,                       0.014469
30,                            24,                       6,                       0.013827
30,                            24,                       6,                       0.014551
30,                            24,                       6,                       0.014228
30,                            24,                       6,                       0.014801
30,                            24,                       6,                       0.01417
30,                            24,                       6,                       0.013933
30,                            24,                       6,                       0.014852
30,                            24,                       6,                       0.013634
30,                            24,                       6,                       0.01379
30,                            24,                       6,                       0.014437
30,                            24,                       6,                       0.013707
30,                            24,                       6,                       0.013795
30,                            24,                       6,                       0.014205
30,                            24,                       6,                       0.014146
30,                            24,                       6,                       0.014689
30,                            24,                       6,                       0.014394
30,                            24,                       6,                       0.014567
30,                            24,                       6,                       0.01384
30,                            24,                       6,                       0.013419
30,                            24,                       6,                       0.015895
30,                            24,                       6,                       0.015849
30,                            24,                       6,                       0.014323
30,                            24,                       6,                       0.014325
30,                            24,                       6,                       0.014574
30,                            24,                       6,                       0.014536
30,                            24,                       6,                       0.01398
30,                            24,                       6,                       0.016244
30,                            24,                       6,                       0.013433
30,                            24,                       6,                       0.014543
30,                            24,                       6,                       0.01542
30,                            24,                       6,                       0.0146
30,                            24,                       6,                       0.015159
30,                            24,                       6,                       0.014508
30,                            24,                       6,                       0.014031
30,                            24,                       6,                       0.014981
30,                            24,                       6,                       0.014211
30,                            24,                       6,                       0.014907
30,                            24,                       6,                       0.014389
30,                            24,                       6,                       0.014496
30,                            24,                       6,                       0.014461
30,                            24,                       6,                       0.013644
30,                            24,                       6,                       0.014656
30,                            24,                       6,                       0.014337
30,                            24,                       6,                       0.014092
30,                            24,                       6,                       0.0143
30,                            24,                       6,                       0.014491
30,                            24,                       6,                       0.014459
30,                            24,                       6,                       0.013468
30,                            24,                       6,                       0.013776
30,                            24,                       6,                       0.013977
30,                            24,                       6,                       0.01534
30,                            24,                       6,                       0.014034
30,                            24,                       6,                       0.014565
30,                            24,                       6,                       0.01457
30,                            24,                       6,                       0.015151
30,                            24,                       6,                       0.014814
30,                            24,                       6,                       0.01429
30,                            24,                       6,                       0.01447
30,                            24,                       6,                       0.014914
30,                            24,                       6,                       0.013295
30,                            24,                       6,                       0.014234
30,                            24,                       6,                       0.014093
30,                            24,                       6,                       0.014598
30,                            24,                       6,                       0.014003
30,                            24,                       6,                       0.015309
30,                            24,                       6,                       0.014192
30,                            24,                       6,                       0.014196
30,                            24,                       6,                       0.013966
30,                            24,                       6,                       0.013248
30,                            24,                       6,                       0.014553
30,                            24,                       6,                       0.015084
30,                            24,                       6,                       0.015432
30,                            24,                       6,                       0.014294
30,                            24,                       6,                       0.014237
30,                            24,                       6,                       0.014551
30,                            24,                       6,                       0.015033
30,                            24,                       6,                       0.014828
30,                            24,                       6,                       0.013919
30,                            24,                       6,                       0.01402
30,                            24,                       6,                       0.013945
30,                            24,                       6,                       0.014858
30,                            24,                       6,                       0.014042
30,                            24,                       6,                       0.014317
30,                            24,                       6,                       0.015344
30,                            24,                       6,                       0.014635
30,                            24,                       6,                       0.014286
30,                            24,                       6,                       0.014122
30,                            24,                       6,                       0.014556
30,                            24,                       6,                       0.014379
30,                            24,                       6,                       0.014599
30,                            24,                       6,                       0.014253
30,                            24,                       6,                       0.014592
30,                            24,                       6,                       0.014305
30,                            24,                       6,                       0.013979
30,                            24,                       6,                       0.014721
30,                            24,                       6,                       0.01419
30,                            24,                       6,                       0.014438
30,                            24,                       6,                       0.013327
30,                            24,                       6,                       0.014033
30,                            24,                       6,                       0.014407
30,                            24,                       6,                       0.014233
30,                            24,                       6,                       0.014296
30,                            24,                       6,                       0.013959
30,                            24,                       6,                       0.014259
30,                            24,                       6,                       0.015017
30,                            24,                       6,                       0.013714
30,                            24,                       6,                       0.014284
30,                            24,                       6,                       0.014804
30,                            24,                       6,                       0.014773
30,                            24,                       6,                       0.01389
30,                            24,                       6,                       0.016124
30,                            24,                       6,                       0.014536
30,                            24,                       6,                       0.014404
30,                            24,                       6,                       0.013834
30,                            24,                       6,                       0.014706
30,                            24,                       6,                       0.014194
30,                            24,                       6,                       0.014941
30,                            24,                       6,                       0.014058
30,                            24,                       6,                       0.01407
30,                            24,                       6,                       0.013962
30,                            24,                       6,                       0.013684
30,                            24,                       6,                       0.014172
30,                            24,                       6,                       0.014866
30,                            24,                       6,                       0.013609
30,                            24,                       6,                       0.01476
30,                            24,                       6,                       0.013918
30,                            24,                       6,                       0.013712
30,                            24,                       6,                       0.014664
30,                            24,                       6,                       0.013465
30,                            24,                       6,                       0.014024
30,                            24,                       6,                       0.014906
30,                            24,                       6,                       0.013923
30,                            24,                       6,                       0.013303
30,                            24,                       6,                       0.014677
30,                            24,                       6,                       0.014924
30,                            24,                       6,                       0.01438
30,                            24,                       6,                       0.014453
30,                            24,                       6,                       0.014349
30,                            24,                       6,                       0.015492
30,                            24,                       6,                       0.013748
30,                            24,                       6,                       0.015135
30,                            24,                       6,                       0.014869
30,                            24,                       6,                       0.014532
30,                            24,                       6,                       0.014838
30,                            24,                       6,                       0.014588
30,                            24,                       6,                       0.014725
30,                            24,                       6,                       0.014576
30,                            24,                       6,                       0.015601
30,                            24,                       6,                       0.014427
30,                            24,                       6,                       0.014281
30,                            24,                       6,                       0.013649
30,                            24,                       6,                       0.013978
30,                            24,                       6,                       0.014081
30,                            24,                       6,                       0.015584
30,                            24,                       6,                       0.013684
30,                            24,                       6,                       0.013604
