COMMENT : The search result by Simulated-Annealing for Cauchy_Good Fri Jan 26 18:35:47 2018

tech : Cauchy_Good
algorithm : Simulated-Annealing
k : 5
m : 2
w : 8
failed_disk_id : 0
conventional_symbol_number    optimized_symbol_number    reduced_symbol_number    time
40,                            30,                       10,                       0.04575
40,                            30,                       10,                       0.042425
40,                            30,                       10,                       0.04324
40,                            30,                       10,                       0.042833
40,                            30,                       10,                       0.043385
40,                            30,                       10,                       0.04399
40,                            30,                       10,                       0.042783
40,                            30,                       10,                       0.044069
40,                            30,                       10,                       0.041914
40,                            30,                       10,                       0.042901
40,                            30,                       10,                       0.042347
40,                            30,                       10,                       0.043855
40,                            30,                       10,                       0.04348
40,                            30,                       10,                       0.042998
40,                            30,                       10,                       0.044101
40,                            30,                       10,                       0.044092
40,                            30,                       10,                       0.04399
40,                            30,                       10,                       0.043788
40,                            30,                       10,                       0.042827
40,                            30,                       10,                       0.043348
40,                            30,                       10,                       0.044014
40,                            30,                       10,                       0.044018
40,                            30,                       10,                       0.047156
40,                            30,                       10,                       0.041507
40,                            30,                       10,                       0.040344
40,                            30,                       10,                       0.042438
40,                            30,                       10,                       0.04015
40,                            30,                       10,                       0.042887
40,                            30,                       10,                       0.041455
40,                            30,                       10,                       0.042174
40,                            30,                       10,                       0.040775
40,                            30,                       10,                       0.04179
40,                            30,                       10,                       0.041335
40,                            30,                       10,                       0.042477
40,                            30,                       10,                       0.041395
40,                            30,                       10,                       0.041936
40,                            30,                       10,                       0.041309
40,                            30,                       10,                       0.040652
40,                            30,                       10,                       0.042346
40,                            30,                       10,                       0.04218
40,                            30,                       10,                       0.041421
40,                            30,                       10,                       0.040927
40,                            30,                       10,                       0.04082
40,                            30,                       10,                       0.041315
40,                            30,                       10,                       0.041481
40,                            30,                       10,                       0.041271
40,                            30,                       10,                       0.041525
40,                            30,                       10,                       0.041385
40,                            30,                       10,                       0.041664
40,                            30,                       10,                       0.041561
40,                            30,                       10,                       0.041494
40,                            30,                       10,                       0.042328
40,                            30,                       10,                       0.04142
40,                            30,                       10,                       0.040844
40,                            30,                       10,                       0.041267
40,                            30,                       10,                       0.04145
40,                            30,                       10,                       0.042636
40,                            30,                       10,                       0.04177
40,                            30,                       10,                       0.041692
40,                            30,                       10,                       0.042405
40,                            30,                       10,                       0.041327
40,                            30,                       10,                       0.041555
40,                            30,                       10,                       0.04208
40,                            30,                       10,                       0.041633
40,                            30,                       10,                       0.041293
40,                            30,                       10,                       0.043586
40,                            30,                       10,                       0.041629
40,                            30,                       10,                       0.041214
40,                            30,                       10,                       0.041595
40,                            30,                       10,                       0.041658
40,                            30,                       10,                       0.0413
40,                            30,                       10,                       0.041333
40,                            30,                       10,                       0.04274
40,                            30,                       10,                       0.041359
40,                            30,                       10,                       0.042973
40,                            30,                       10,                       0.041475
40,                            30,                       10,                       0.041877
40,                            30,                       10,                       0.042897
40,                            30,                       10,                       0.044743
40,                            30,                       10,                       0.042615
40,                            30,                       10,                       0.041606
40,                            30,                       10,                       0.041618
40,                            30,                       10,                       0.041663
40,                            30,                       10,                       0.041957
40,                            30,                       10,                       0.042636
40,                            30,                       10,                       0.043147
40,                            30,                       10,                       0.041325
40,                            30,                       10,                       0.04177
40,                            30,                       10,                       0.041923
40,                            30,                       10,                       0.042732
40,                            30,                       10,                       0.043065
40,                            30,                       10,                       0.041367
40,                            30,                       10,                       0.041249
40,                            30,                       10,                       0.043443
40,                            30,                       10,                       0.042284
40,                            30,                       10,                       0.04186
40,                            30,                       10,                       0.044337
40,                            30,                       10,                       0.042096
40,                            30,                       10,                       0.041093
40,                            30,                       10,                       0.04227
40,                            30,                       10,                       0.041848
40,                            30,                       10,                       0.041576
40,                            30,                       10,                       0.042608
40,                            30,                       10,                       0.04153
40,                            30,                       10,                       0.042031
40,                            30,                       10,                       0.042311
40,                            30,                       10,                       0.042014
40,                            30,                       10,                       0.041771
40,                            30,                       10,                       0.042186
40,                            30,                       10,                       0.041576
40,                            30,                       10,                       0.041977
40,                            30,                       10,                       0.041606
40,                            30,                       10,                       0.041874
40,                            30,                       10,                       0.041604
40,                            30,                       10,                       0.041457
40,                            30,                       10,                       0.041726
40,                            30,                       10,                       0.042415
40,                            30,                       10,                       0.041068
40,                            30,                       10,                       0.041156
40,                            30,                       10,                       0.041027
40,                            30,                       10,                       0.041776
40,                            30,                       10,                       0.04193
40,                            30,                       10,                       0.042217
40,                            30,                       10,                       0.04176
40,                            30,                       10,                       0.044104
40,                            30,                       10,                       0.04226
40,                            30,                       10,                       0.041805
40,                            30,                       10,                       0.042076
40,                            30,                       10,                       0.043263
40,                            30,                       10,                       0.043468
40,                            30,                       10,                       0.042743
40,                            30,                       10,                       0.041667
40,                            30,                       10,                       0.041704
40,                            30,                       10,                       0.041451
40,                            30,                       10,                       0.041721
40,                            30,                       10,                       0.041345
40,                            30,                       10,                       0.041225
40,                            30,                       10,                       0.042726
40,                            30,                       10,                       0.042748
40,                            30,                       10,                       0.041459
40,                            30,                       10,                       0.043443
40,                            30,                       10,                       0.041303
40,                            30,                       10,                       0.042197
40,                            30,                       10,                       0.041513
40,                            30,                       10,                       0.042039
40,                            30,                       10,                       0.041949
40,                            30,                       10,                       0.042795
40,                            30,                       10,                       0.042014
40,                            30,                       10,                       0.04164
40,                            30,                       10,                       0.041663
40,                            30,                       10,                       0.041757
40,                            30,                       10,                       0.042286
40,                            30,                       10,                       0.042179
40,                            30,                       10,                       0.042172
40,                            30,                       10,                       0.042718
40,                            30,                       10,                       0.043091
40,                            30,                       10,                       0.043272
40,                            30,                       10,                       0.042884
40,                            30,                       10,                       0.041513
40,                            30,                       10,                       0.041984
40,                            30,                       10,                       0.042074
40,                            30,                       10,                       0.041541
40,                            30,                       10,                       0.042358
40,                            30,                       10,                       0.041611
40,                            30,                       10,                       0.042155
40,                            30,                       10,                       0.041265
40,                            30,                       10,                       0.041995
40,                            30,                       10,                       0.041988
40,                            30,                       10,                       0.041614
40,                            30,                       10,                       0.041361
40,                            30,                       10,                       0.042739
40,                            30,                       10,                       0.041765
40,                            30,                       10,                       0.041889
40,                            30,                       10,                       0.041141
40,                            30,                       10,                       0.041462
40,                            30,                       10,                       0.041616
40,                            30,                       10,                       0.041499
40,                            30,                       10,                       0.042777
40,                            30,                       10,                       0.042
40,                            30,                       10,                       0.041966
40,                            30,                       10,                       0.041546
40,                            30,                       10,                       0.043073
40,                            30,                       10,                       0.042255
40,                            30,                       10,                       0.042829
40,                            30,                       10,                       0.042131
40,                            30,                       10,                       0.042314
40,                            30,                       10,                       0.042045
40,                            30,                       10,                       0.042596
40,                            30,                       10,                       0.042504
40,                            30,                       10,                       0.041846
40,                            30,                       10,                       0.043189
40,                            30,                       10,                       0.041882
40,                            30,                       10,                       0.042016
40,                            30,                       10,                       0.042487
40,                            30,                       10,                       0.043027
40,                            30,                       10,                       0.043156
40,                            30,                       10,                       0.042133
40,                            30,                       10,                       0.041565
40,                            30,                       10,                       0.041058
40,                            30,                       10,                       0.041833
40,                            30,                       10,                       0.042422
40,                            30,                       10,                       0.041429
40,                            30,                       10,                       0.042927
40,                            30,                       10,                       0.040909
40,                            30,                       10,                       0.042375
40,                            30,                       10,                       0.041668
40,                            30,                       10,                       0.043349
40,                            30,                       10,                       0.042107
40,                            30,                       10,                       0.042266
40,                            30,                       10,                       0.041834
40,                            30,                       10,                       0.04128
40,                            30,                       10,                       0.042235
40,                            30,                       10,                       0.042423
40,                            30,                       10,                       0.040983
40,                            30,                       10,                       0.042396
40,                            30,                       10,                       0.042956
40,                            30,                       10,                       0.041831
40,                            30,                       10,                       0.041606
40,                            30,                       10,                       0.041777
40,                            30,                       10,                       0.042336
40,                            30,                       10,                       0.041985
40,                            30,                       10,                       0.041391
40,                            30,                       10,                       0.041451
40,                            30,                       10,                       0.041209
40,                            30,                       10,                       0.041789
40,                            30,                       10,                       0.04176
40,                            30,                       10,                       0.042237
40,                            30,                       10,                       0.041226
40,                            30,                       10,                       0.042288
40,                            30,                       10,                       0.04204
40,                            30,                       10,                       0.042175
40,                            30,                       10,                       0.041676
40,                            30,                       10,                       0.041335
40,                            30,                       10,                       0.042964
40,                            30,                       10,                       0.042201
40,                            30,                       10,                       0.042114
40,                            30,                       10,                       0.041468
40,                            30,                       10,                       0.041921
40,                            30,                       10,                       0.04201
40,                            30,                       10,                       0.042143
40,                            30,                       10,                       0.041328
40,                            30,                       10,                       0.042799
40,                            30,                       10,                       0.041894
40,                            30,                       10,                       0.042161
40,                            30,                       10,                       0.04228
40,                            30,                       10,                       0.042227
40,                            30,                       10,                       0.041596
40,                            30,                       10,                       0.041872
40,                            30,                       10,                       0.042713
40,                            30,                       10,                       0.041679
40,                            30,                       10,                       0.042503
40,                            30,                       10,                       0.04231
40,                            30,                       10,                       0.041395
40,                            30,                       10,                       0.044922
40,                            30,                       10,                       0.041841
40,                            30,                       10,                       0.042595
40,                            30,                       10,                       0.042374
40,                            30,                       10,                       0.041272
40,                            30,                       10,                       0.041828
40,                            30,                       10,                       0.042469
40,                            30,                       10,                       0.042643
40,                            30,                       10,                       0.042096
40,                            30,                       10,                       0.041847
40,                            30,                       10,                       0.040973
40,                            30,                       10,                       0.042323
40,                            30,                       10,                       0.042574
40,                            30,                       10,                       0.041725
40,                            30,                       10,                       0.04221
40,                            30,                       10,                       0.042066
40,                            30,                       10,                       0.041927
40,                            30,                       10,                       0.041835
40,                            30,                       10,                       0.042211
40,                            30,                       10,                       0.042337
40,                            30,                       10,                       0.04377
40,                            30,                       10,                       0.042396
40,                            30,                       10,                       0.041863
40,                            30,                       10,                       0.041744
40,                            30,                       10,                       0.042197
40,                            30,                       10,                       0.041999
40,                            30,                       10,                       0.04192
40,                            30,                       10,                       0.042537
40,                            30,                       10,                       0.042119
40,                            30,                       10,                       0.04207
40,                            30,                       10,                       0.041812
40,                            30,                       10,                       0.043397
40,                            30,                       10,                       0.041164
40,                            30,                       10,                       0.042126
40,                            30,                       10,                       0.041304
40,                            30,                       10,                       0.042142
40,                            30,                       10,                       0.042469
40,                            30,                       10,                       0.04144
40,                            30,                       10,                       0.042135
40,                            30,                       10,                       0.042266
40,                            30,                       10,                       0.042744
40,                            30,                       10,                       0.041811
40,                            30,                       10,                       0.041284
40,                            30,                       10,                       0.042876
40,                            30,                       10,                       0.041834
40,                            30,                       10,                       0.04164
40,                            30,                       10,                       0.042439
