COMMENT : The search result by Simulated-Annealing for Cauchy_Good Fri Jan 26 18:35:49 2018

tech : Cauchy_Good
algorithm : Simulated-Annealing
k : 6
m : 3
w : 6
failed_disk_id : 0
conventional_symbol_number    optimized_symbol_number    reduced_symbol_number    time
36,                            28,                       8,                       0.011356
36,                            28,                       8,                       0.01126
36,                            29,                       7,                       0.011709
36,                            28,                       8,                       0.011025
36,                            29,                       7,                       0.01096
36,                            28,                       8,                       0.010973
36,                            29,                       7,                       0.010922
36,                            29,                       7,                       0.010784
36,                            28,                       8,                       0.010285
36,                            29,                       7,                       0.010389
36,                            29,                       7,                       0.010493
36,                            28,                       8,                       0.011034
36,                            29,                       7,                       0.0109
36,                            28,                       8,                       0.010481
36,                            28,                       8,                       0.010466
36,                            29,                       7,                       0.011288
36,                            29,                       7,                       0.011221
36,                            28,                       8,                       0.010495
36,                            29,                       7,                       0.011401
36,                            29,                       7,                       0.010375
36,                            28,                       8,                       0.010916
36,                            29,                       7,                       0.011232
36,                            28,                       8,                       0.010955
36,                            28,                       8,                       0.010737
36,                            29,                       7,                       0.010513
36,                            30,                       6,                       0.00976
36,                            28,                       8,                       0.01036
36,                            29,                       7,                       0.010183
36,                            29,                       7,                       0.010495
36,                            28,                       8,                       0.010819
36,                            28,                       8,                       0.010263
36,                            28,                       8,                       0.010384
36,                            28,                       8,                       0.010294
36,                            28,                       8,                       0.010444
36,                            29,                       7,                       0.010878
36,                            28,                       8,                       0.01055
36,                            28,                       8,                       0.010013
36,                            28,                       8,                       0.011514
36,                            28,                       8,                       0.010179
36,                            28,                       8,                       0.010527
36,                            28,                       8,                       0.010407
36,                            29,                       7,                       0.011088
36,                            29,                       7,                       0.01035
36,                            29,                       7,                       0.010552
36,                            28,                       8,                       0.010575
36,                            29,                       7,                       0.010622
36,                            29,                       7,                       0.010336
36,                            28,                       8,                       0.010145
36,                            29,                       7,                       0.010657
36,                            28,                       8,                       0.010649
36,                            28,                       8,                       0.010531
36,                            29,                       7,                       0.011512
36,                            29,                       7,                       0.01078
36,                            29,                       7,                       0.010411
36,                            28,                       8,                       0.010274
36,                            28,                       8,                       0.010324
36,                            28,                       8,                       0.010095
36,                            28,                       8,                       0.010471
36,                            28,                       8,                       0.011364
36,                            29,                       7,                       0.010232
36,                            30,                       6,                       0.009978
36,                            29,                       7,                       0.010115
36,                            29,                       7,                       0.010718
36,                            28,                       8,                       0.010487
36,                            29,                       7,                       0.011791
36,                            28,                       8,                       0.01023
36,                            28,                       8,                       0.010325
36,                            28,                       8,                       0.010441
36,                            28,                       8,                       0.010546
36,                            29,                       7,                       0.010332
36,                            28,                       8,                       0.010392
36,                            28,                       8,                       0.01047
36,                            28,                       8,                       0.01041
36,                            28,                       8,                       0.010498
36,                            28,                       8,                       0.010305
36,                            28,                       8,                       0.010212
36,                            29,                       7,                       0.010496
36,                            29,                       7,                       0.010296
36,                            29,                       7,                       0.010821
36,                            29,                       7,                       0.012285
36,                            29,                       7,                       0.011156
36,                            28,                       8,                       0.010377
36,                            28,                       8,                       0.010913
36,                            29,                       7,                       0.010069
36,                            29,                       7,                       0.010192
36,                            28,                       8,                       0.010308
36,                            28,                       8,                       0.010599
36,                            29,                       7,                       0.011271
36,                            30,                       6,                       0.010284
36,                            29,                       7,                       0.010346
36,                            28,                       8,                       0.010615
36,                            28,                       8,                       0.010618
36,                            29,                       7,                       0.010438
36,                            29,                       7,                       0.010856
36,                            28,                       8,                       0.0104
36,                            29,                       7,                       0.010866
36,                            28,                       8,                       0.010501
36,                            29,                       7,                       0.010705
36,                            28,                       8,                       0.010159
36,                            28,                       8,                       0.01055
36,                            29,                       7,                       0.010243
36,                            28,                       8,                       0.010622
36,                            28,                       8,                       0.010193
36,                            28,                       8,                       0.010445
36,                            29,                       7,                       0.010638
36,                            28,                       8,                       0.010445
36,                            28,                       8,                       0.010151
36,                            29,                       7,                       0.010485
36,                            29,                       7,                       0.01065
36,                            29,                       7,                       0.010134
36,                            29,                       7,                       0.010793
36,                            28,                       8,                       0.010265
36,                            28,                       8,                       0.010283
36,                            28,                       8,                       0.010164
36,                            28,                       8,                       0.010461
36,                            29,                       7,                       0.010578
36,                            28,                       8,                       0.010515
36,                            29,                       7,                       0.010462
36,                            28,                       8,                       0.01043
36,                            29,                       7,                       0.010433
36,                            29,                       7,                       0.01043
36,                            29,                       7,                       0.010643
36,                            28,                       8,                       0.010384
36,                            28,                       8,                       0.010252
36,                            29,                       7,                       0.010104
36,                            28,                       8,                       0.010102
36,                            29,                       7,                       0.010367
36,                            28,                       8,                       0.010646
36,                            29,                       7,                       0.010598
36,                            28,                       8,                       0.010649
36,                            29,                       7,                       0.010231
36,                            29,                       7,                       0.010481
36,                            28,                       8,                       0.010201
36,                            28,                       8,                       0.010552
36,                            29,                       7,                       0.010199
36,                            28,                       8,                       0.010542
36,                            29,                       7,                       0.010567
36,                            28,                       8,                       0.010266
36,                            28,                       8,                       0.010258
36,                            28,                       8,                       0.009988
36,                            29,                       7,                       0.010351
36,                            28,                       8,                       0.010214
36,                            29,                       7,                       0.010051
36,                            29,                       7,                       0.010505
36,                            29,                       7,                       0.011109
36,                            28,                       8,                       0.010131
36,                            28,                       8,                       0.010365
36,                            28,                       8,                       0.01025
36,                            28,                       8,                       0.01094
36,                            28,                       8,                       0.010231
36,                            28,                       8,                       0.010222
36,                            28,                       8,                       0.010004
36,                            28,                       8,                       0.010395
36,                            29,                       7,                       0.010706
36,                            29,                       7,                       0.010634
36,                            28,                       8,                       0.010572
36,                            29,                       7,                       0.011115
36,                            28,                       8,                       0.010515
36,                            28,                       8,                       0.010048
36,                            28,                       8,                       0.010388
36,                            29,                       7,                       0.011517
36,                            29,                       7,                       0.01052
36,                            29,                       7,                       0.010278
36,                            29,                       7,                       0.010272
36,                            29,                       7,                       0.010709
36,                            29,                       7,                       0.011112
36,                            29,                       7,                       0.010673
36,                            28,                       8,                       0.010483
36,                            28,                       8,                       0.010745
36,                            28,                       8,                       0.009976
36,                            29,                       7,                       0.010894
36,                            28,                       8,                       0.010551
36,                            28,                       8,                       0.010151
36,                            29,                       7,                       0.010583
36,                            29,                       7,                       0.010242
36,                            28,                       8,                       0.010546
36,                            29,                       7,                       0.010242
36,                            29,                       7,                       0.011332
36,                            28,                       8,                       0.010272
36,                            28,                       8,                       0.009984
36,                            29,                       7,                       0.010104
36,                            28,                       8,                       0.010485
36,                            29,                       7,                       0.01071
36,                            28,                       8,                       0.010056
36,                            28,                       8,                       0.011065
36,                            28,                       8,                       0.010683
36,                            28,                       8,                       0.010535
36,                            29,                       7,                       0.010515
36,                            29,                       7,                       0.009897
36,                            29,                       7,                       0.010657
36,                            28,                       8,                       0.011024
36,                            28,                       8,                       0.011646
36,                            29,                       7,                       0.010103
36,                            28,                       8,                       0.010445
36,                            28,                       8,                       0.010328
36,                            28,                       8,                       0.010347
36,                            28,                       8,                       0.010628
36,                            28,                       8,                       0.010622
36,                            29,                       7,                       0.010242
36,                            28,                       8,                       0.010283
36,                            28,                       8,                       0.010081
36,                            29,                       7,                       0.010362
36,                            28,                       8,                       0.010328
36,                            29,                       7,                       0.010652
36,                            28,                       8,                       0.010497
36,                            28,                       8,                       0.010603
36,                            28,                       8,                       0.010414
36,                            28,                       8,                       0.010045
36,                            29,                       7,                       0.010829
36,                            29,                       7,                       0.010642
36,                            28,                       8,                       0.010613
36,                            29,                       7,                       0.010775
36,                            28,                       8,                       0.010925
36,                            29,                       7,                       0.01066
36,                            29,                       7,                       0.010711
36,                            28,                       8,                       0.010285
36,                            29,                       7,                       0.011052
36,                            28,                       8,                       0.010343
36,                            28,                       8,                       0.009991
36,                            28,                       8,                       0.010424
36,                            29,                       7,                       0.010332
36,                            29,                       7,                       0.010489
36,                            28,                       8,                       0.010466
36,                            28,                       8,                       0.010731
36,                            28,                       8,                       0.010702
36,                            29,                       7,                       0.010939
36,                            28,                       8,                       0.010287
36,                            28,                       8,                       0.010117
36,                            28,                       8,                       0.010283
36,                            28,                       8,                       0.011153
36,                            29,                       7,                       0.01144
36,                            28,                       8,                       0.010387
36,                            29,                       7,                       0.010543
36,                            28,                       8,                       0.010171
36,                            29,                       7,                       0.010639
36,                            29,                       7,                       0.015307
36,                            28,                       8,                       0.010383
36,                            28,                       8,                       0.010616
36,                            29,                       7,                       0.011026
36,                            28,                       8,                       0.010914
36,                            28,                       8,                       0.01019
36,                            29,                       7,                       0.011832
36,                            29,                       7,                       0.010785
36,                            28,                       8,                       0.010783
36,                            28,                       8,                       0.010539
36,                            28,                       8,                       0.010757
36,                            28,                       8,                       0.010534
36,                            28,                       8,                       0.011019
36,                            29,                       7,                       0.01098
36,                            29,                       7,                       0.010506
36,                            28,                       8,                       0.01055
36,                            29,                       7,                       0.010519
36,                            28,                       8,                       0.010306
36,                            29,                       7,                       0.010503
36,                            29,                       7,                       0.010412
36,                            28,                       8,                       0.010113
36,                            29,                       7,                       0.01047
36,                            29,                       7,                       0.010659
36,                            29,                       7,                       0.011211
36,                            28,                       8,                       0.010268
36,                            29,                       7,                       0.010935
36,                            28,                       8,                       0.010686
36,                            28,                       8,                       0.01049
36,                            29,                       7,                       0.010834
36,                            28,                       8,                       0.010372
36,                            29,                       7,                       0.010896
36,                            28,                       8,                       0.0104
36,                            28,                       8,                       0.010326
36,                            28,                       8,                       0.010938
36,                            29,                       7,                       0.010362
36,                            28,                       8,                       0.010749
36,                            29,                       7,                       0.010349
36,                            28,                       8,                       0.010287
36,                            28,                       8,                       0.010568
36,                            29,                       7,                       0.010519
36,                            28,                       8,                       0.010258
36,                            28,                       8,                       0.010661
36,                            28,                       8,                       0.01048
36,                            29,                       7,                       0.010428
36,                            30,                       6,                       0.010212
36,                            28,                       8,                       0.010858
36,                            28,                       8,                       0.010499
36,                            29,                       7,                       0.010312
36,                            28,                       8,                       0.010368
36,                            28,                       8,                       0.010958
36,                            28,                       8,                       0.010263
36,                            29,                       7,                       0.011925
36,                            29,                       7,                       0.010756
36,                            28,                       8,                       0.010525
36,                            28,                       8,                       0.010699
36,                            28,                       8,                       0.010261
36,                            29,                       7,                       0.010715
36,                            28,                       8,                       0.009984
36,                            28,                       8,                       0.010793
36,                            28,                       8,                       0.010764
36,                            29,                       7,                       0.010919
36,                            28,                       8,                       0.010048
36,                            28,                       8,                       0.010068
