COMMENT : The search result by Simulated-Annealing for Cauchy_Good Fri Jan 26 18:35:47 2018

tech : Cauchy_Good
algorithm : Simulated-Annealing
k : 4
m : 4
w : 8
failed_disk_id : 0
conventional_symbol_number    optimized_symbol_number    reduced_symbol_number    time
32,                            24,                       8,                       0.086417
32,                            25,                       7,                       0.08471
32,                            25,                       7,                       0.084192
32,                            25,                       7,                       0.10778
32,                            24,                       8,                       0.078902
32,                            25,                       7,                       0.077043
32,                            25,                       7,                       0.080963
32,                            25,                       7,                       0.090167
32,                            25,                       7,                       0.081365
32,                            25,                       7,                       0.09075
32,                            26,                       6,                       0.084464
32,                            24,                       8,                       0.079798
32,                            25,                       7,                       0.08386
32,                            25,                       7,                       0.078327
32,                            25,                       7,                       0.095743
32,                            25,                       7,                       0.084238
32,                            25,                       7,                       0.07943
32,                            24,                       8,                       0.086264
32,                            25,                       7,                       0.079583
32,                            25,                       7,                       0.092198
32,                            25,                       7,                       0.080873
32,                            24,                       8,                       0.078589
32,                            25,                       7,                       0.081017
32,                            24,                       8,                       0.074603
32,                            24,                       8,                       0.075353
32,                            24,                       8,                       0.082392
32,                            24,                       8,                       0.076811
32,                            24,                       8,                       0.075903
32,                            25,                       7,                       0.093345
32,                            25,                       7,                       0.083744
32,                            24,                       8,                       0.073302
32,                            24,                       8,                       0.076688
32,                            25,                       7,                       0.08982
32,                            26,                       6,                       0.069602
32,                            25,                       7,                       0.070816
32,                            25,                       7,                       0.089713
32,                            24,                       8,                       0.078221
32,                            25,                       7,                       0.075624
32,                            25,                       7,                       0.076713
32,                            25,                       7,                       0.07313
32,                            25,                       7,                       0.077537
32,                            25,                       7,                       0.07983
32,                            25,                       7,                       0.074462
32,                            25,                       7,                       0.08193
32,                            25,                       7,                       0.080393
32,                            25,                       7,                       0.075551
32,                            25,                       7,                       0.076548
32,                            26,                       6,                       0.102249
32,                            24,                       8,                       0.081435
32,                            24,                       8,                       0.077369
32,                            26,                       6,                       0.073252
32,                            24,                       8,                       0.074972
32,                            24,                       8,                       0.07534
32,                            25,                       7,                       0.081403
32,                            25,                       7,                       0.089293
32,                            24,                       8,                       0.077657
32,                            24,                       8,                       0.071185
32,                            24,                       8,                       0.079721
32,                            25,                       7,                       0.090604
32,                            24,                       8,                       0.073918
32,                            24,                       8,                       0.075093
32,                            25,                       7,                       0.092229
32,                            25,                       7,                       0.077815
32,                            24,                       8,                       0.085134
32,                            25,                       7,                       0.086004
32,                            25,                       7,                       0.079147
32,                            24,                       8,                       0.099767
32,                            25,                       7,                       0.090937
32,                            24,                       8,                       0.083714
32,                            25,                       7,                       0.081037
32,                            25,                       7,                       0.081234
32,                            25,                       7,                       0.085724
32,                            25,                       7,                       0.0741
32,                            25,                       7,                       0.08096
32,                            24,                       8,                       0.080008
32,                            24,                       8,                       0.071682
32,                            25,                       7,                       0.101758
32,                            25,                       7,                       0.085696
32,                            24,                       8,                       0.072315
32,                            25,                       7,                       0.087399
32,                            26,                       6,                       0.079476
32,                            25,                       7,                       0.084705
32,                            25,                       7,                       0.083702
32,                            25,                       7,                       0.084769
32,                            24,                       8,                       0.079485
32,                            25,                       7,                       0.086865
32,                            25,                       7,                       0.075697
32,                            25,                       7,                       0.078488
32,                            25,                       7,                       0.080645
32,                            24,                       8,                       0.074765
32,                            25,                       7,                       0.078611
32,                            25,                       7,                       0.078688
32,                            24,                       8,                       0.088988
32,                            25,                       7,                       0.075438
32,                            25,                       7,                       0.098095
32,                            25,                       7,                       0.079263
32,                            25,                       7,                       0.078768
32,                            25,                       7,                       0.086526
32,                            25,                       7,                       0.075679
32,                            25,                       7,                       0.116752
32,                            25,                       7,                       0.073294
32,                            24,                       8,                       0.077809
32,                            25,                       7,                       0.083242
32,                            25,                       7,                       0.077166
32,                            25,                       7,                       0.073198
32,                            25,                       7,                       0.081799
32,                            24,                       8,                       0.079379
32,                            25,                       7,                       0.094521
32,                            24,                       8,                       0.079983
32,                            25,                       7,                       0.081712
32,                            26,                       6,                       0.071125
32,                            25,                       7,                       0.082463
32,                            24,                       8,                       0.075083
32,                            25,                       7,                       0.082696
32,                            25,                       7,                       0.071857
32,                            25,                       7,                       0.070865
32,                            25,                       7,                       0.07237
32,                            24,                       8,                       0.078547
32,                            24,                       8,                       0.074472
32,                            24,                       8,                       0.081668
32,                            25,                       7,                       0.073695
32,                            25,                       7,                       0.081987
32,                            25,                       7,                       0.083441
32,                            25,                       7,                       0.09213
32,                            24,                       8,                       0.075421
32,                            25,                       7,                       0.07398
32,                            25,                       7,                       0.077251
32,                            24,                       8,                       0.082497
32,                            25,                       7,                       0.079825
32,                            25,                       7,                       0.075647
32,                            25,                       7,                       0.091305
32,                            24,                       8,                       0.080363
32,                            25,                       7,                       0.076861
32,                            24,                       8,                       0.076795
32,                            25,                       7,                       0.078229
32,                            25,                       7,                       0.077248
32,                            25,                       7,                       0.075923
32,                            24,                       8,                       0.07852
32,                            25,                       7,                       0.081212
32,                            25,                       7,                       0.085166
32,                            25,                       7,                       0.079436
32,                            25,                       7,                       0.088469
32,                            24,                       8,                       0.080274
32,                            25,                       7,                       0.081351
32,                            25,                       7,                       0.078923
32,                            26,                       6,                       0.079639
32,                            25,                       7,                       0.079255
32,                            25,                       7,                       0.094261
32,                            24,                       8,                       0.081553
32,                            25,                       7,                       0.084871
32,                            25,                       7,                       0.078899
32,                            24,                       8,                       0.076582
32,                            25,                       7,                       0.082172
32,                            25,                       7,                       0.091298
32,                            25,                       7,                       0.087188
32,                            24,                       8,                       0.074417
32,                            25,                       7,                       0.072924
32,                            25,                       7,                       0.075046
32,                            25,                       7,                       0.075167
32,                            24,                       8,                       0.076055
32,                            25,                       7,                       0.089917
32,                            25,                       7,                       0.080857
32,                            25,                       7,                       0.088612
32,                            25,                       7,                       0.080863
32,                            25,                       7,                       0.081077
32,                            26,                       6,                       0.082136
32,                            25,                       7,                       0.076808
32,                            25,                       7,                       0.083853
32,                            24,                       8,                       0.077892
32,                            25,                       7,                       0.085209
32,                            24,                       8,                       0.07847
32,                            24,                       8,                       0.087272
32,                            25,                       7,                       0.074987
32,                            25,                       7,                       0.074147
32,                            24,                       8,                       0.072211
32,                            24,                       8,                       0.088132
32,                            24,                       8,                       0.080802
32,                            25,                       7,                       0.083236
32,                            25,                       7,                       0.07786
32,                            25,                       7,                       0.088294
32,                            24,                       8,                       0.083989
32,                            24,                       8,                       0.07965
32,                            25,                       7,                       0.083179
32,                            25,                       7,                       0.077923
32,                            24,                       8,                       0.083806
32,                            25,                       7,                       0.093946
32,                            25,                       7,                       0.077311
32,                            25,                       7,                       0.082444
32,                            24,                       8,                       0.08048
32,                            25,                       7,                       0.076402
32,                            24,                       8,                       0.073055
32,                            25,                       7,                       0.081867
32,                            24,                       8,                       0.07728
32,                            26,                       6,                       0.093126
32,                            26,                       6,                       0.07784
32,                            25,                       7,                       0.079467
32,                            25,                       7,                       0.076811
32,                            24,                       8,                       0.075106
32,                            24,                       8,                       0.084981
32,                            24,                       8,                       0.074974
32,                            25,                       7,                       0.082992
32,                            25,                       7,                       0.077971
32,                            24,                       8,                       0.078634
32,                            24,                       8,                       0.08233
32,                            25,                       7,                       0.077175
32,                            24,                       8,                       0.074599
32,                            25,                       7,                       0.080812
32,                            25,                       7,                       0.074296
32,                            25,                       7,                       0.094686
32,                            25,                       7,                       0.082416
32,                            25,                       7,                       0.072751
32,                            24,                       8,                       0.08531
32,                            25,                       7,                       0.08227
32,                            25,                       7,                       0.085591
32,                            24,                       8,                       0.078966
32,                            25,                       7,                       0.081492
32,                            24,                       8,                       0.07434
32,                            25,                       7,                       0.078378
32,                            25,                       7,                       0.077815
32,                            24,                       8,                       0.073351
32,                            25,                       7,                       0.081253
32,                            24,                       8,                       0.079593
32,                            24,                       8,                       0.077867
32,                            25,                       7,                       0.078394
32,                            24,                       8,                       0.082247
32,                            25,                       7,                       0.092836
32,                            25,                       7,                       0.083885
32,                            25,                       7,                       0.079631
32,                            25,                       7,                       0.075797
32,                            25,                       7,                       0.077053
32,                            24,                       8,                       0.09245
32,                            25,                       7,                       0.086266
32,                            25,                       7,                       0.091443
32,                            25,                       7,                       0.076776
32,                            25,                       7,                       0.090081
32,                            25,                       7,                       0.086757
32,                            25,                       7,                       0.078391
32,                            24,                       8,                       0.077043
32,                            24,                       8,                       0.083545
32,                            25,                       7,                       0.079298
32,                            24,                       8,                       0.079846
32,                            24,                       8,                       0.079179
32,                            25,                       7,                       0.094497
32,                            24,                       8,                       0.089151
32,                            25,                       7,                       0.077199
32,                            24,                       8,                       0.081204
32,                            25,                       7,                       0.087662
32,                            24,                       8,                       0.08166
32,                            25,                       7,                       0.081679
32,                            24,                       8,                       0.084981
32,                            25,                       7,                       0.076414
32,                            25,                       7,                       0.079637
32,                            25,                       7,                       0.081935
32,                            24,                       8,                       0.072853
32,                            25,                       7,                       0.07817
32,                            25,                       7,                       0.077625
32,                            25,                       7,                       0.087858
32,                            25,                       7,                       0.076731
32,                            25,                       7,                       0.080731
32,                            25,                       7,                       0.079692
32,                            25,                       7,                       0.075495
32,                            24,                       8,                       0.078129
32,                            25,                       7,                       0.075023
32,                            25,                       7,                       0.077554
32,                            25,                       7,                       0.076134
32,                            24,                       8,                       0.073862
32,                            25,                       7,                       0.076584
32,                            25,                       7,                       0.077784
32,                            25,                       7,                       0.081945
32,                            24,                       8,                       0.076142
32,                            24,                       8,                       0.084994
32,                            24,                       8,                       0.076557
32,                            25,                       7,                       0.084965
32,                            24,                       8,                       0.079019
32,                            25,                       7,                       0.091698
32,                            25,                       7,                       0.080626
32,                            25,                       7,                       0.084918
32,                            25,                       7,                       0.08636
32,                            25,                       7,                       0.079299
32,                            25,                       7,                       0.09721
32,                            25,                       7,                       0.08015
32,                            25,                       7,                       0.082263
32,                            26,                       6,                       0.094175
32,                            25,                       7,                       0.078232
32,                            24,                       8,                       0.076103
32,                            24,                       8,                       0.07876
32,                            25,                       7,                       0.084651
32,                            25,                       7,                       0.074935
32,                            25,                       7,                       0.078416
32,                            25,                       7,                       0.086432
32,                            24,                       8,                       0.078497
32,                            25,                       7,                       0.080206
32,                            25,                       7,                       0.077697
32,                            25,                       7,                       0.08617
32,                            24,                       8,                       0.083167
32,                            25,                       7,                       0.086109
32,                            25,                       7,                       0.081194
32,                            24,                       8,                       0.079444
32,                            25,                       7,                       0.074405
32,                            25,                       7,                       0.079232
