COMMENT : The search result by Simulated-Annealing for Cauchy_Good Fri Jan 26 18:35:46 2018

tech : Cauchy_Good
algorithm : Simulated-Annealing
k : 4
m : 2
w : 3
failed_disk_id : 0
conventional_symbol_number    optimized_symbol_number    reduced_symbol_number    time
12,                            10,                       2,                       0.000331
12,                            10,                       2,                       0.000314
12,                            10,                       2,                       0.000324
12,                            10,                       2,                       0.000364
12,                            10,                       2,                       0.000329
12,                            10,                       2,                       0.000339
12,                            10,                       2,                       0.000319
12,                            10,                       2,                       0.000301
12,                            10,                       2,                       0.000309
12,                            10,                       2,                       0.000317
12,                            10,                       2,                       0.000331
12,                            10,                       2,                       0.000381
12,                            10,                       2,                       0.000319
12,                            10,                       2,                       0.000315
12,                            10,                       2,                       0.00045
12,                            10,                       2,                       0.000363
12,                            10,                       2,                       0.00035
12,                            10,                       2,                       0.000381
12,                            10,                       2,                       0.000342
12,                            10,                       2,                       0.000322
12,                            10,                       2,                       0.000326
12,                            10,                       2,                       0.000338
12,                            10,                       2,                       0.001318
12,                            10,                       2,                       0.00036
12,                            10,                       2,                       0.000309
12,                            10,                       2,                       0.000304
12,                            10,                       2,                       0.000389
12,                            10,                       2,                       0.000352
12,                            10,                       2,                       0.000382
12,                            10,                       2,                       0.000316
12,                            10,                       2,                       0.000344
12,                            10,                       2,                       0.000368
12,                            10,                       2,                       0.000344
12,                            10,                       2,                       0.000457
12,                            10,                       2,                       0.000305
12,                            10,                       2,                       0.000418
12,                            10,                       2,                       0.000311
12,                            10,                       2,                       0.000319
12,                            10,                       2,                       0.00031
12,                            10,                       2,                       0.000303
12,                            10,                       2,                       0.0004
12,                            10,                       2,                       0.000309
12,                            10,                       2,                       0.000312
12,                            10,                       2,                       0.000307
12,                            10,                       2,                       0.000312
12,                            10,                       2,                       0.000307
12,                            10,                       2,                       0.000326
12,                            10,                       2,                       0.00031
12,                            10,                       2,                       0.000316
12,                            10,                       2,                       0.000304
12,                            10,                       2,                       0.000307
12,                            10,                       2,                       0.000313
12,                            10,                       2,                       0.000357
12,                            10,                       2,                       0.000312
12,                            10,                       2,                       0.000312
12,                            10,                       2,                       0.000318
12,                            10,                       2,                       0.000384
12,                            10,                       2,                       0.00034
12,                            10,                       2,                       0.000363
12,                            10,                       2,                       0.00036
12,                            10,                       2,                       0.000327
12,                            10,                       2,                       0.000383
12,                            10,                       2,                       0.000375
12,                            10,                       2,                       0.000324
12,                            10,                       2,                       0.000305
12,                            10,                       2,                       0.000306
12,                            10,                       2,                       0.000314
12,                            10,                       2,                       0.00032
12,                            10,                       2,                       0.000303
12,                            10,                       2,                       0.000309
12,                            10,                       2,                       0.00031
12,                            10,                       2,                       0.000302
12,                            10,                       2,                       0.000427
12,                            10,                       2,                       0.000411
12,                            10,                       2,                       0.000345
12,                            10,                       2,                       0.000336
12,                            10,                       2,                       0.000349
12,                            10,                       2,                       0.001226
12,                            10,                       2,                       0.000304
12,                            10,                       2,                       0.000337
12,                            10,                       2,                       0.000318
12,                            10,                       2,                       0.000318
12,                            10,                       2,                       0.000355
12,                            10,                       2,                       0.000376
12,                            10,                       2,                       0.000396
12,                            10,                       2,                       0.000306
12,                            10,                       2,                       0.000304
12,                            10,                       2,                       0.000365
12,                            10,                       2,                       0.000365
12,                            10,                       2,                       0.000843
12,                            10,                       2,                       0.000309
12,                            10,                       2,                       0.000322
12,                            10,                       2,                       0.000305
12,                            10,                       2,                       0.000311
12,                            10,                       2,                       0.000592
12,                            10,                       2,                       0.000304
12,                            10,                       2,                       0.000343
12,                            10,                       2,                       0.00038
12,                            10,                       2,                       0.00036
12,                            10,                       2,                       0.000384
12,                            10,                       2,                       0.000421
12,                            10,                       2,                       0.000375
12,                            10,                       2,                       0.000359
12,                            10,                       2,                       0.000365
12,                            10,                       2,                       0.000451
12,                            10,                       2,                       0.000362
12,                            10,                       2,                       0.000554
12,                            10,                       2,                       0.000307
12,                            10,                       2,                       0.000309
12,                            10,                       2,                       0.000305
12,                            10,                       2,                       0.000344
12,                            10,                       2,                       0.000386
12,                            10,                       2,                       0.000304
12,                            10,                       2,                       0.000318
12,                            10,                       2,                       0.000305
12,                            10,                       2,                       0.00031
12,                            10,                       2,                       0.000312
12,                            10,                       2,                       0.000314
12,                            10,                       2,                       0.000312
12,                            10,                       2,                       0.000308
12,                            10,                       2,                       0.000311
12,                            10,                       2,                       0.000302
12,                            10,                       2,                       0.000412
12,                            10,                       2,                       0.000305
12,                            10,                       2,                       0.000355
12,                            10,                       2,                       0.000371
12,                            10,                       2,                       0.000312
12,                            10,                       2,                       0.00038
12,                            10,                       2,                       0.000573
12,                            10,                       2,                       0.000306
12,                            10,                       2,                       0.000306
12,                            10,                       2,                       0.00033
12,                            10,                       2,                       0.000363
12,                            10,                       2,                       0.000386
12,                            10,                       2,                       0.000359
12,                            10,                       2,                       0.000304
12,                            10,                       2,                       0.000366
12,                            10,                       2,                       0.000307
12,                            10,                       2,                       0.000358
12,                            10,                       2,                       0.000362
12,                            10,                       2,                       0.000409
12,                            10,                       2,                       0.000306
12,                            10,                       2,                       0.000348
12,                            10,                       2,                       0.000305
12,                            10,                       2,                       0.000307
12,                            10,                       2,                       0.000306
12,                            10,                       2,                       0.000347
12,                            10,                       2,                       0.00034
12,                            10,                       2,                       0.000309
12,                            10,                       2,                       0.000312
12,                            10,                       2,                       0.000346
12,                            10,                       2,                       0.000308
12,                            10,                       2,                       0.000309
12,                            10,                       2,                       0.00043
12,                            10,                       2,                       0.000305
12,                            10,                       2,                       0.000324
12,                            10,                       2,                       0.00035
12,                            10,                       2,                       0.000433
12,                            10,                       2,                       0.000353
12,                            10,                       2,                       0.000306
12,                            10,                       2,                       0.000555
12,                            10,                       2,                       0.000444
12,                            10,                       2,                       0.000314
12,                            10,                       2,                       0.00036
12,                            10,                       2,                       0.000329
12,                            10,                       2,                       0.000376
12,                            10,                       2,                       0.000345
12,                            10,                       2,                       0.000307
12,                            10,                       2,                       0.000312
12,                            10,                       2,                       0.000307
12,                            10,                       2,                       0.000364
12,                            10,                       2,                       0.000307
12,                            10,                       2,                       0.000359
12,                            10,                       2,                       0.000357
12,                            10,                       2,                       0.000527
12,                            10,                       2,                       0.000495
12,                            10,                       2,                       0.000364
12,                            10,                       2,                       0.000305
12,                            10,                       2,                       0.000339
12,                            10,                       2,                       0.000362
12,                            10,                       2,                       0.000315
12,                            10,                       2,                       0.000309
12,                            10,                       2,                       0.000421
12,                            10,                       2,                       0.000354
12,                            10,                       2,                       0.000323
12,                            10,                       2,                       0.000309
12,                            10,                       2,                       0.000361
12,                            10,                       2,                       0.000305
12,                            10,                       2,                       0.000394
12,                            10,                       2,                       0.000326
12,                            10,                       2,                       0.000305
12,                            10,                       2,                       0.000613
12,                            10,                       2,                       0.000374
12,                            10,                       2,                       0.000306
12,                            10,                       2,                       0.000363
12,                            10,                       2,                       0.000322
12,                            10,                       2,                       0.000348
12,                            10,                       2,                       0.000302
12,                            10,                       2,                       0.00031
12,                            10,                       2,                       0.000304
12,                            10,                       2,                       0.000304
12,                            10,                       2,                       0.000356
12,                            10,                       2,                       0.000431
12,                            10,                       2,                       0.00051
12,                            10,                       2,                       0.000304
12,                            10,                       2,                       0.000309
12,                            10,                       2,                       0.000352
12,                            10,                       2,                       0.000351
12,                            10,                       2,                       0.000306
12,                            10,                       2,                       0.000323
12,                            10,                       2,                       0.000355
12,                            10,                       2,                       0.000366
12,                            10,                       2,                       0.00034
12,                            10,                       2,                       0.000322
12,                            10,                       2,                       0.000361
12,                            10,                       2,                       0.000443
12,                            10,                       2,                       0.000309
12,                            10,                       2,                       0.000308
12,                            10,                       2,                       0.000391
12,                            10,                       2,                       0.00036
12,                            10,                       2,                       0.000311
12,                            10,                       2,                       0.000414
12,                            10,                       2,                       0.000308
12,                            10,                       2,                       0.000307
12,                            10,                       2,                       0.000307
12,                            10,                       2,                       0.000365
12,                            10,                       2,                       0.000316
12,                            10,                       2,                       0.000313
12,                            10,                       2,                       0.000379
12,                            10,                       2,                       0.000571
12,                            10,                       2,                       0.000322
12,                            10,                       2,                       0.00031
12,                            10,                       2,                       0.000316
12,                            10,                       2,                       0.000556
12,                            10,                       2,                       0.000345
12,                            10,                       2,                       0.000645
12,                            10,                       2,                       0.000351
12,                            10,                       2,                       0.000574
12,                            10,                       2,                       0.000306
12,                            10,                       2,                       0.000305
12,                            10,                       2,                       0.000372
12,                            10,                       2,                       0.000306
12,                            10,                       2,                       0.000375
12,                            10,                       2,                       0.000358
12,                            10,                       2,                       0.000305
12,                            10,                       2,                       0.000367
12,                            10,                       2,                       0.00035
12,                            10,                       2,                       0.000337
12,                            10,                       2,                       0.000308
12,                            10,                       2,                       0.000365
12,                            10,                       2,                       0.000309
12,                            10,                       2,                       0.000304
12,                            10,                       2,                       0.000308
12,                            10,                       2,                       0.000309
12,                            10,                       2,                       0.000361
12,                            10,                       2,                       0.000414
12,                            10,                       2,                       0.000306
12,                            10,                       2,                       0.000438
12,                            10,                       2,                       0.00031
12,                            10,                       2,                       0.000334
12,                            10,                       2,                       0.000581
12,                            10,                       2,                       0.000364
12,                            10,                       2,                       0.000309
12,                            10,                       2,                       0.000343
12,                            10,                       2,                       0.000309
12,                            10,                       2,                       0.000309
12,                            10,                       2,                       0.000302
12,                            10,                       2,                       0.000338
12,                            10,                       2,                       0.000359
12,                            10,                       2,                       0.000313
12,                            10,                       2,                       0.000316
12,                            10,                       2,                       0.000305
12,                            10,                       2,                       0.000444
12,                            10,                       2,                       0.000346
12,                            10,                       2,                       0.000417
12,                            10,                       2,                       0.000465
12,                            10,                       2,                       0.000329
12,                            10,                       2,                       0.000361
12,                            10,                       2,                       0.000309
12,                            10,                       2,                       0.000304
12,                            10,                       2,                       0.000566
12,                            10,                       2,                       0.000304
12,                            10,                       2,                       0.000321
12,                            10,                       2,                       0.000307
12,                            10,                       2,                       0.000364
12,                            10,                       2,                       0.000304
12,                            10,                       2,                       0.000306
12,                            10,                       2,                       0.00032
12,                            10,                       2,                       0.000359
12,                            10,                       2,                       0.000368
12,                            10,                       2,                       0.00042
12,                            10,                       2,                       0.00038
12,                            10,                       2,                       0.000366
12,                            10,                       2,                       0.000344
12,                            10,                       2,                       0.000396
12,                            10,                       2,                       0.000344
12,                            10,                       2,                       0.000394
12,                            10,                       2,                       0.000385
12,                            10,                       2,                       0.000305
12,                            10,                       2,                       0.000388
