COMMENT : The search result by Simulated-Annealing for Cauchy_Good Fri Jan 26 18:35:46 2018

tech : Cauchy_Good
algorithm : Simulated-Annealing
k : 4
m : 3
w : 4
failed_disk_id : 0
conventional_symbol_number    optimized_symbol_number    reduced_symbol_number    time
16,                            12,                       4,                       0.001127
16,                            12,                       4,                       0.001085
16,                            12,                       4,                       0.001148
16,                            12,                       4,                       0.001147
16,                            12,                       4,                       0.001388
16,                            12,                       4,                       0.001109
16,                            12,                       4,                       0.001186
16,                            12,                       4,                       0.00107
16,                            12,                       4,                       0.001142
16,                            12,                       4,                       0.00121
16,                            12,                       4,                       0.001116
16,                            12,                       4,                       0.001244
16,                            12,                       4,                       0.001067
16,                            12,                       4,                       0.001045
16,                            12,                       4,                       0.001127
16,                            12,                       4,                       0.001042
16,                            12,                       4,                       0.00108
16,                            12,                       4,                       0.00115
16,                            13,                       3,                       0.001081
16,                            12,                       4,                       0.001098
16,                            12,                       4,                       0.00113
16,                            12,                       4,                       0.001126
16,                            12,                       4,                       0.001071
16,                            12,                       4,                       0.001095
16,                            12,                       4,                       0.001061
16,                            12,                       4,                       0.00108
16,                            12,                       4,                       0.001126
16,                            12,                       4,                       0.001088
16,                            12,                       4,                       0.001404
16,                            12,                       4,                       0.001071
16,                            12,                       4,                       0.001062
16,                            12,                       4,                       0.001083
16,                            12,                       4,                       0.001193
16,                            12,                       4,                       0.00119
16,                            12,                       4,                       0.001071
16,                            12,                       4,                       0.001096
16,                            12,                       4,                       0.001183
16,                            12,                       4,                       0.001066
16,                            12,                       4,                       0.001139
16,                            12,                       4,                       0.001075
16,                            12,                       4,                       0.001064
16,                            12,                       4,                       0.001074
16,                            12,                       4,                       0.001299
16,                            12,                       4,                       0.001096
16,                            12,                       4,                       0.001109
16,                            12,                       4,                       0.001163
16,                            12,                       4,                       0.001085
16,                            12,                       4,                       0.001232
16,                            12,                       4,                       0.001074
16,                            12,                       4,                       0.001068
16,                            12,                       4,                       0.001111
16,                            12,                       4,                       0.001109
16,                            12,                       4,                       0.00113
16,                            12,                       4,                       0.001072
16,                            12,                       4,                       0.001052
16,                            12,                       4,                       0.001085
16,                            12,                       4,                       0.001077
16,                            12,                       4,                       0.00114
16,                            12,                       4,                       0.001152
16,                            12,                       4,                       0.001038
16,                            12,                       4,                       0.001065
16,                            12,                       4,                       0.001067
16,                            12,                       4,                       0.001081
16,                            12,                       4,                       0.001109
16,                            12,                       4,                       0.001101
16,                            12,                       4,                       0.001096
16,                            12,                       4,                       0.001129
16,                            12,                       4,                       0.001184
16,                            12,                       4,                       0.001093
16,                            12,                       4,                       0.00106
16,                            12,                       4,                       0.001075
16,                            12,                       4,                       0.001142
16,                            12,                       4,                       0.001089
16,                            13,                       3,                       0.001076
16,                            12,                       4,                       0.001067
16,                            12,                       4,                       0.001136
16,                            12,                       4,                       0.001131
16,                            12,                       4,                       0.001147
16,                            12,                       4,                       0.001184
16,                            12,                       4,                       0.001116
16,                            12,                       4,                       0.001151
16,                            12,                       4,                       0.001139
16,                            12,                       4,                       0.001278
16,                            12,                       4,                       0.001133
16,                            12,                       4,                       0.001047
16,                            12,                       4,                       0.00111
16,                            12,                       4,                       0.001072
16,                            12,                       4,                       0.001076
16,                            12,                       4,                       0.001072
16,                            12,                       4,                       0.001151
16,                            12,                       4,                       0.001223
16,                            12,                       4,                       0.00111
16,                            12,                       4,                       0.001127
16,                            12,                       4,                       0.001076
16,                            12,                       4,                       0.001402
16,                            12,                       4,                       0.001108
16,                            12,                       4,                       0.001306
16,                            12,                       4,                       0.001062
16,                            12,                       4,                       0.001058
16,                            12,                       4,                       0.001088
16,                            12,                       4,                       0.001097
16,                            12,                       4,                       0.001097
16,                            12,                       4,                       0.001154
16,                            12,                       4,                       0.001071
16,                            12,                       4,                       0.001064
16,                            12,                       4,                       0.001047
16,                            12,                       4,                       0.001075
16,                            12,                       4,                       0.001078
16,                            12,                       4,                       0.001084
16,                            12,                       4,                       0.001081
16,                            12,                       4,                       0.001094
16,                            12,                       4,                       0.001127
16,                            12,                       4,                       0.001108
16,                            12,                       4,                       0.001092
16,                            12,                       4,                       0.001091
16,                            12,                       4,                       0.001121
16,                            12,                       4,                       0.001054
16,                            12,                       4,                       0.001097
16,                            12,                       4,                       0.001037
16,                            12,                       4,                       0.00108
16,                            12,                       4,                       0.00111
16,                            12,                       4,                       0.001098
16,                            12,                       4,                       0.001085
16,                            12,                       4,                       0.001067
16,                            12,                       4,                       0.001074
16,                            12,                       4,                       0.00105
16,                            12,                       4,                       0.001115
16,                            12,                       4,                       0.001087
16,                            12,                       4,                       0.001104
16,                            12,                       4,                       0.001067
16,                            12,                       4,                       0.001079
16,                            12,                       4,                       0.001036
16,                            12,                       4,                       0.001171
16,                            12,                       4,                       0.001041
16,                            12,                       4,                       0.001078
16,                            12,                       4,                       0.001225
16,                            12,                       4,                       0.001051
16,                            12,                       4,                       0.001212
16,                            12,                       4,                       0.001099
16,                            12,                       4,                       0.001135
16,                            12,                       4,                       0.00105
16,                            12,                       4,                       0.001417
16,                            12,                       4,                       0.001063
16,                            12,                       4,                       0.001127
16,                            12,                       4,                       0.001377
16,                            12,                       4,                       0.001052
16,                            12,                       4,                       0.001117
16,                            12,                       4,                       0.001075
16,                            13,                       3,                       0.001178
16,                            12,                       4,                       0.001105
16,                            12,                       4,                       0.00111
16,                            12,                       4,                       0.001641
16,                            12,                       4,                       0.001116
16,                            12,                       4,                       0.001081
16,                            12,                       4,                       0.001069
16,                            12,                       4,                       0.001066
16,                            12,                       4,                       0.001065
16,                            12,                       4,                       0.001104
16,                            12,                       4,                       0.00106
16,                            12,                       4,                       0.001073
16,                            12,                       4,                       0.001128
16,                            12,                       4,                       0.001034
16,                            12,                       4,                       0.00111
16,                            12,                       4,                       0.001189
16,                            12,                       4,                       0.001325
16,                            12,                       4,                       0.001082
16,                            12,                       4,                       0.00104
16,                            12,                       4,                       0.001113
16,                            12,                       4,                       0.001083
16,                            12,                       4,                       0.001086
16,                            12,                       4,                       0.001139
16,                            12,                       4,                       0.001149
16,                            12,                       4,                       0.001093
16,                            12,                       4,                       0.001068
16,                            12,                       4,                       0.001095
16,                            12,                       4,                       0.00107
16,                            12,                       4,                       0.00107
16,                            12,                       4,                       0.001042
16,                            12,                       4,                       0.001076
16,                            12,                       4,                       0.001069
16,                            12,                       4,                       0.001077
16,                            12,                       4,                       0.001066
16,                            12,                       4,                       0.00108
16,                            12,                       4,                       0.001166
16,                            12,                       4,                       0.001154
16,                            12,                       4,                       0.001033
16,                            12,                       4,                       0.001082
16,                            12,                       4,                       0.001045
16,                            12,                       4,                       0.001053
16,                            12,                       4,                       0.001063
16,                            12,                       4,                       0.001158
16,                            12,                       4,                       0.001093
16,                            12,                       4,                       0.001208
16,                            12,                       4,                       0.001033
16,                            12,                       4,                       0.001026
16,                            12,                       4,                       0.001083
16,                            12,                       4,                       0.001092
16,                            12,                       4,                       0.001428
16,                            12,                       4,                       0.001063
16,                            12,                       4,                       0.001237
16,                            12,                       4,                       0.001037
16,                            12,                       4,                       0.001079
16,                            12,                       4,                       0.00113
16,                            12,                       4,                       0.001129
16,                            12,                       4,                       0.00118
16,                            12,                       4,                       0.001062
16,                            12,                       4,                       0.001089
16,                            12,                       4,                       0.001115
16,                            12,                       4,                       0.001267
16,                            12,                       4,                       0.001428
16,                            12,                       4,                       0.001065
16,                            12,                       4,                       0.001108
16,                            12,                       4,                       0.00118
16,                            12,                       4,                       0.001064
16,                            12,                       4,                       0.001053
16,                            12,                       4,                       0.001113
16,                            12,                       4,                       0.001079
16,                            12,                       4,                       0.001074
16,                            12,                       4,                       0.001042
16,                            12,                       4,                       0.001059
16,                            12,                       4,                       0.001073
16,                            12,                       4,                       0.001105
16,                            12,                       4,                       0.001667
16,                            12,                       4,                       0.00108
16,                            12,                       4,                       0.001053
16,                            12,                       4,                       0.001112
16,                            12,                       4,                       0.001067
16,                            12,                       4,                       0.001064
16,                            12,                       4,                       0.001111
16,                            12,                       4,                       0.001081
16,                            12,                       4,                       0.00104
16,                            12,                       4,                       0.001163
16,                            12,                       4,                       0.00147
16,                            12,                       4,                       0.002545
16,                            12,                       4,                       0.001243
16,                            12,                       4,                       0.001117
16,                            12,                       4,                       0.001315
16,                            12,                       4,                       0.001071
16,                            12,                       4,                       0.001207
16,                            12,                       4,                       0.001091
16,                            12,                       4,                       0.001122
16,                            12,                       4,                       0.001243
16,                            12,                       4,                       0.001102
16,                            12,                       4,                       0.001113
16,                            12,                       4,                       0.00098
16,                            12,                       4,                       0.001096
16,                            12,                       4,                       0.00107
16,                            12,                       4,                       0.001034
16,                            12,                       4,                       0.001099
16,                            12,                       4,                       0.001087
16,                            12,                       4,                       0.001038
16,                            12,                       4,                       0.001528
16,                            12,                       4,                       0.001042
16,                            12,                       4,                       0.001063
16,                            12,                       4,                       0.001083
16,                            12,                       4,                       0.001064
16,                            12,                       4,                       0.001057
16,                            12,                       4,                       0.001078
16,                            12,                       4,                       0.001042
16,                            12,                       4,                       0.001091
16,                            12,                       4,                       0.00108
16,                            12,                       4,                       0.001137
16,                            12,                       4,                       0.001046
16,                            12,                       4,                       0.001112
16,                            12,                       4,                       0.001089
16,                            12,                       4,                       0.001095
16,                            12,                       4,                       0.001125
16,                            13,                       3,                       0.00112
16,                            12,                       4,                       0.001123
16,                            12,                       4,                       0.001071
16,                            12,                       4,                       0.001109
16,                            12,                       4,                       0.001045
16,                            12,                       4,                       0.001056
16,                            12,                       4,                       0.001084
16,                            12,                       4,                       0.001053
16,                            12,                       4,                       0.001108
16,                            12,                       4,                       0.001065
16,                            12,                       4,                       0.001226
16,                            12,                       4,                       0.00113
16,                            12,                       4,                       0.001227
16,                            12,                       4,                       0.001043
16,                            12,                       4,                       0.001131
16,                            12,                       4,                       0.001062
16,                            12,                       4,                       0.001065
16,                            12,                       4,                       0.001074
16,                            12,                       4,                       0.001056
16,                            12,                       4,                       0.001064
16,                            12,                       4,                       0.001126
16,                            12,                       4,                       0.001064
16,                            12,                       4,                       0.001133
16,                            12,                       4,                       0.001122
16,                            12,                       4,                       0.001084
16,                            12,                       4,                       0.00109
16,                            12,                       4,                       0.001063
16,                            12,                       4,                       0.001095
16,                            12,                       4,                       0.001062
16,                            12,                       4,                       0.001062
16,                            12,                       4,                       0.001075
16,                            12,                       4,                       0.001059
16,                            12,                       4,                       0.001095
