COMMENT : The search result by Simulated-Annealing for Cauchy_Good Fri Jan 26 18:35:53 2018

tech : Cauchy_Good
algorithm : Simulated-Annealing
k : 7
m : 5
w : 8
failed_disk_id : 0
conventional_symbol_number    optimized_symbol_number    reduced_symbol_number    time
56,                            43,                       13,                       0.205303
56,                            43,                       13,                       0.194301
56,                            44,                       12,                       0.185057
56,                            43,                       13,                       0.195281
56,                            43,                       13,                       0.190918
56,                            45,                       11,                       0.190363
56,                            44,                       12,                       0.190234
56,                            44,                       12,                       0.184246
56,                            44,                       12,                       0.179167
56,                            44,                       12,                       0.190457
56,                            43,                       13,                       0.195085
56,                            43,                       13,                       0.194011
56,                            43,                       13,                       0.193755
56,                            43,                       13,                       0.198144
56,                            46,                       10,                       0.240175
56,                            43,                       13,                       0.207535
56,                            43,                       13,                       0.192372
56,                            43,                       13,                       0.199364
56,                            43,                       13,                       0.194193
56,                            43,                       13,                       0.196508
56,                            43,                       13,                       0.19944
56,                            45,                       11,                       0.1935
56,                            44,                       12,                       0.174118
56,                            43,                       13,                       0.185566
56,                            43,                       13,                       0.186333
56,                            43,                       13,                       0.180884
56,                            43,                       13,                       0.185928
56,                            43,                       13,                       0.187545
56,                            44,                       12,                       0.172401
56,                            43,                       13,                       0.185087
56,                            43,                       13,                       0.190178
56,                            44,                       12,                       0.174634
56,                            43,                       13,                       0.184193
56,                            43,                       13,                       0.187592
56,                            45,                       11,                       0.187594
56,                            44,                       12,                       0.169586
56,                            43,                       13,                       0.183167
56,                            43,                       13,                       0.187194
56,                            43,                       13,                       0.181916
56,                            43,                       13,                       0.186614
56,                            43,                       13,                       0.181744
56,                            44,                       12,                       0.174015
56,                            44,                       12,                       0.194674
56,                            43,                       13,                       0.184419
56,                            45,                       11,                       0.230971
56,                            43,                       13,                       0.190532
56,                            43,                       13,                       0.183914
56,                            46,                       10,                       0.213413
56,                            43,                       13,                       0.180905
56,                            43,                       13,                       0.182227
56,                            43,                       13,                       0.181583
56,                            44,                       12,                       0.196426
56,                            47,                       9,                       0.201333
56,                            45,                       11,                       0.177349
56,                            43,                       13,                       0.185022
56,                            43,                       13,                       0.185005
56,                            43,                       13,                       0.187007
56,                            43,                       13,                       0.186844
56,                            43,                       13,                       0.181019
56,                            43,                       13,                       0.188923
56,                            43,                       13,                       0.18341
56,                            43,                       13,                       0.186751
56,                            43,                       13,                       0.188386
56,                            43,                       13,                       0.186833
56,                            44,                       12,                       0.197955
56,                            43,                       13,                       0.190551
56,                            43,                       13,                       0.182215
56,                            43,                       13,                       0.1826
56,                            44,                       12,                       0.194321
56,                            46,                       10,                       0.1802
56,                            44,                       12,                       0.19154
56,                            44,                       12,                       0.182538
56,                            45,                       11,                       0.178053
56,                            43,                       13,                       0.187354
56,                            43,                       13,                       0.183743
56,                            43,                       13,                       0.183895
56,                            46,                       10,                       0.188377
56,                            45,                       11,                       0.199321
56,                            43,                       13,                       0.200872
56,                            43,                       13,                       0.203723
56,                            43,                       13,                       0.190147
56,                            44,                       12,                       0.183166
56,                            43,                       13,                       0.19119
56,                            44,                       12,                       0.180966
56,                            44,                       12,                       0.196258
56,                            45,                       11,                       0.186271
56,                            44,                       12,                       0.175576
56,                            45,                       11,                       0.250984
56,                            44,                       12,                       0.193851
56,                            43,                       13,                       0.186827
56,                            43,                       13,                       0.188749
56,                            46,                       10,                       0.180722
56,                            44,                       12,                       0.183477
56,                            44,                       12,                       0.173541
56,                            45,                       11,                       0.193997
56,                            43,                       13,                       0.182012
56,                            43,                       13,                       0.193264
56,                            43,                       13,                       0.18672
56,                            44,                       12,                       0.185324
56,                            43,                       13,                       0.184764
56,                            43,                       13,                       0.194467
56,                            43,                       13,                       0.183256
56,                            44,                       12,                       0.183869
56,                            44,                       12,                       0.188331
56,                            44,                       12,                       0.181263
56,                            45,                       11,                       0.186272
56,                            44,                       12,                       0.180196
56,                            43,                       13,                       0.188297
56,                            46,                       10,                       0.177178
56,                            44,                       12,                       0.181527
56,                            43,                       13,                       0.188342
56,                            45,                       11,                       0.189952
56,                            43,                       13,                       0.18937
56,                            43,                       13,                       0.187789
56,                            43,                       13,                       0.188519
56,                            43,                       13,                       0.183241
56,                            43,                       13,                       0.189254
56,                            43,                       13,                       0.189183
56,                            43,                       13,                       0.186553
56,                            45,                       11,                       0.199766
56,                            43,                       13,                       0.18688
56,                            43,                       13,                       0.184628
56,                            44,                       12,                       0.183931
56,                            43,                       13,                       0.186472
56,                            44,                       12,                       0.195065
56,                            43,                       13,                       0.191258
56,                            43,                       13,                       0.188432
56,                            45,                       11,                       0.209771
56,                            43,                       13,                       0.196731
56,                            43,                       13,                       0.186013
56,                            46,                       10,                       0.186666
56,                            45,                       11,                       0.185291
56,                            44,                       12,                       0.181227
56,                            43,                       13,                       0.189539
56,                            43,                       13,                       0.186898
56,                            43,                       13,                       0.181783
56,                            43,                       13,                       0.18699
56,                            44,                       12,                       0.196517
56,                            43,                       13,                       0.185483
56,                            43,                       13,                       0.186204
56,                            43,                       13,                       0.184945
56,                            43,                       13,                       0.186185
56,                            44,                       12,                       0.194132
56,                            45,                       11,                       0.205609
56,                            43,                       13,                       0.197068
56,                            43,                       13,                       0.187492
56,                            45,                       11,                       0.199676
56,                            43,                       13,                       0.186342
56,                            44,                       12,                       0.198537
56,                            44,                       12,                       0.175037
56,                            44,                       12,                       0.1852
56,                            43,                       13,                       0.194533
56,                            44,                       12,                       0.18296
56,                            43,                       13,                       0.185685
56,                            43,                       13,                       0.191017
56,                            44,                       12,                       0.180265
56,                            43,                       13,                       0.185169
56,                            43,                       13,                       0.186529
56,                            43,                       13,                       0.186469
56,                            43,                       13,                       0.189201
56,                            46,                       10,                       0.179426
56,                            43,                       13,                       0.189223
56,                            45,                       11,                       0.191869
56,                            43,                       13,                       0.190197
56,                            45,                       11,                       0.186179
56,                            45,                       11,                       0.194367
56,                            45,                       11,                       0.177935
56,                            44,                       12,                       0.189481
56,                            44,                       12,                       0.190775
56,                            43,                       13,                       0.187593
56,                            44,                       12,                       0.175753
56,                            43,                       13,                       0.187253
56,                            43,                       13,                       0.185174
56,                            43,                       13,                       0.187852
56,                            43,                       13,                       0.183426
56,                            44,                       12,                       0.182168
56,                            44,                       12,                       0.184968
56,                            44,                       12,                       0.193391
56,                            45,                       11,                       0.188773
56,                            44,                       12,                       0.185481
56,                            43,                       13,                       0.187677
56,                            43,                       13,                       0.192931
56,                            43,                       13,                       0.187148
56,                            43,                       13,                       0.183301
56,                            43,                       13,                       0.190496
56,                            43,                       13,                       0.189946
56,                            43,                       13,                       0.192928
56,                            43,                       13,                       0.189201
56,                            43,                       13,                       0.191871
56,                            43,                       13,                       0.187402
56,                            43,                       13,                       0.188808
56,                            45,                       11,                       0.244001
56,                            45,                       11,                       0.198343
56,                            43,                       13,                       0.1856
56,                            43,                       13,                       0.188542
56,                            44,                       12,                       0.179719
56,                            43,                       13,                       0.186941
56,                            43,                       13,                       0.189807
56,                            43,                       13,                       0.187039
56,                            43,                       13,                       0.192267
56,                            44,                       12,                       0.177157
56,                            45,                       11,                       0.18898
56,                            43,                       13,                       0.189811
56,                            45,                       11,                       0.187973
56,                            46,                       10,                       0.186834
56,                            43,                       13,                       0.183553
56,                            43,                       13,                       0.186544
56,                            43,                       13,                       0.188603
56,                            43,                       13,                       0.185926
56,                            43,                       13,                       0.190815
56,                            43,                       13,                       0.186056
56,                            44,                       12,                       0.192669
56,                            43,                       13,                       0.188338
56,                            45,                       11,                       0.180698
56,                            44,                       12,                       0.190102
56,                            43,                       13,                       0.185119
56,                            46,                       10,                       0.181028
56,                            45,                       11,                       0.190259
56,                            43,                       13,                       0.184526
56,                            44,                       12,                       0.195981
56,                            43,                       13,                       0.185631
56,                            43,                       13,                       0.187997
56,                            43,                       13,                       0.199938
56,                            43,                       13,                       0.190218
56,                            46,                       10,                       0.176802
56,                            46,                       10,                       0.178022
56,                            44,                       12,                       0.17476
56,                            44,                       12,                       0.186732
56,                            43,                       13,                       0.189099
56,                            43,                       13,                       0.186552
56,                            43,                       13,                       0.189891
56,                            43,                       13,                       0.185665
56,                            43,                       13,                       0.187996
56,                            43,                       13,                       0.184293
56,                            43,                       13,                       0.187268
56,                            43,                       13,                       0.193532
56,                            43,                       13,                       0.188062
56,                            44,                       12,                       0.198111
56,                            43,                       13,                       0.184679
56,                            44,                       12,                       0.176732
56,                            44,                       12,                       0.187706
56,                            43,                       13,                       0.186732
56,                            43,                       13,                       0.183576
56,                            45,                       11,                       0.191438
56,                            43,                       13,                       0.186919
56,                            44,                       12,                       0.182368
56,                            43,                       13,                       0.18665
56,                            45,                       11,                       0.183979
56,                            45,                       11,                       0.183224
56,                            44,                       12,                       0.179995
56,                            44,                       12,                       0.193806
56,                            44,                       12,                       0.186293
56,                            43,                       13,                       0.187249
56,                            43,                       13,                       0.191264
56,                            44,                       12,                       0.198367
56,                            46,                       10,                       0.206989
56,                            43,                       13,                       0.186811
56,                            43,                       13,                       0.190025
56,                            43,                       13,                       0.187435
56,                            44,                       12,                       0.194354
56,                            44,                       12,                       0.184195
56,                            43,                       13,                       0.184463
56,                            43,                       13,                       0.186284
56,                            43,                       13,                       0.189904
56,                            43,                       13,                       0.185619
56,                            44,                       12,                       0.1907
56,                            43,                       13,                       0.184699
56,                            43,                       13,                       0.185638
56,                            44,                       12,                       0.180285
56,                            45,                       11,                       0.194643
56,                            43,                       13,                       0.184988
56,                            45,                       11,                       0.178754
56,                            43,                       13,                       0.185602
56,                            45,                       11,                       0.186655
56,                            43,                       13,                       0.187556
56,                            43,                       13,                       0.183989
56,                            43,                       13,                       0.186279
56,                            43,                       13,                       0.187409
56,                            43,                       13,                       0.188052
56,                            44,                       12,                       0.179724
56,                            43,                       13,                       0.186543
56,                            44,                       12,                       0.182999
56,                            45,                       11,                       0.183279
56,                            43,                       13,                       0.187851
56,                            43,                       13,                       0.186117
56,                            45,                       11,                       0.186379
56,                            44,                       12,                       0.182617
56,                            43,                       13,                       0.186686
56,                            43,                       13,                       0.184986
56,                            43,                       13,                       0.190271
56,                            43,                       13,                       0.182944
56,                            44,                       12,                       0.177836
56,                            45,                       11,                       0.192869
56,                            44,                       12,                       0.175119
56,                            43,                       13,                       0.184526
56,                            44,                       12,                       0.194481
56,                            43,                       13,                       0.186985
56,                            43,                       13,                       0.187637
56,                            43,                       13,                       0.185532
56,                            45,                       11,                       0.181834
