COMMENT : The search result by Simulated-Annealing for Cauchy_Good Fri Jan 26 18:35:58 2018

tech : Cauchy_Good
algorithm : Simulated-Annealing
k : 8
m : 7
w : 8
failed_disk_id : 0
conventional_symbol_number    optimized_symbol_number    reduced_symbol_number    time
64,                            54,                       10,                       0.381168
64,                            53,                       11,                       0.333316
64,                            51,                       13,                       0.345452
64,                            52,                       12,                       0.338784
64,                            51,                       13,                       0.35541
64,                            53,                       11,                       0.302581
64,                            52,                       12,                       0.310664
64,                            52,                       12,                       0.311527
64,                            51,                       13,                       0.350464
64,                            53,                       11,                       0.3944
64,                            51,                       13,                       0.320362
64,                            51,                       13,                       0.348263
64,                            51,                       13,                       0.343697
64,                            51,                       13,                       0.319985
64,                            52,                       12,                       0.323244
64,                            51,                       13,                       0.352222
64,                            52,                       12,                       0.319348
64,                            53,                       11,                       0.303271
64,                            52,                       12,                       0.458044
64,                            52,                       12,                       0.306984
64,                            51,                       13,                       0.327339
64,                            52,                       12,                       0.304771
64,                            52,                       12,                       0.313064
64,                            52,                       12,                       0.319814
64,                            53,                       11,                       0.315729
64,                            53,                       11,                       0.291317
64,                            52,                       12,                       0.371645
64,                            51,                       13,                       0.373741
64,                            53,                       11,                       0.297487
64,                            51,                       13,                       0.325209
64,                            51,                       13,                       0.330443
64,                            53,                       11,                       0.297745
64,                            53,                       11,                       0.286128
64,                            54,                       10,                       0.341403
64,                            51,                       13,                       0.339743
64,                            52,                       12,                       0.294928
64,                            52,                       12,                       0.289673
64,                            52,                       12,                       0.312419
64,                            52,                       12,                       0.301464
64,                            52,                       12,                       0.33487
64,                            52,                       12,                       0.300199
64,                            51,                       13,                       0.372335
64,                            53,                       11,                       0.285161
64,                            52,                       12,                       0.30319
64,                            52,                       12,                       0.42341
64,                            52,                       12,                       0.311672
64,                            51,                       13,                       0.377777
64,                            52,                       12,                       0.291681
64,                            52,                       12,                       0.289997
64,                            51,                       13,                       0.331021
64,                            51,                       13,                       0.327129
64,                            52,                       12,                       0.306965
64,                            52,                       12,                       0.296131
64,                            51,                       13,                       0.375918
64,                            51,                       13,                       0.341418
64,                            51,                       13,                       0.331042
64,                            52,                       12,                       0.306975
64,                            51,                       13,                       0.327908
64,                            51,                       13,                       0.376251
64,                            53,                       11,                       0.29529
64,                            54,                       10,                       0.334571
64,                            54,                       10,                       0.34722
64,                            51,                       13,                       0.375702
64,                            51,                       13,                       0.330781
64,                            51,                       13,                       0.342331
64,                            52,                       12,                       0.296561
64,                            51,                       13,                       0.380466
64,                            51,                       13,                       0.371649
64,                            54,                       10,                       0.307928
64,                            52,                       12,                       0.295847
64,                            52,                       12,                       0.303651
64,                            52,                       12,                       0.303169
64,                            51,                       13,                       0.307511
64,                            53,                       11,                       0.296906
64,                            52,                       12,                       0.290804
64,                            52,                       12,                       0.324241
64,                            51,                       13,                       0.329328
64,                            52,                       12,                       0.30714
64,                            51,                       13,                       0.332865
64,                            52,                       12,                       0.385329
64,                            52,                       12,                       0.321836
64,                            53,                       11,                       0.295246
64,                            51,                       13,                       0.373632
64,                            51,                       13,                       0.332629
64,                            51,                       13,                       0.318727
64,                            53,                       11,                       0.317921
64,                            51,                       13,                       0.332402
64,                            52,                       12,                       0.327672
64,                            52,                       12,                       0.307302
64,                            52,                       12,                       0.297639
64,                            53,                       11,                       0.324108
64,                            51,                       13,                       0.382119
64,                            51,                       13,                       0.341406
64,                            51,                       13,                       0.38529
64,                            51,                       13,                       0.334798
64,                            51,                       13,                       0.333714
64,                            54,                       10,                       0.313644
64,                            51,                       13,                       0.38402
64,                            52,                       12,                       0.377241
64,                            51,                       13,                       0.385784
64,                            52,                       12,                       0.305481
64,                            51,                       13,                       0.344887
64,                            53,                       11,                       0.301571
64,                            53,                       11,                       0.369844
64,                            51,                       13,                       0.329516
64,                            52,                       12,                       0.297816
64,                            52,                       12,                       0.296541
64,                            52,                       12,                       0.310575
64,                            52,                       12,                       0.348693
64,                            51,                       13,                       0.334114
64,                            51,                       13,                       0.349856
64,                            52,                       12,                       0.315765
64,                            53,                       11,                       0.31209
64,                            51,                       13,                       0.332932
64,                            51,                       13,                       0.386158
64,                            52,                       12,                       0.317413
64,                            53,                       11,                       0.42575
64,                            52,                       12,                       0.300182
64,                            52,                       12,                       0.425541
64,                            52,                       12,                       0.307543
64,                            53,                       11,                       0.302546
64,                            52,                       12,                       0.30031
64,                            52,                       12,                       0.330743
64,                            52,                       12,                       0.312803
64,                            54,                       10,                       0.362767
64,                            51,                       13,                       0.34343
64,                            52,                       12,                       0.290675
64,                            52,                       12,                       0.313342
64,                            52,                       12,                       0.303059
64,                            52,                       12,                       0.298215
64,                            53,                       11,                       0.359068
64,                            52,                       12,                       0.344144
64,                            53,                       11,                       0.356998
64,                            53,                       11,                       0.315911
64,                            51,                       13,                       0.384729
64,                            51,                       13,                       0.33145
64,                            52,                       12,                       0.317712
64,                            52,                       12,                       0.2978
64,                            51,                       13,                       0.330822
64,                            53,                       11,                       0.299319
64,                            51,                       13,                       0.331738
64,                            52,                       12,                       0.347543
64,                            53,                       11,                       0.304874
64,                            52,                       12,                       0.300289
64,                            52,                       12,                       0.293132
64,                            51,                       13,                       0.318458
64,                            52,                       12,                       0.302914
64,                            51,                       13,                       0.326758
64,                            52,                       12,                       0.316505
64,                            51,                       13,                       0.335673
64,                            52,                       12,                       0.341721
64,                            52,                       12,                       0.317702
64,                            53,                       11,                       0.318912
64,                            52,                       12,                       0.293256
64,                            51,                       13,                       0.327027
64,                            51,                       13,                       0.330034
64,                            52,                       12,                       0.293366
64,                            52,                       12,                       0.31623
64,                            51,                       13,                       0.327203
64,                            51,                       13,                       0.332109
64,                            51,                       13,                       0.334729
64,                            52,                       12,                       0.297525
64,                            52,                       12,                       0.291471
64,                            52,                       12,                       0.332602
64,                            52,                       12,                       0.300134
64,                            51,                       13,                       0.332661
64,                            52,                       12,                       0.295556
64,                            52,                       12,                       0.393537
64,                            52,                       12,                       0.320867
64,                            53,                       11,                       0.305472
64,                            52,                       12,                       0.293957
64,                            53,                       11,                       0.309731
64,                            51,                       13,                       0.364667
64,                            51,                       13,                       0.339974
64,                            52,                       12,                       0.299011
64,                            52,                       12,                       0.323034
64,                            52,                       12,                       0.294784
64,                            52,                       12,                       0.29933
64,                            51,                       13,                       0.332298
64,                            51,                       13,                       0.343356
64,                            52,                       12,                       0.299547
64,                            52,                       12,                       0.333049
64,                            51,                       13,                       0.33443
64,                            53,                       11,                       0.295862
64,                            52,                       12,                       0.293702
64,                            53,                       11,                       0.305849
64,                            52,                       12,                       0.369145
64,                            51,                       13,                       0.354144
64,                            51,                       13,                       0.334262
64,                            52,                       12,                       0.310388
64,                            51,                       13,                       0.337869
64,                            52,                       12,                       0.324129
64,                            51,                       13,                       0.370651
64,                            52,                       12,                       0.291432
64,                            51,                       13,                       0.330117
64,                            53,                       11,                       0.358775
64,                            52,                       12,                       0.316142
64,                            51,                       13,                       0.345558
64,                            51,                       13,                       0.344494
64,                            51,                       13,                       0.31253
64,                            51,                       13,                       0.333737
64,                            52,                       12,                       0.293006
64,                            51,                       13,                       0.381552
64,                            53,                       11,                       0.325525
64,                            53,                       11,                       0.299353
64,                            52,                       12,                       0.298238
64,                            51,                       13,                       0.329616
64,                            53,                       11,                       0.300704
64,                            52,                       12,                       0.326483
64,                            52,                       12,                       0.333318
64,                            51,                       13,                       0.33441
64,                            52,                       12,                       0.323002
64,                            52,                       12,                       0.299326
64,                            52,                       12,                       0.331726
64,                            51,                       13,                       0.306951
64,                            53,                       11,                       0.315375
64,                            52,                       12,                       0.321784
64,                            53,                       11,                       0.304183
64,                            52,                       12,                       0.294669
64,                            52,                       12,                       0.323155
64,                            52,                       12,                       0.322875
64,                            52,                       12,                       0.29061
64,                            52,                       12,                       0.30359
64,                            51,                       13,                       0.343972
64,                            52,                       12,                       0.31382
64,                            54,                       10,                       0.315538
64,                            52,                       12,                       0.293274
64,                            53,                       11,                       0.295131
64,                            51,                       13,                       0.32698
64,                            52,                       12,                       0.319004
64,                            51,                       13,                       0.324646
64,                            52,                       12,                       0.294695
64,                            52,                       12,                       0.295836
64,                            53,                       11,                       0.359983
64,                            53,                       11,                       0.302072
64,                            52,                       12,                       0.315112
64,                            53,                       11,                       0.301578
64,                            51,                       13,                       0.333106
64,                            52,                       12,                       0.352138
64,                            52,                       12,                       0.324537
64,                            52,                       12,                       0.29459
64,                            53,                       11,                       0.329029
64,                            51,                       13,                       0.32984
64,                            52,                       12,                       0.290484
64,                            54,                       10,                       0.358486
64,                            52,                       12,                       0.296523
64,                            52,                       12,                       0.310635
64,                            51,                       13,                       0.319991
64,                            52,                       12,                       0.425147
64,                            53,                       11,                       0.313697
64,                            51,                       13,                       0.36492
64,                            52,                       12,                       0.295549
64,                            53,                       11,                       0.316501
64,                            51,                       13,                       0.332775
64,                            52,                       12,                       0.332588
64,                            52,                       12,                       0.309108
64,                            51,                       13,                       0.329424
64,                            53,                       11,                       0.318462
64,                            52,                       12,                       0.292873
64,                            51,                       13,                       0.32942
64,                            51,                       13,                       0.33881
64,                            52,                       12,                       0.312021
64,                            52,                       12,                       0.330298
64,                            51,                       13,                       0.332247
64,                            53,                       11,                       0.307191
64,                            52,                       12,                       0.302653
64,                            51,                       13,                       0.377718
64,                            52,                       12,                       0.294335
64,                            51,                       13,                       0.335632
64,                            52,                       12,                       0.320513
64,                            53,                       11,                       0.303433
64,                            52,                       12,                       0.29108
64,                            51,                       13,                       0.333388
64,                            53,                       11,                       0.326341
64,                            51,                       13,                       0.328037
64,                            52,                       12,                       0.367461
64,                            52,                       12,                       0.301263
64,                            52,                       12,                       0.299922
64,                            52,                       12,                       0.307138
64,                            51,                       13,                       0.337289
64,                            53,                       11,                       0.319687
64,                            52,                       12,                       0.316775
64,                            51,                       13,                       0.324797
64,                            52,                       12,                       0.315975
64,                            53,                       11,                       0.309373
64,                            51,                       13,                       0.333919
64,                            51,                       13,                       0.332913
64,                            52,                       12,                       0.331176
64,                            51,                       13,                       0.345498
64,                            52,                       12,                       0.319176
64,                            52,                       12,                       0.328126
64,                            51,                       13,                       0.329457
64,                            53,                       11,                       0.314319
64,                            53,                       11,                       0.284958
64,                            52,                       12,                       0.292157
64,                            52,                       12,                       0.29389
64,                            52,                       12,                       0.319928
64,                            51,                       13,                       0.340528
64,                            52,                       12,                       0.374971
64,                            52,                       12,                       0.377741
