COMMENT : The search result by Simulated-Annealing for Cauchy_Good Fri Jan 26 18:35:51 2018

tech : Cauchy_Good
algorithm : Simulated-Annealing
k : 6
m : 6
w : 8
failed_disk_id : 0
conventional_symbol_number    optimized_symbol_number    reduced_symbol_number    time
48,                            40,                       8,                       0.183843
48,                            39,                       9,                       0.176043
48,                            40,                       8,                       0.169474
48,                            39,                       9,                       0.182932
48,                            39,                       9,                       0.189517
48,                            40,                       8,                       0.228801
48,                            38,                       10,                       0.18212
48,                            39,                       9,                       0.221224
48,                            39,                       9,                       0.185825
48,                            38,                       10,                       0.178734
48,                            39,                       9,                       0.179724
48,                            40,                       8,                       0.194027
48,                            39,                       9,                       0.18555
48,                            39,                       9,                       0.185953
48,                            39,                       9,                       0.192112
48,                            39,                       9,                       0.189616
48,                            40,                       8,                       0.191415
48,                            40,                       8,                       0.179117
48,                            40,                       8,                       0.180975
48,                            39,                       9,                       0.192936
48,                            39,                       9,                       0.180044
48,                            39,                       9,                       0.180104
48,                            40,                       8,                       0.174764
48,                            39,                       9,                       0.171313
48,                            39,                       9,                       0.174047
48,                            39,                       9,                       0.175372
48,                            38,                       10,                       0.168375
48,                            39,                       9,                       0.173412
48,                            38,                       10,                       0.173014
48,                            38,                       10,                       0.171876
48,                            39,                       9,                       0.189346
48,                            39,                       9,                       0.173697
48,                            40,                       8,                       0.178181
48,                            40,                       8,                       0.181179
48,                            39,                       9,                       0.173669
48,                            39,                       9,                       0.179938
48,                            40,                       8,                       0.169487
48,                            39,                       9,                       0.172306
48,                            38,                       10,                       0.169429
48,                            40,                       8,                       0.191614
48,                            38,                       10,                       0.170941
48,                            40,                       8,                       0.168342
48,                            39,                       9,                       0.183581
48,                            40,                       8,                       0.170591
48,                            38,                       10,                       0.172523
48,                            40,                       8,                       0.170893
48,                            39,                       9,                       0.174832
48,                            39,                       9,                       0.175708
48,                            40,                       8,                       0.175683
48,                            38,                       10,                       0.168518
48,                            38,                       10,                       0.170622
48,                            40,                       8,                       0.211277
48,                            40,                       8,                       0.178569
48,                            39,                       9,                       0.179128
48,                            39,                       9,                       0.179583
48,                            39,                       9,                       0.180743
48,                            39,                       9,                       0.172143
48,                            39,                       9,                       0.180713
48,                            40,                       8,                       0.177174
48,                            39,                       9,                       0.168417
48,                            40,                       8,                       0.169284
48,                            38,                       10,                       0.17064
48,                            39,                       9,                       0.179412
48,                            39,                       9,                       0.172633
48,                            39,                       9,                       0.182682
48,                            40,                       8,                       0.176976
48,                            39,                       9,                       0.181165
48,                            39,                       9,                       0.172839
48,                            38,                       10,                       0.168425
48,                            39,                       9,                       0.173172
48,                            39,                       9,                       0.177347
48,                            40,                       8,                       0.173355
48,                            39,                       9,                       0.175511
48,                            40,                       8,                       0.174464
48,                            39,                       9,                       0.171649
48,                            39,                       9,                       0.170408
48,                            39,                       9,                       0.18077
48,                            38,                       10,                       0.170491
48,                            39,                       9,                       0.194821
48,                            39,                       9,                       0.208401
48,                            38,                       10,                       0.169417
48,                            39,                       9,                       0.173896
48,                            39,                       9,                       0.186011
48,                            40,                       8,                       0.185465
48,                            40,                       8,                       0.171699
48,                            38,                       10,                       0.174433
48,                            39,                       9,                       0.183242
48,                            39,                       9,                       0.174666
48,                            39,                       9,                       0.17101
48,                            40,                       8,                       0.186954
48,                            38,                       10,                       0.174069
48,                            40,                       8,                       0.22579
48,                            39,                       9,                       0.178155
48,                            40,                       8,                       0.175528
48,                            39,                       9,                       0.179938
48,                            39,                       9,                       0.174889
48,                            40,                       8,                       0.172077
48,                            40,                       8,                       0.176722
48,                            40,                       8,                       0.173974
48,                            39,                       9,                       0.174941
48,                            41,                       7,                       0.188893
48,                            38,                       10,                       0.175345
48,                            38,                       10,                       0.174845
48,                            39,                       9,                       0.178682
48,                            40,                       8,                       0.197742
48,                            40,                       8,                       0.172763
48,                            39,                       9,                       0.182827
48,                            39,                       9,                       0.17764
48,                            39,                       9,                       0.175023
48,                            39,                       9,                       0.179884
48,                            39,                       9,                       0.175416
48,                            38,                       10,                       0.173303
48,                            38,                       10,                       0.169784
48,                            39,                       9,                       0.174887
48,                            39,                       9,                       0.178644
48,                            39,                       9,                       0.17573
48,                            39,                       9,                       0.180065
48,                            40,                       8,                       0.1829
48,                            39,                       9,                       0.181202
48,                            39,                       9,                       0.177295
48,                            39,                       9,                       0.182261
48,                            39,                       9,                       0.172752
48,                            39,                       9,                       0.177394
48,                            39,                       9,                       0.17562
48,                            39,                       9,                       0.17714
48,                            38,                       10,                       0.176152
48,                            39,                       9,                       0.187996
48,                            39,                       9,                       0.17292
48,                            40,                       8,                       0.179556
48,                            39,                       9,                       0.197918
48,                            39,                       9,                       0.17957
48,                            38,                       10,                       0.170518
48,                            40,                       8,                       0.203905
48,                            38,                       10,                       0.176142
48,                            38,                       10,                       0.176419
48,                            40,                       8,                       0.175626
48,                            38,                       10,                       0.17151
48,                            38,                       10,                       0.171508
48,                            40,                       8,                       0.172088
48,                            39,                       9,                       0.188655
48,                            39,                       9,                       0.181332
48,                            40,                       8,                       0.18537
48,                            39,                       9,                       0.176499
48,                            39,                       9,                       0.1816
48,                            38,                       10,                       0.173515
48,                            40,                       8,                       0.166264
48,                            39,                       9,                       0.175006
48,                            39,                       9,                       0.205607
48,                            38,                       10,                       0.172923
48,                            39,                       9,                       0.169753
48,                            39,                       9,                       0.181629
48,                            39,                       9,                       0.1738
48,                            39,                       9,                       0.184035
48,                            40,                       8,                       0.176836
48,                            39,                       9,                       0.171815
48,                            39,                       9,                       0.173818
48,                            40,                       8,                       0.175807
48,                            40,                       8,                       0.182767
48,                            39,                       9,                       0.173861
48,                            39,                       9,                       0.190062
48,                            39,                       9,                       0.18119
48,                            40,                       8,                       0.17317
48,                            39,                       9,                       0.181092
48,                            39,                       9,                       0.181108
48,                            39,                       9,                       0.177897
48,                            39,                       9,                       0.204045
48,                            39,                       9,                       0.186179
48,                            40,                       8,                       0.171453
48,                            39,                       9,                       0.174244
48,                            39,                       9,                       0.173019
48,                            39,                       9,                       0.173813
48,                            39,                       9,                       0.188479
48,                            39,                       9,                       0.178726
48,                            40,                       8,                       0.174355
48,                            40,                       8,                       0.172953
48,                            38,                       10,                       0.174134
48,                            39,                       9,                       0.172685
48,                            40,                       8,                       0.182669
48,                            39,                       9,                       0.177471
48,                            40,                       8,                       0.172768
48,                            38,                       10,                       0.173861
48,                            38,                       10,                       0.169911
48,                            38,                       10,                       0.17365
48,                            40,                       8,                       0.167246
48,                            38,                       10,                       0.173841
48,                            39,                       9,                       0.183635
48,                            38,                       10,                       0.16963
48,                            39,                       9,                       0.175148
48,                            40,                       8,                       0.176484
48,                            39,                       9,                       0.184393
48,                            39,                       9,                       0.17904
48,                            39,                       9,                       0.175236
48,                            39,                       9,                       0.181058
48,                            39,                       9,                       0.177565
48,                            39,                       9,                       0.182304
48,                            39,                       9,                       0.176831
48,                            39,                       9,                       0.178798
48,                            39,                       9,                       0.180665
48,                            38,                       10,                       0.172579
48,                            39,                       9,                       0.175848
48,                            39,                       9,                       0.18287
48,                            39,                       9,                       0.179165
48,                            40,                       8,                       0.166257
48,                            40,                       8,                       0.180087
48,                            39,                       9,                       0.179255
48,                            39,                       9,                       0.172719
48,                            40,                       8,                       0.184714
48,                            40,                       8,                       0.182462
48,                            39,                       9,                       0.185374
48,                            39,                       9,                       0.176585
48,                            39,                       9,                       0.173503
48,                            39,                       9,                       0.242434
48,                            38,                       10,                       0.172978
48,                            39,                       9,                       0.174461
48,                            40,                       8,                       0.170297
48,                            39,                       9,                       0.181649
48,                            40,                       8,                       0.182729
48,                            39,                       9,                       0.176155
48,                            38,                       10,                       0.169882
48,                            39,                       9,                       0.180247
48,                            39,                       9,                       0.176252
48,                            38,                       10,                       0.171
48,                            38,                       10,                       0.172961
48,                            38,                       10,                       0.173538
48,                            39,                       9,                       0.174305
48,                            40,                       8,                       0.168057
48,                            39,                       9,                       0.17235
48,                            39,                       9,                       0.175428
48,                            40,                       8,                       0.217698
48,                            39,                       9,                       0.173078
48,                            39,                       9,                       0.178064
48,                            39,                       9,                       0.186412
48,                            39,                       9,                       0.177674
48,                            38,                       10,                       0.171435
48,                            39,                       9,                       0.173438
48,                            40,                       8,                       0.175424
48,                            39,                       9,                       0.184087
48,                            38,                       10,                       0.172536
48,                            39,                       9,                       0.171743
48,                            40,                       8,                       0.174174
48,                            39,                       9,                       0.170765
48,                            39,                       9,                       0.170727
48,                            39,                       9,                       0.180578
48,                            39,                       9,                       0.171609
48,                            38,                       10,                       0.170683
48,                            39,                       9,                       0.173864
48,                            39,                       9,                       0.17486
48,                            39,                       9,                       0.180857
48,                            39,                       9,                       0.177894
48,                            39,                       9,                       0.185425
48,                            39,                       9,                       0.181672
48,                            40,                       8,                       0.211344
48,                            40,                       8,                       0.174567
48,                            39,                       9,                       0.177354
48,                            39,                       9,                       0.217576
48,                            40,                       8,                       0.175192
48,                            38,                       10,                       0.172489
48,                            39,                       9,                       0.184441
48,                            38,                       10,                       0.17159
48,                            39,                       9,                       0.176643
48,                            39,                       9,                       0.175189
48,                            39,                       9,                       0.176059
48,                            39,                       9,                       0.174399
48,                            39,                       9,                       0.176635
48,                            39,                       9,                       0.17936
48,                            39,                       9,                       0.174286
48,                            39,                       9,                       0.182303
48,                            39,                       9,                       0.214852
48,                            39,                       9,                       0.17917
48,                            39,                       9,                       0.182435
48,                            38,                       10,                       0.171352
48,                            39,                       9,                       0.171281
48,                            39,                       9,                       0.176633
48,                            40,                       8,                       0.17487
48,                            39,                       9,                       0.183915
48,                            40,                       8,                       0.170192
48,                            38,                       10,                       0.181992
48,                            39,                       9,                       0.172742
48,                            39,                       9,                       0.17961
48,                            40,                       8,                       0.172714
48,                            40,                       8,                       0.167376
48,                            39,                       9,                       0.181086
48,                            39,                       9,                       0.218939
48,                            40,                       8,                       0.172355
48,                            39,                       9,                       0.171629
48,                            39,                       9,                       0.178912
48,                            38,                       10,                       0.176943
48,                            39,                       9,                       0.171333
48,                            39,                       9,                       0.168537
48,                            39,                       9,                       0.176281
48,                            38,                       10,                       0.174973
48,                            39,                       9,                       0.176539
48,                            39,                       9,                       0.182132
48,                            40,                       8,                       0.180491
48,                            39,                       9,                       0.176635
48,                            39,                       9,                       0.180442
48,                            39,                       9,                       0.176872
48,                            38,                       10,                       0.170965
48,                            39,                       9,                       0.174669
48,                            38,                       10,                       0.172378
