COMMENT : The search result by Simulated-Annealing for Cauchy_Good Fri Jan 26 18:35:55 2018

tech : Cauchy_Good
algorithm : Simulated-Annealing
k : 8
m : 3
w : 6
failed_disk_id : 0
conventional_symbol_number    optimized_symbol_number    reduced_symbol_number    time
48,                            39,                       9,                       0.017389
48,                            39,                       9,                       0.016465
48,                            39,                       9,                       0.016037
48,                            39,                       9,                       0.016004
48,                            39,                       9,                       0.01767
48,                            39,                       9,                       0.016525
48,                            39,                       9,                       0.01593
48,                            39,                       9,                       0.01723
48,                            39,                       9,                       0.016543
48,                            39,                       9,                       0.017646
48,                            39,                       9,                       0.017465
48,                            39,                       9,                       0.016583
48,                            39,                       9,                       0.016225
48,                            39,                       9,                       0.016529
48,                            39,                       9,                       0.015995
48,                            39,                       9,                       0.016895
48,                            39,                       9,                       0.016407
48,                            39,                       9,                       0.016825
48,                            39,                       9,                       0.016776
48,                            39,                       9,                       0.01625
48,                            39,                       9,                       0.01772
48,                            40,                       8,                       0.018366
48,                            39,                       9,                       0.016316
48,                            39,                       9,                       0.016112
48,                            39,                       9,                       0.016885
48,                            39,                       9,                       0.015678
48,                            39,                       9,                       0.016848
48,                            40,                       8,                       0.016686
48,                            39,                       9,                       0.016254
48,                            39,                       9,                       0.016384
48,                            39,                       9,                       0.016438
48,                            39,                       9,                       0.0156
48,                            39,                       9,                       0.018147
48,                            39,                       9,                       0.0159
48,                            40,                       8,                       0.016646
48,                            39,                       9,                       0.016136
48,                            39,                       9,                       0.017031
48,                            39,                       9,                       0.016614
48,                            39,                       9,                       0.016422
48,                            39,                       9,                       0.016116
48,                            39,                       9,                       0.015819
48,                            39,                       9,                       0.016324
48,                            39,                       9,                       0.016004
48,                            39,                       9,                       0.01655
48,                            40,                       8,                       0.017329
48,                            39,                       9,                       0.016637
48,                            39,                       9,                       0.016352
48,                            39,                       9,                       0.01568
48,                            39,                       9,                       0.015908
48,                            39,                       9,                       0.016072
48,                            39,                       9,                       0.015283
48,                            39,                       9,                       0.016163
48,                            39,                       9,                       0.016656
48,                            39,                       9,                       0.016
48,                            39,                       9,                       0.016243
48,                            39,                       9,                       0.015889
48,                            39,                       9,                       0.016594
48,                            39,                       9,                       0.016451
48,                            39,                       9,                       0.016389
48,                            39,                       9,                       0.015842
48,                            40,                       8,                       0.016618
48,                            39,                       9,                       0.016604
48,                            39,                       9,                       0.015944
48,                            39,                       9,                       0.017038
48,                            40,                       8,                       0.017211
48,                            39,                       9,                       0.016352
48,                            39,                       9,                       0.017043
48,                            39,                       9,                       0.015732
48,                            39,                       9,                       0.016146
48,                            39,                       9,                       0.016387
48,                            39,                       9,                       0.016428
48,                            39,                       9,                       0.015215
48,                            39,                       9,                       0.016345
48,                            39,                       9,                       0.016284
48,                            40,                       8,                       0.016426
48,                            40,                       8,                       0.017085
48,                            39,                       9,                       0.016758
48,                            39,                       9,                       0.017036
48,                            40,                       8,                       0.017196
48,                            39,                       9,                       0.034446
48,                            40,                       8,                       0.017497
48,                            39,                       9,                       0.01543
48,                            39,                       9,                       0.01615
48,                            40,                       8,                       0.016405
48,                            40,                       8,                       0.01725
48,                            39,                       9,                       0.016537
48,                            39,                       9,                       0.016274
48,                            39,                       9,                       0.017834
48,                            39,                       9,                       0.016285
48,                            40,                       8,                       0.017113
48,                            39,                       9,                       0.015539
48,                            39,                       9,                       0.015149
48,                            39,                       9,                       0.016155
48,                            39,                       9,                       0.016308
48,                            39,                       9,                       0.016661
48,                            39,                       9,                       0.016458
48,                            39,                       9,                       0.016696
48,                            39,                       9,                       0.016108
48,                            39,                       9,                       0.01629
48,                            39,                       9,                       0.016396
48,                            39,                       9,                       0.015107
48,                            40,                       8,                       0.017503
48,                            39,                       9,                       0.017579
48,                            39,                       9,                       0.016123
48,                            40,                       8,                       0.016964
48,                            39,                       9,                       0.016308
48,                            39,                       9,                       0.016533
48,                            39,                       9,                       0.01795
48,                            40,                       8,                       0.017801
48,                            39,                       9,                       0.016675
48,                            39,                       9,                       0.01596
48,                            39,                       9,                       0.016294
48,                            39,                       9,                       0.015832
48,                            39,                       9,                       0.015967
48,                            39,                       9,                       0.016543
48,                            39,                       9,                       0.017973
48,                            39,                       9,                       0.016059
48,                            39,                       9,                       0.017093
48,                            39,                       9,                       0.015574
48,                            39,                       9,                       0.016473
48,                            39,                       9,                       0.015987
48,                            39,                       9,                       0.017043
48,                            39,                       9,                       0.015981
48,                            39,                       9,                       0.015661
48,                            39,                       9,                       0.01743
48,                            39,                       9,                       0.016087
48,                            39,                       9,                       0.016603
48,                            39,                       9,                       0.015967
48,                            39,                       9,                       0.016222
48,                            39,                       9,                       0.017637
48,                            39,                       9,                       0.017277
48,                            39,                       9,                       0.016111
48,                            39,                       9,                       0.016516
48,                            39,                       9,                       0.017346
48,                            39,                       9,                       0.016338
48,                            39,                       9,                       0.016338
48,                            39,                       9,                       0.016196
48,                            39,                       9,                       0.015813
48,                            39,                       9,                       0.016752
48,                            39,                       9,                       0.016006
48,                            40,                       8,                       0.017283
48,                            39,                       9,                       0.016284
48,                            39,                       9,                       0.017864
48,                            39,                       9,                       0.016644
48,                            39,                       9,                       0.015852
48,                            39,                       9,                       0.015381
48,                            39,                       9,                       0.015868
48,                            39,                       9,                       0.015941
48,                            39,                       9,                       0.016303
48,                            39,                       9,                       0.01618
48,                            39,                       9,                       0.016395
48,                            39,                       9,                       0.016475
48,                            39,                       9,                       0.016083
48,                            39,                       9,                       0.016336
48,                            39,                       9,                       0.016919
48,                            39,                       9,                       0.015674
48,                            39,                       9,                       0.015906
48,                            39,                       9,                       0.016936
48,                            39,                       9,                       0.016183
48,                            39,                       9,                       0.016313
48,                            40,                       8,                       0.016727
48,                            39,                       9,                       0.016639
48,                            39,                       9,                       0.016329
48,                            39,                       9,                       0.015722
48,                            39,                       9,                       0.016931
48,                            39,                       9,                       0.01628
48,                            39,                       9,                       0.016835
48,                            39,                       9,                       0.015662
48,                            39,                       9,                       0.015559
48,                            39,                       9,                       0.016174
48,                            39,                       9,                       0.015883
48,                            39,                       9,                       0.015622
48,                            39,                       9,                       0.016593
48,                            39,                       9,                       0.015704
48,                            39,                       9,                       0.015904
48,                            39,                       9,                       0.015871
48,                            39,                       9,                       0.015537
48,                            39,                       9,                       0.016839
48,                            39,                       9,                       0.016198
48,                            39,                       9,                       0.016317
48,                            39,                       9,                       0.016139
48,                            39,                       9,                       0.01633
48,                            39,                       9,                       0.01583
48,                            39,                       9,                       0.016139
48,                            39,                       9,                       0.016599
48,                            39,                       9,                       0.016178
48,                            39,                       9,                       0.016331
48,                            39,                       9,                       0.016928
48,                            39,                       9,                       0.016166
48,                            39,                       9,                       0.015984
48,                            39,                       9,                       0.016596
48,                            39,                       9,                       0.016222
48,                            39,                       9,                       0.015548
48,                            39,                       9,                       0.016746
48,                            39,                       9,                       0.016711
48,                            39,                       9,                       0.016655
48,                            39,                       9,                       0.015625
48,                            39,                       9,                       0.016725
48,                            40,                       8,                       0.017591
48,                            39,                       9,                       0.015783
48,                            39,                       9,                       0.01567
48,                            39,                       9,                       0.015775
48,                            39,                       9,                       0.016144
48,                            39,                       9,                       0.01713
48,                            39,                       9,                       0.016114
48,                            39,                       9,                       0.016015
48,                            39,                       9,                       0.015319
48,                            39,                       9,                       0.016614
48,                            39,                       9,                       0.016606
48,                            39,                       9,                       0.016187
48,                            39,                       9,                       0.016251
48,                            39,                       9,                       0.015938
48,                            39,                       9,                       0.016377
48,                            39,                       9,                       0.015983
48,                            39,                       9,                       0.016663
48,                            39,                       9,                       0.017123
48,                            39,                       9,                       0.016378
48,                            40,                       8,                       0.016698
48,                            40,                       8,                       0.017521
48,                            39,                       9,                       0.016811
48,                            39,                       9,                       0.01539
48,                            39,                       9,                       0.016978
48,                            39,                       9,                       0.015606
48,                            39,                       9,                       0.017539
48,                            39,                       9,                       0.015638
48,                            39,                       9,                       0.016373
48,                            39,                       9,                       0.016085
48,                            39,                       9,                       0.016345
48,                            39,                       9,                       0.017017
48,                            39,                       9,                       0.015148
48,                            39,                       9,                       0.015603
48,                            39,                       9,                       0.015853
48,                            39,                       9,                       0.016424
48,                            39,                       9,                       0.016401
48,                            39,                       9,                       0.015439
48,                            39,                       9,                       0.017224
48,                            39,                       9,                       0.015592
48,                            39,                       9,                       0.016643
48,                            39,                       9,                       0.016202
48,                            39,                       9,                       0.017511
48,                            39,                       9,                       0.016535
48,                            39,                       9,                       0.016075
48,                            39,                       9,                       0.015764
48,                            39,                       9,                       0.015946
48,                            39,                       9,                       0.016496
48,                            39,                       9,                       0.016613
48,                            39,                       9,                       0.016371
48,                            39,                       9,                       0.015981
48,                            39,                       9,                       0.015801
48,                            39,                       9,                       0.016016
48,                            39,                       9,                       0.01663
48,                            40,                       8,                       0.016729
48,                            39,                       9,                       0.015733
48,                            39,                       9,                       0.015568
48,                            39,                       9,                       0.016909
48,                            40,                       8,                       0.018461
48,                            39,                       9,                       0.015652
48,                            39,                       9,                       0.015323
48,                            39,                       9,                       0.017908
48,                            40,                       8,                       0.017991
48,                            39,                       9,                       0.01696
48,                            39,                       9,                       0.017105
48,                            39,                       9,                       0.015937
48,                            39,                       9,                       0.015519
48,                            40,                       8,                       0.016623
48,                            39,                       9,                       0.015386
48,                            39,                       9,                       0.01668
48,                            39,                       9,                       0.01711
48,                            39,                       9,                       0.016647
48,                            39,                       9,                       0.015864
48,                            40,                       8,                       0.015865
48,                            39,                       9,                       0.0164
48,                            39,                       9,                       0.01709
48,                            39,                       9,                       0.015427
48,                            40,                       8,                       0.01771
48,                            39,                       9,                       0.016091
48,                            39,                       9,                       0.017046
48,                            39,                       9,                       0.016265
48,                            39,                       9,                       0.01546
48,                            39,                       9,                       0.016617
48,                            40,                       8,                       0.017132
48,                            39,                       9,                       0.01604
48,                            39,                       9,                       0.016081
48,                            39,                       9,                       0.016774
48,                            39,                       9,                       0.015865
48,                            39,                       9,                       0.016799
48,                            39,                       9,                       0.016225
48,                            39,                       9,                       0.017969
48,                            39,                       9,                       0.017025
48,                            39,                       9,                       0.016315
48,                            39,                       9,                       0.016587
48,                            39,                       9,                       0.015554
48,                            39,                       9,                       0.016368
48,                            39,                       9,                       0.016109
48,                            39,                       9,                       0.01553
48,                            39,                       9,                       0.016304
48,                            39,                       9,                       0.015068
48,                            39,                       9,                       0.016624
48,                            39,                       9,                       0.017045
48,                            39,                       9,                       0.016799
