COMMENT : The search result by Simulated-Annealing for Cauchy_Good Fri Jan 26 18:35:55 2018

tech : Cauchy_Good
algorithm : Simulated-Annealing
k : 8
m : 2
w : 6
failed_disk_id : 0
conventional_symbol_number    optimized_symbol_number    reduced_symbol_number    time
48,                            38,                       10,                       0.009849
48,                            38,                       10,                       0.010167
48,                            38,                       10,                       0.00916
48,                            38,                       10,                       0.009703
48,                            38,                       10,                       0.009976
48,                            38,                       10,                       0.009222
48,                            38,                       10,                       0.009532
48,                            38,                       10,                       0.009969
48,                            38,                       10,                       0.009605
48,                            38,                       10,                       0.009295
48,                            38,                       10,                       0.009137
48,                            38,                       10,                       0.009635
48,                            38,                       10,                       0.008955
48,                            38,                       10,                       0.010397
48,                            38,                       10,                       0.009173
48,                            38,                       10,                       0.009607
48,                            38,                       10,                       0.009028
48,                            38,                       10,                       0.00939
48,                            38,                       10,                       0.009134
48,                            38,                       10,                       0.009273
48,                            38,                       10,                       0.009688
48,                            38,                       10,                       0.009686
48,                            38,                       10,                       0.00922
48,                            38,                       10,                       0.009027
48,                            38,                       10,                       0.009336
48,                            38,                       10,                       0.008975
48,                            38,                       10,                       0.009375
48,                            38,                       10,                       0.00939
48,                            38,                       10,                       0.009195
48,                            38,                       10,                       0.008742
48,                            38,                       10,                       0.00891
48,                            38,                       10,                       0.008809
48,                            38,                       10,                       0.009003
48,                            38,                       10,                       0.008778
48,                            38,                       10,                       0.009083
48,                            38,                       10,                       0.008977
48,                            38,                       10,                       0.009097
48,                            38,                       10,                       0.008877
48,                            38,                       10,                       0.009124
48,                            38,                       10,                       0.009077
48,                            38,                       10,                       0.008921
48,                            38,                       10,                       0.009212
48,                            38,                       10,                       0.009403
48,                            38,                       10,                       0.009127
48,                            38,                       10,                       0.00894
48,                            38,                       10,                       0.008995
48,                            38,                       10,                       0.009154
48,                            38,                       10,                       0.009026
48,                            38,                       10,                       0.009069
48,                            38,                       10,                       0.008855
48,                            38,                       10,                       0.009063
48,                            38,                       10,                       0.008798
48,                            38,                       10,                       0.009052
48,                            38,                       10,                       0.009354
48,                            38,                       10,                       0.011159
48,                            38,                       10,                       0.008954
48,                            38,                       10,                       0.008878
48,                            38,                       10,                       0.009577
48,                            38,                       10,                       0.009309
48,                            38,                       10,                       0.00913
48,                            38,                       10,                       0.008863
48,                            38,                       10,                       0.008811
48,                            38,                       10,                       0.008888
48,                            38,                       10,                       0.009457
48,                            38,                       10,                       0.008908
48,                            38,                       10,                       0.008742
48,                            38,                       10,                       0.008973
48,                            38,                       10,                       0.009236
48,                            38,                       10,                       0.009098
48,                            38,                       10,                       0.009407
48,                            38,                       10,                       0.008686
48,                            38,                       10,                       0.009035
48,                            38,                       10,                       0.009539
48,                            38,                       10,                       0.009878
48,                            38,                       10,                       0.009216
48,                            38,                       10,                       0.008924
48,                            38,                       10,                       0.009421
48,                            38,                       10,                       0.00881
48,                            38,                       10,                       0.009337
48,                            38,                       10,                       0.008833
48,                            38,                       10,                       0.00946
48,                            38,                       10,                       0.009148
48,                            38,                       10,                       0.009189
48,                            38,                       10,                       0.009128
48,                            38,                       10,                       0.009557
48,                            38,                       10,                       0.00951
48,                            38,                       10,                       0.00952
48,                            38,                       10,                       0.009149
48,                            38,                       10,                       0.00944
48,                            38,                       10,                       0.00885
48,                            38,                       10,                       0.009355
48,                            38,                       10,                       0.009182
48,                            38,                       10,                       0.009486
48,                            38,                       10,                       0.008994
48,                            38,                       10,                       0.009126
48,                            38,                       10,                       0.009079
48,                            38,                       10,                       0.009516
48,                            38,                       10,                       0.0097
48,                            38,                       10,                       0.009228
48,                            38,                       10,                       0.009277
48,                            38,                       10,                       0.008987
48,                            38,                       10,                       0.009223
48,                            38,                       10,                       0.009001
48,                            38,                       10,                       0.009319
48,                            38,                       10,                       0.009402
48,                            38,                       10,                       0.009551
48,                            38,                       10,                       0.008966
48,                            38,                       10,                       0.009076
48,                            38,                       10,                       0.009062
48,                            38,                       10,                       0.00915
48,                            38,                       10,                       0.008843
48,                            38,                       10,                       0.009134
48,                            38,                       10,                       0.009359
48,                            38,                       10,                       0.009469
48,                            38,                       10,                       0.009557
48,                            38,                       10,                       0.009057
48,                            38,                       10,                       0.009526
48,                            38,                       10,                       0.009667
48,                            38,                       10,                       0.010127
48,                            38,                       10,                       0.010123
48,                            38,                       10,                       0.0096
48,                            38,                       10,                       0.009455
48,                            38,                       10,                       0.009565
48,                            38,                       10,                       0.009036
48,                            38,                       10,                       0.00921
48,                            38,                       10,                       0.009134
48,                            38,                       10,                       0.009347
48,                            38,                       10,                       0.009125
48,                            38,                       10,                       0.009403
48,                            38,                       10,                       0.009156
48,                            38,                       10,                       0.009602
48,                            38,                       10,                       0.009508
48,                            38,                       10,                       0.009327
48,                            38,                       10,                       0.008697
48,                            38,                       10,                       0.009179
48,                            38,                       10,                       0.009291
48,                            38,                       10,                       0.00907
48,                            38,                       10,                       0.010426
48,                            38,                       10,                       0.009551
48,                            38,                       10,                       0.008949
48,                            38,                       10,                       0.009155
48,                            38,                       10,                       0.009179
48,                            38,                       10,                       0.009046
48,                            38,                       10,                       0.009212
48,                            38,                       10,                       0.009596
48,                            38,                       10,                       0.008778
48,                            38,                       10,                       0.009392
48,                            38,                       10,                       0.008925
48,                            38,                       10,                       0.009582
48,                            38,                       10,                       0.009374
48,                            38,                       10,                       0.009681
48,                            38,                       10,                       0.008972
48,                            38,                       10,                       0.009289
48,                            38,                       10,                       0.009238
48,                            38,                       10,                       0.009631
48,                            38,                       10,                       0.009162
48,                            38,                       10,                       0.009257
48,                            38,                       10,                       0.009331
48,                            38,                       10,                       0.009073
48,                            38,                       10,                       0.009088
48,                            38,                       10,                       0.008977
48,                            38,                       10,                       0.009491
48,                            38,                       10,                       0.00918
48,                            38,                       10,                       0.009314
48,                            38,                       10,                       0.009521
48,                            38,                       10,                       0.009439
48,                            38,                       10,                       0.009093
48,                            38,                       10,                       0.008825
48,                            38,                       10,                       0.009154
48,                            38,                       10,                       0.008928
48,                            38,                       10,                       0.009062
48,                            38,                       10,                       0.010994
48,                            38,                       10,                       0.009339
48,                            38,                       10,                       0.008999
48,                            38,                       10,                       0.008951
48,                            38,                       10,                       0.009336
48,                            38,                       10,                       0.009247
48,                            38,                       10,                       0.00977
48,                            38,                       10,                       0.009744
48,                            38,                       10,                       0.009709
48,                            38,                       10,                       0.009044
48,                            38,                       10,                       0.009263
48,                            38,                       10,                       0.009227
48,                            38,                       10,                       0.009773
48,                            38,                       10,                       0.009134
48,                            38,                       10,                       0.009748
48,                            38,                       10,                       0.008967
48,                            38,                       10,                       0.009042
48,                            38,                       10,                       0.009016
48,                            38,                       10,                       0.008999
48,                            38,                       10,                       0.008988
48,                            38,                       10,                       0.009
48,                            38,                       10,                       0.00977
48,                            38,                       10,                       0.008909
48,                            38,                       10,                       0.009492
48,                            38,                       10,                       0.009284
48,                            38,                       10,                       0.010061
48,                            38,                       10,                       0.009022
48,                            38,                       10,                       0.009414
48,                            38,                       10,                       0.009176
48,                            38,                       10,                       0.009513
48,                            38,                       10,                       0.009267
48,                            38,                       10,                       0.009474
48,                            38,                       10,                       0.008837
48,                            38,                       10,                       0.009168
48,                            38,                       10,                       0.009418
48,                            38,                       10,                       0.009102
48,                            38,                       10,                       0.009207
48,                            38,                       10,                       0.009135
48,                            38,                       10,                       0.009336
48,                            38,                       10,                       0.009343
48,                            38,                       10,                       0.009231
48,                            38,                       10,                       0.009335
48,                            38,                       10,                       0.00924
48,                            38,                       10,                       0.009048
48,                            38,                       10,                       0.009023
48,                            38,                       10,                       0.010073
48,                            38,                       10,                       0.009478
48,                            38,                       10,                       0.008912
48,                            38,                       10,                       0.008987
48,                            38,                       10,                       0.009513
48,                            38,                       10,                       0.009015
48,                            38,                       10,                       0.009315
48,                            38,                       10,                       0.00908
48,                            38,                       10,                       0.009302
48,                            38,                       10,                       0.008917
48,                            38,                       10,                       0.009378
48,                            38,                       10,                       0.009473
48,                            38,                       10,                       0.009485
48,                            38,                       10,                       0.009523
48,                            38,                       10,                       0.009093
48,                            38,                       10,                       0.009443
48,                            38,                       10,                       0.009213
48,                            38,                       10,                       0.009185
48,                            38,                       10,                       0.009576
48,                            38,                       10,                       0.008958
48,                            38,                       10,                       0.009379
48,                            38,                       10,                       0.009394
48,                            38,                       10,                       0.008939
48,                            38,                       10,                       0.009018
48,                            38,                       10,                       0.009403
48,                            38,                       10,                       0.008839
48,                            38,                       10,                       0.009686
48,                            38,                       10,                       0.009285
48,                            38,                       10,                       0.009708
48,                            38,                       10,                       0.009173
48,                            38,                       10,                       0.00923
48,                            38,                       10,                       0.009067
48,                            38,                       10,                       0.009562
48,                            38,                       10,                       0.009449
48,                            38,                       10,                       0.008854
48,                            38,                       10,                       0.008917
48,                            38,                       10,                       0.008686
48,                            38,                       10,                       0.009075
48,                            38,                       10,                       0.008709
48,                            38,                       10,                       0.008696
48,                            38,                       10,                       0.00998
48,                            38,                       10,                       0.00961
48,                            38,                       10,                       0.009573
48,                            38,                       10,                       0.009098
48,                            38,                       10,                       0.009717
48,                            38,                       10,                       0.009379
48,                            38,                       10,                       0.009003
48,                            38,                       10,                       0.009238
48,                            38,                       10,                       0.009594
48,                            38,                       10,                       0.009327
48,                            38,                       10,                       0.009038
48,                            38,                       10,                       0.009171
48,                            38,                       10,                       0.009287
48,                            38,                       10,                       0.009134
48,                            38,                       10,                       0.008685
48,                            38,                       10,                       0.009124
48,                            38,                       10,                       0.008983
48,                            38,                       10,                       0.009093
48,                            38,                       10,                       0.008983
48,                            38,                       10,                       0.008851
48,                            38,                       10,                       0.009251
48,                            38,                       10,                       0.008967
48,                            38,                       10,                       0.008988
48,                            38,                       10,                       0.009359
48,                            38,                       10,                       0.008922
48,                            38,                       10,                       0.009137
48,                            38,                       10,                       0.00892
48,                            38,                       10,                       0.009973
48,                            38,                       10,                       0.009205
48,                            38,                       10,                       0.009142
48,                            38,                       10,                       0.009389
48,                            38,                       10,                       0.009018
48,                            38,                       10,                       0.009384
48,                            38,                       10,                       0.009412
48,                            38,                       10,                       0.008905
48,                            38,                       10,                       0.00933
48,                            38,                       10,                       0.00902
48,                            38,                       10,                       0.009561
48,                            38,                       10,                       0.009247
48,                            38,                       10,                       0.009022
48,                            38,                       10,                       0.008891
48,                            38,                       10,                       0.010185
48,                            38,                       10,                       0.009683
48,                            38,                       10,                       0.008982
