COMMENT : The search result by Simulated-Annealing for Cauchy_Good Fri Jan 26 18:35:57 2018

tech : Cauchy_Good
algorithm : Simulated-Annealing
k : 8
m : 6
w : 6
failed_disk_id : 0
conventional_symbol_number    optimized_symbol_number    reduced_symbol_number    time
48,                            37,                       11,                       0.046564
48,                            37,                       11,                       0.040758
48,                            37,                       11,                       0.037326
48,                            36,                       12,                       0.041682
48,                            35,                       13,                       0.046399
48,                            35,                       13,                       0.05116
48,                            38,                       10,                       0.045533
48,                            35,                       13,                       0.048079
48,                            38,                       10,                       0.046192
48,                            35,                       13,                       0.048768
48,                            36,                       12,                       0.040859
48,                            37,                       11,                       0.044672
48,                            36,                       12,                       0.043108
48,                            37,                       11,                       0.040662
48,                            37,                       11,                       0.050124
48,                            36,                       12,                       0.041146
48,                            36,                       12,                       0.039861
48,                            35,                       13,                       0.044163
48,                            35,                       13,                       0.045286
48,                            37,                       11,                       0.043829
48,                            36,                       12,                       0.048686
48,                            37,                       11,                       0.041529
48,                            36,                       12,                       0.038102
48,                            36,                       12,                       0.043395
48,                            35,                       13,                       0.043223
48,                            37,                       11,                       0.041143
48,                            37,                       11,                       0.037137
48,                            35,                       13,                       0.043237
48,                            35,                       13,                       0.041271
48,                            37,                       11,                       0.039017
48,                            37,                       11,                       0.041334
48,                            37,                       11,                       0.037254
48,                            35,                       13,                       0.045849
48,                            36,                       12,                       0.040475
48,                            37,                       11,                       0.040939
48,                            35,                       13,                       0.045251
48,                            35,                       13,                       0.041383
48,                            36,                       12,                       0.039901
48,                            35,                       13,                       0.039951
48,                            35,                       13,                       0.042652
48,                            37,                       11,                       0.044243
48,                            36,                       12,                       0.039676
48,                            36,                       12,                       0.039132
48,                            37,                       11,                       0.039038
48,                            37,                       11,                       0.04144
48,                            35,                       13,                       0.042069
48,                            35,                       13,                       0.044446
48,                            35,                       13,                       0.043595
48,                            35,                       13,                       0.043074
48,                            37,                       11,                       0.037581
48,                            35,                       13,                       0.043197
48,                            37,                       11,                       0.039991
48,                            35,                       13,                       0.043979
48,                            37,                       11,                       0.041503
48,                            37,                       11,                       0.0354
48,                            36,                       12,                       0.040256
48,                            35,                       13,                       0.043858
48,                            37,                       11,                       0.040722
48,                            37,                       11,                       0.040006
48,                            37,                       11,                       0.043362
48,                            36,                       12,                       0.04062
48,                            37,                       11,                       0.036591
48,                            36,                       12,                       0.03909
48,                            36,                       12,                       0.040903
48,                            35,                       13,                       0.044776
48,                            37,                       11,                       0.040668
48,                            35,                       13,                       0.044539
48,                            36,                       12,                       0.040758
48,                            37,                       11,                       0.042141
48,                            37,                       11,                       0.038736
48,                            36,                       12,                       0.041701
48,                            36,                       12,                       0.039875
48,                            35,                       13,                       0.043148
48,                            37,                       11,                       0.042
48,                            37,                       11,                       0.03876
48,                            36,                       12,                       0.044656
48,                            35,                       13,                       0.043029
48,                            36,                       12,                       0.040022
48,                            37,                       11,                       0.039906
48,                            36,                       12,                       0.050946
48,                            37,                       11,                       0.038793
48,                            35,                       13,                       0.041984
48,                            36,                       12,                       0.040328
48,                            35,                       13,                       0.043608
48,                            35,                       13,                       0.04198
48,                            36,                       12,                       0.040255
48,                            37,                       11,                       0.045782
48,                            37,                       11,                       0.042036
48,                            35,                       13,                       0.043889
48,                            37,                       11,                       0.040076
48,                            35,                       13,                       0.043009
48,                            37,                       11,                       0.04141
48,                            35,                       13,                       0.044623
48,                            35,                       13,                       0.044719
48,                            37,                       11,                       0.03717
48,                            37,                       11,                       0.039291
48,                            35,                       13,                       0.043518
48,                            35,                       13,                       0.044533
48,                            36,                       12,                       0.042259
48,                            35,                       13,                       0.044715
48,                            37,                       11,                       0.04187
48,                            35,                       13,                       0.044371
48,                            37,                       11,                       0.040603
48,                            36,                       12,                       0.039404
48,                            36,                       12,                       0.041315
48,                            35,                       13,                       0.040277
48,                            35,                       13,                       0.042571
48,                            37,                       11,                       0.040634
48,                            36,                       12,                       0.040909
48,                            36,                       12,                       0.039265
48,                            37,                       11,                       0.041825
48,                            36,                       12,                       0.039505
48,                            36,                       12,                       0.037823
48,                            35,                       13,                       0.044189
48,                            37,                       11,                       0.041714
48,                            37,                       11,                       0.041051
48,                            37,                       11,                       0.038528
48,                            36,                       12,                       0.040344
48,                            35,                       13,                       0.044486
48,                            35,                       13,                       0.044378
48,                            37,                       11,                       0.037198
48,                            35,                       13,                       0.045873
48,                            37,                       11,                       0.041367
48,                            37,                       11,                       0.039352
48,                            37,                       11,                       0.0391
48,                            36,                       12,                       0.04122
48,                            35,                       13,                       0.043192
48,                            37,                       11,                       0.040943
48,                            37,                       11,                       0.039189
48,                            36,                       12,                       0.042476
48,                            37,                       11,                       0.038915
48,                            35,                       13,                       0.046623
48,                            37,                       11,                       0.038558
48,                            37,                       11,                       0.041363
48,                            37,                       11,                       0.03995
48,                            35,                       13,                       0.045358
48,                            37,                       11,                       0.04127
48,                            35,                       13,                       0.047772
48,                            35,                       13,                       0.046579
48,                            37,                       11,                       0.046957
48,                            37,                       11,                       0.044142
48,                            36,                       12,                       0.039954
48,                            36,                       12,                       0.04124
48,                            37,                       11,                       0.039092
48,                            35,                       13,                       0.043693
48,                            37,                       11,                       0.039833
48,                            36,                       12,                       0.040618
48,                            37,                       11,                       0.041468
48,                            37,                       11,                       0.043371
48,                            37,                       11,                       0.042251
48,                            36,                       12,                       0.042478
48,                            35,                       13,                       0.043731
48,                            35,                       13,                       0.042508
48,                            36,                       12,                       0.040849
48,                            35,                       13,                       0.046023
48,                            37,                       11,                       0.037889
48,                            35,                       13,                       0.044221
48,                            35,                       13,                       0.044002
48,                            37,                       11,                       0.040065
48,                            35,                       13,                       0.044206
48,                            37,                       11,                       0.038972
48,                            36,                       12,                       0.041042
48,                            35,                       13,                       0.043062
48,                            36,                       12,                       0.041158
48,                            35,                       13,                       0.044955
48,                            37,                       11,                       0.044674
48,                            36,                       12,                       0.039977
48,                            37,                       11,                       0.043443
48,                            35,                       13,                       0.043064
48,                            36,                       12,                       0.039011
48,                            35,                       13,                       0.044509
48,                            36,                       12,                       0.042288
48,                            37,                       11,                       0.040531
48,                            37,                       11,                       0.038546
48,                            37,                       11,                       0.0373
48,                            35,                       13,                       0.042475
48,                            37,                       11,                       0.040136
48,                            36,                       12,                       0.040652
48,                            37,                       11,                       0.038994
48,                            35,                       13,                       0.043208
48,                            36,                       12,                       0.040037
48,                            36,                       12,                       0.041055
48,                            37,                       11,                       0.042885
48,                            35,                       13,                       0.04482
48,                            37,                       11,                       0.040991
48,                            36,                       12,                       0.041102
48,                            37,                       11,                       0.041651
48,                            35,                       13,                       0.043857
48,                            35,                       13,                       0.043829
48,                            37,                       11,                       0.042517
48,                            36,                       12,                       0.040267
48,                            37,                       11,                       0.038335
48,                            37,                       11,                       0.040689
48,                            37,                       11,                       0.040728
48,                            37,                       11,                       0.043943
48,                            35,                       13,                       0.04543
48,                            36,                       12,                       0.039899
48,                            36,                       12,                       0.039642
48,                            35,                       13,                       0.044313
48,                            37,                       11,                       0.040836
48,                            37,                       11,                       0.042311
48,                            37,                       11,                       0.037911
48,                            37,                       11,                       0.037652
48,                            35,                       13,                       0.043096
48,                            37,                       11,                       0.037833
48,                            36,                       12,                       0.039969
48,                            37,                       11,                       0.040904
48,                            35,                       13,                       0.041943
48,                            36,                       12,                       0.039653
48,                            37,                       11,                       0.03581
48,                            37,                       11,                       0.039658
48,                            35,                       13,                       0.043601
48,                            37,                       11,                       0.04185
48,                            36,                       12,                       0.038185
48,                            38,                       10,                       0.043845
48,                            35,                       13,                       0.04501
48,                            37,                       11,                       0.034466
48,                            35,                       13,                       0.044196
48,                            37,                       11,                       0.040426
48,                            37,                       11,                       0.039165
48,                            35,                       13,                       0.043957
48,                            37,                       11,                       0.043046
48,                            35,                       13,                       0.041914
48,                            37,                       11,                       0.042143
48,                            37,                       11,                       0.041106
48,                            37,                       11,                       0.040072
48,                            36,                       12,                       0.041094
48,                            35,                       13,                       0.045871
48,                            36,                       12,                       0.039851
48,                            37,                       11,                       0.040667
48,                            35,                       13,                       0.040729
48,                            36,                       12,                       0.042781
48,                            37,                       11,                       0.042708
48,                            35,                       13,                       0.044664
48,                            36,                       12,                       0.039527
48,                            37,                       11,                       0.041181
48,                            35,                       13,                       0.043332
48,                            37,                       11,                       0.041801
48,                            37,                       11,                       0.041272
48,                            37,                       11,                       0.041733
48,                            37,                       11,                       0.039266
48,                            35,                       13,                       0.043754
48,                            37,                       11,                       0.038768
48,                            35,                       13,                       0.044375
48,                            37,                       11,                       0.046923
48,                            35,                       13,                       0.045561
48,                            37,                       11,                       0.039916
48,                            36,                       12,                       0.040197
48,                            36,                       12,                       0.037881
48,                            37,                       11,                       0.041227
48,                            37,                       11,                       0.0382
48,                            36,                       12,                       0.040144
48,                            35,                       13,                       0.044586
48,                            37,                       11,                       0.046498
48,                            37,                       11,                       0.040194
48,                            36,                       12,                       0.044067
48,                            37,                       11,                       0.037456
48,                            35,                       13,                       0.044354
48,                            35,                       13,                       0.042575
48,                            35,                       13,                       0.044173
48,                            36,                       12,                       0.039407
48,                            35,                       13,                       0.043839
48,                            36,                       12,                       0.04019
48,                            37,                       11,                       0.043042
48,                            37,                       11,                       0.041499
48,                            37,                       11,                       0.04156
48,                            37,                       11,                       0.039944
48,                            37,                       11,                       0.040429
48,                            36,                       12,                       0.039924
48,                            37,                       11,                       0.039414
48,                            36,                       12,                       0.041173
48,                            37,                       11,                       0.043354
48,                            35,                       13,                       0.041741
48,                            36,                       12,                       0.040141
48,                            35,                       13,                       0.043423
48,                            35,                       13,                       0.041623
48,                            36,                       12,                       0.042827
48,                            37,                       11,                       0.037703
48,                            37,                       11,                       0.040622
48,                            35,                       13,                       0.041794
48,                            36,                       12,                       0.037252
48,                            37,                       11,                       0.040701
48,                            37,                       11,                       0.041784
48,                            36,                       12,                       0.040647
48,                            36,                       12,                       0.039763
48,                            35,                       13,                       0.04421
48,                            37,                       11,                       0.039331
48,                            36,                       12,                       0.039325
48,                            37,                       11,                       0.04301
48,                            35,                       13,                       0.044487
48,                            35,                       13,                       0.045257
48,                            35,                       13,                       0.043667
48,                            36,                       12,                       0.042226
48,                            37,                       11,                       0.047593
48,                            35,                       13,                       0.043
48,                            36,                       12,                       0.040182
48,                            35,                       13,                       0.04385
48,                            37,                       11,                       0.042131
48,                            35,                       13,                       0.042391
48,                            37,                       11,                       0.037928
