COMMENT : The search result by Simulated-Annealing for Cauchy_Good Fri Jan 26 18:35:50 2018

tech : Cauchy_Good
algorithm : Simulated-Annealing
k : 6
m : 5
w : 8
failed_disk_id : 0
conventional_symbol_number    optimized_symbol_number    reduced_symbol_number    time
48,                            36,                       12,                       0.185332
48,                            36,                       12,                       0.176418
48,                            36,                       12,                       0.173931
48,                            36,                       12,                       0.176756
48,                            37,                       11,                       0.177827
48,                            37,                       11,                       0.178629
48,                            36,                       12,                       0.171638
48,                            36,                       12,                       0.166191
48,                            37,                       11,                       0.17036
48,                            36,                       12,                       0.1666
48,                            35,                       13,                       0.165273
48,                            36,                       12,                       0.178248
48,                            36,                       12,                       0.175705
48,                            37,                       11,                       0.17615
48,                            36,                       12,                       0.174497
48,                            36,                       12,                       0.175466
48,                            36,                       12,                       0.174163
48,                            36,                       12,                       0.175932
48,                            37,                       11,                       0.180984
48,                            37,                       11,                       0.186017
48,                            37,                       11,                       0.187236
48,                            37,                       11,                       0.176281
48,                            36,                       12,                       0.169575
48,                            37,                       11,                       0.185238
48,                            36,                       12,                       0.169158
48,                            35,                       13,                       0.157213
48,                            36,                       12,                       0.168628
48,                            35,                       13,                       0.161771
48,                            36,                       12,                       0.170308
48,                            37,                       11,                       0.166063
48,                            37,                       11,                       0.172333
48,                            36,                       12,                       0.183813
48,                            37,                       11,                       0.165701
48,                            36,                       12,                       0.176058
48,                            36,                       12,                       0.170752
48,                            36,                       12,                       0.162219
48,                            36,                       12,                       0.179613
48,                            37,                       11,                       0.163098
48,                            36,                       12,                       0.186797
48,                            36,                       12,                       0.16564
48,                            36,                       12,                       0.167119
48,                            37,                       11,                       0.16464
48,                            36,                       12,                       0.192657
48,                            37,                       11,                       0.165718
48,                            36,                       12,                       0.197422
48,                            37,                       11,                       0.165945
48,                            37,                       11,                       0.175006
48,                            36,                       12,                       0.167285
48,                            36,                       12,                       0.169834
48,                            37,                       11,                       0.16553
48,                            37,                       11,                       0.16534
48,                            37,                       11,                       0.16829
48,                            36,                       12,                       0.170817
48,                            37,                       11,                       0.163227
48,                            37,                       11,                       0.171527
48,                            37,                       11,                       0.170749
48,                            36,                       12,                       0.167005
48,                            35,                       13,                       0.153453
48,                            37,                       11,                       0.184139
48,                            35,                       13,                       0.160627
48,                            37,                       11,                       0.162355
48,                            36,                       12,                       0.176322
48,                            36,                       12,                       0.171708
48,                            37,                       11,                       0.159982
48,                            36,                       12,                       0.17379
48,                            36,                       12,                       0.179857
48,                            36,                       12,                       0.167577
48,                            36,                       12,                       0.169265
48,                            36,                       12,                       0.175118
48,                            36,                       12,                       0.169098
48,                            37,                       11,                       0.179298
48,                            36,                       12,                       0.16589
48,                            37,                       11,                       0.169941
48,                            37,                       11,                       0.174579
48,                            37,                       11,                       0.16313
48,                            36,                       12,                       0.165635
48,                            37,                       11,                       0.169012
48,                            37,                       11,                       0.16623
48,                            36,                       12,                       0.179253
48,                            36,                       12,                       0.181807
48,                            36,                       12,                       0.168973
48,                            37,                       11,                       0.166296
48,                            36,                       12,                       0.16606
48,                            36,                       12,                       0.164409
48,                            36,                       12,                       0.183408
48,                            36,                       12,                       0.163258
48,                            38,                       10,                       0.18883
48,                            37,                       11,                       0.191227
48,                            36,                       12,                       0.167723
48,                            36,                       12,                       0.165196
48,                            36,                       12,                       0.180633
48,                            37,                       11,                       0.155477
48,                            37,                       11,                       0.175693
48,                            37,                       11,                       0.182662
48,                            35,                       13,                       0.162777
48,                            37,                       11,                       0.166821
48,                            36,                       12,                       0.191036
48,                            36,                       12,                       0.168353
48,                            36,                       12,                       0.187154
48,                            36,                       12,                       0.168957
48,                            37,                       11,                       0.16352
48,                            37,                       11,                       0.165823
48,                            37,                       11,                       0.166563
48,                            36,                       12,                       0.175227
48,                            36,                       12,                       0.156766
48,                            38,                       10,                       0.161641
48,                            36,                       12,                       0.171138
48,                            37,                       11,                       0.171622
48,                            36,                       12,                       0.168262
48,                            36,                       12,                       0.172127
48,                            36,                       12,                       0.171199
48,                            37,                       11,                       0.189693
48,                            36,                       12,                       0.171102
48,                            36,                       12,                       0.184313
48,                            36,                       12,                       0.166515
48,                            36,                       12,                       0.168362
48,                            36,                       12,                       0.168941
48,                            37,                       11,                       0.171624
48,                            37,                       11,                       0.174907
48,                            36,                       12,                       0.170907
48,                            37,                       11,                       0.176077
48,                            37,                       11,                       0.171811
48,                            37,                       11,                       0.172208
48,                            37,                       11,                       0.212141
48,                            36,                       12,                       0.179703
48,                            36,                       12,                       0.169475
48,                            35,                       13,                       0.162966
48,                            37,                       11,                       0.18794
48,                            36,                       12,                       0.176688
48,                            37,                       11,                       0.164081
48,                            36,                       12,                       0.173999
48,                            36,                       12,                       0.173533
48,                            36,                       12,                       0.186083
48,                            36,                       12,                       0.173406
48,                            36,                       12,                       0.179944
48,                            36,                       12,                       0.164014
48,                            37,                       11,                       0.171696
48,                            37,                       11,                       0.171604
48,                            36,                       12,                       0.167009
48,                            36,                       12,                       0.171899
48,                            35,                       13,                       0.162709
48,                            36,                       12,                       0.17292
48,                            35,                       13,                       0.166084
48,                            38,                       10,                       0.21412
48,                            37,                       11,                       0.199121
48,                            36,                       12,                       0.176136
48,                            36,                       12,                       0.169859
48,                            36,                       12,                       0.199479
48,                            36,                       12,                       0.171174
48,                            37,                       11,                       0.183612
48,                            36,                       12,                       0.173765
48,                            36,                       12,                       0.173476
48,                            37,                       11,                       0.171453
48,                            37,                       11,                       0.176288
48,                            37,                       11,                       0.168996
48,                            36,                       12,                       0.169539
48,                            36,                       12,                       0.169736
48,                            36,                       12,                       0.175091
48,                            37,                       11,                       0.193716
48,                            36,                       12,                       0.172827
48,                            37,                       11,                       0.174698
48,                            37,                       11,                       0.163936
48,                            37,                       11,                       0.179717
48,                            37,                       11,                       0.169751
48,                            37,                       11,                       0.170979
48,                            36,                       12,                       0.171784
48,                            37,                       11,                       0.191643
48,                            37,                       11,                       0.171243
48,                            36,                       12,                       0.169021
48,                            36,                       12,                       0.16909
48,                            36,                       12,                       0.177925
48,                            36,                       12,                       0.182729
48,                            37,                       11,                       0.169488
48,                            37,                       11,                       0.179189
48,                            37,                       11,                       0.17654
48,                            36,                       12,                       0.174208
48,                            36,                       12,                       0.171279
48,                            36,                       12,                       0.189903
48,                            37,                       11,                       0.167863
48,                            37,                       11,                       0.177354
48,                            36,                       12,                       0.169707
48,                            36,                       12,                       0.168712
48,                            37,                       11,                       0.17041
48,                            36,                       12,                       0.168161
48,                            36,                       12,                       0.171403
48,                            36,                       12,                       0.172717
48,                            36,                       12,                       0.17649
48,                            37,                       11,                       0.165107
48,                            36,                       12,                       0.184888
48,                            36,                       12,                       0.169894
48,                            36,                       12,                       0.186367
48,                            36,                       12,                       0.177874
48,                            37,                       11,                       0.178281
48,                            36,                       12,                       0.177271
48,                            36,                       12,                       0.176645
48,                            38,                       10,                       0.154371
48,                            36,                       12,                       0.186492
48,                            36,                       12,                       0.197753
48,                            37,                       11,                       0.174939
48,                            36,                       12,                       0.171145
48,                            36,                       12,                       0.173636
48,                            35,                       13,                       0.1704
48,                            37,                       11,                       0.183692
48,                            36,                       12,                       0.170493
48,                            37,                       11,                       0.172862
48,                            36,                       12,                       0.169948
48,                            36,                       12,                       0.167977
48,                            36,                       12,                       0.169851
48,                            37,                       11,                       0.166854
48,                            37,                       11,                       0.179282
48,                            37,                       11,                       0.166459
48,                            36,                       12,                       0.17316
48,                            37,                       11,                       0.17202
48,                            36,                       12,                       0.17147
48,                            36,                       12,                       0.17118
48,                            37,                       11,                       0.167805
48,                            36,                       12,                       0.173372
48,                            37,                       11,                       0.166447
48,                            36,                       12,                       0.173085
48,                            37,                       11,                       0.170725
48,                            36,                       12,                       0.174277
48,                            36,                       12,                       0.180629
48,                            35,                       13,                       0.163023
48,                            36,                       12,                       0.161988
48,                            37,                       11,                       0.160394
48,                            36,                       12,                       0.190882
48,                            36,                       12,                       0.168722
48,                            36,                       12,                       0.166356
48,                            37,                       11,                       0.178131
48,                            36,                       12,                       0.167658
48,                            36,                       12,                       0.16187
48,                            37,                       11,                       0.172907
48,                            36,                       12,                       0.16272
48,                            37,                       11,                       0.174374
48,                            37,                       11,                       0.174777
48,                            38,                       10,                       0.17017
48,                            36,                       12,                       0.183547
48,                            37,                       11,                       0.174125
48,                            36,                       12,                       0.167079
48,                            37,                       11,                       0.167458
48,                            37,                       11,                       0.169793
48,                            36,                       12,                       0.167684
48,                            36,                       12,                       0.167043
48,                            37,                       11,                       0.170328
48,                            36,                       12,                       0.172896
48,                            36,                       12,                       0.167345
48,                            36,                       12,                       0.170889
48,                            36,                       12,                       0.163119
48,                            37,                       11,                       0.178801
48,                            36,                       12,                       0.169608
48,                            36,                       12,                       0.176655
48,                            37,                       11,                       0.171729
48,                            37,                       11,                       0.177996
48,                            37,                       11,                       0.167009
48,                            35,                       13,                       0.163376
48,                            36,                       12,                       0.178251
48,                            35,                       13,                       0.161
48,                            35,                       13,                       0.162003
48,                            36,                       12,                       0.170859
48,                            36,                       12,                       0.168375
48,                            37,                       11,                       0.179527
48,                            37,                       11,                       0.182926
48,                            38,                       10,                       0.215296
48,                            36,                       12,                       0.177204
48,                            37,                       11,                       0.186412
48,                            36,                       12,                       0.173967
48,                            36,                       12,                       0.18212
48,                            37,                       11,                       0.171815
48,                            37,                       11,                       0.15976
48,                            36,                       12,                       0.17068
48,                            36,                       12,                       0.173892
48,                            37,                       11,                       0.171629
48,                            37,                       11,                       0.189526
48,                            36,                       12,                       0.177628
48,                            37,                       11,                       0.168156
48,                            36,                       12,                       0.181331
48,                            36,                       12,                       0.170178
48,                            36,                       12,                       0.165166
48,                            37,                       11,                       0.165433
48,                            36,                       12,                       0.192517
48,                            36,                       12,                       0.172824
48,                            37,                       11,                       0.167695
48,                            37,                       11,                       0.168536
48,                            36,                       12,                       0.169906
48,                            36,                       12,                       0.168367
48,                            35,                       13,                       0.160638
48,                            35,                       13,                       0.16206
48,                            36,                       12,                       0.168315
48,                            37,                       11,                       0.168825
48,                            35,                       13,                       0.162236
48,                            36,                       12,                       0.184795
48,                            37,                       11,                       0.171032
48,                            36,                       12,                       0.169686
48,                            36,                       12,                       0.169933
48,                            35,                       13,                       0.17106
48,                            37,                       11,                       0.171855
48,                            36,                       12,                       0.178987
48,                            37,                       11,                       0.170856
48,                            36,                       12,                       0.185213
48,                            36,                       12,                       0.168291
