COMMENT : The search result by Simulated-Annealing for Cauchy_Good Fri Jan 26 18:35:45 2018

tech : Cauchy_Good
algorithm : Simulated-Annealing
k : 3
m : 2
w : 5
failed_disk_id : 0
conventional_symbol_number    optimized_symbol_number    reduced_symbol_number    time
15,                            11,                       4,                       0.002231
15,                            11,                       4,                       0.001678
15,                            11,                       4,                       0.001687
15,                            11,                       4,                       0.001981
15,                            11,                       4,                       0.001243
15,                            11,                       4,                       0.001868
15,                            11,                       4,                       0.002312
15,                            11,                       4,                       0.002715
15,                            11,                       4,                       0.001556
15,                            11,                       4,                       0.001655
15,                            11,                       4,                       0.001758
15,                            11,                       4,                       0.001294
15,                            11,                       4,                       0.001764
15,                            11,                       4,                       0.001771
15,                            11,                       4,                       0.00157
15,                            11,                       4,                       0.001351
15,                            11,                       4,                       0.001732
15,                            11,                       4,                       0.001293
15,                            11,                       4,                       0.001718
15,                            11,                       4,                       0.002461
15,                            11,                       4,                       0.001699
15,                            11,                       4,                       0.001752
15,                            11,                       4,                       0.001374
15,                            11,                       4,                       0.001544
15,                            11,                       4,                       0.001199
15,                            11,                       4,                       0.00119
15,                            11,                       4,                       0.001211
15,                            11,                       4,                       0.001628
15,                            11,                       4,                       0.001663
15,                            11,                       4,                       0.001202
15,                            11,                       4,                       0.001594
15,                            11,                       4,                       0.00124
15,                            11,                       4,                       0.001212
15,                            11,                       4,                       0.001263
15,                            11,                       4,                       0.002292
15,                            11,                       4,                       0.00175
15,                            11,                       4,                       0.001661
15,                            11,                       4,                       0.001835
15,                            11,                       4,                       0.00127
15,                            11,                       4,                       0.001555
15,                            11,                       4,                       0.001244
15,                            11,                       4,                       0.001382
15,                            11,                       4,                       0.001638
15,                            11,                       4,                       0.001213
15,                            11,                       4,                       0.00127
15,                            11,                       4,                       0.001548
15,                            11,                       4,                       0.001555
15,                            11,                       4,                       0.001328
15,                            11,                       4,                       0.001184
15,                            11,                       4,                       0.001619
15,                            11,                       4,                       0.00124
15,                            11,                       4,                       0.001241
15,                            11,                       4,                       0.001222
15,                            11,                       4,                       0.001539
15,                            11,                       4,                       0.001663
15,                            11,                       4,                       0.001646
15,                            11,                       4,                       0.0017
15,                            11,                       4,                       0.00126
15,                            11,                       4,                       0.001743
15,                            11,                       4,                       0.001615
15,                            11,                       4,                       0.001618
15,                            11,                       4,                       0.001219
15,                            11,                       4,                       0.001621
15,                            11,                       4,                       0.001305
15,                            11,                       4,                       0.001593
15,                            11,                       4,                       0.001214
15,                            11,                       4,                       0.00126
15,                            11,                       4,                       0.001578
15,                            11,                       4,                       0.001611
15,                            11,                       4,                       0.001233
15,                            11,                       4,                       0.001272
15,                            11,                       4,                       0.001332
15,                            11,                       4,                       0.001573
15,                            11,                       4,                       0.001406
15,                            11,                       4,                       0.001648
15,                            11,                       4,                       0.001983
15,                            11,                       4,                       0.001704
15,                            11,                       4,                       0.001641
15,                            11,                       4,                       0.001709
15,                            11,                       4,                       0.001729
15,                            11,                       4,                       0.001638
15,                            11,                       4,                       0.001656
15,                            11,                       4,                       0.001609
15,                            11,                       4,                       0.001686
15,                            11,                       4,                       0.001713
15,                            11,                       4,                       0.00162
15,                            11,                       4,                       0.00128
15,                            11,                       4,                       0.00159
15,                            11,                       4,                       0.001631
15,                            11,                       4,                       0.001194
15,                            11,                       4,                       0.001238
15,                            11,                       4,                       0.001724
15,                            11,                       4,                       0.001272
15,                            11,                       4,                       0.001295
15,                            11,                       4,                       0.001867
15,                            11,                       4,                       0.001598
15,                            11,                       4,                       0.001639
15,                            11,                       4,                       0.001722
15,                            11,                       4,                       0.0016
15,                            11,                       4,                       0.001648
15,                            11,                       4,                       0.00159
15,                            11,                       4,                       0.001509
15,                            11,                       4,                       0.001614
15,                            11,                       4,                       0.0016
15,                            11,                       4,                       0.001587
15,                            11,                       4,                       0.001585
15,                            11,                       4,                       0.001727
15,                            11,                       4,                       0.001465
15,                            11,                       4,                       0.001532
15,                            11,                       4,                       0.001533
15,                            11,                       4,                       0.001494
15,                            11,                       4,                       0.001284
15,                            11,                       4,                       0.001885
15,                            11,                       4,                       0.001251
15,                            11,                       4,                       0.001563
15,                            11,                       4,                       0.001712
15,                            11,                       4,                       0.001575
15,                            11,                       4,                       0.001287
15,                            11,                       4,                       0.002141
15,                            11,                       4,                       0.001567
15,                            11,                       4,                       0.00169
15,                            11,                       4,                       0.001672
15,                            11,                       4,                       0.001655
15,                            11,                       4,                       0.001254
15,                            11,                       4,                       0.001637
15,                            11,                       4,                       0.001696
15,                            11,                       4,                       0.001268
15,                            11,                       4,                       0.001566
15,                            11,                       4,                       0.00171
15,                            11,                       4,                       0.001555
15,                            11,                       4,                       0.001206
15,                            11,                       4,                       0.001246
15,                            11,                       4,                       0.001826
15,                            11,                       4,                       0.001657
15,                            11,                       4,                       0.001573
15,                            11,                       4,                       0.001185
15,                            11,                       4,                       0.001313
15,                            11,                       4,                       0.001263
15,                            11,                       4,                       0.001593
15,                            11,                       4,                       0.001703
15,                            11,                       4,                       0.00153
15,                            11,                       4,                       0.001717
15,                            11,                       4,                       0.002056
15,                            11,                       4,                       0.001622
15,                            11,                       4,                       0.00157
15,                            11,                       4,                       0.001263
15,                            11,                       4,                       0.001836
15,                            11,                       4,                       0.00122
15,                            11,                       4,                       0.002052
15,                            11,                       4,                       0.001627
15,                            11,                       4,                       0.001255
15,                            11,                       4,                       0.00134
15,                            11,                       4,                       0.001565
15,                            11,                       4,                       0.001573
15,                            11,                       4,                       0.001567
15,                            11,                       4,                       0.001543
15,                            11,                       4,                       0.001314
15,                            11,                       4,                       0.002149
15,                            11,                       4,                       0.001524
15,                            11,                       4,                       0.001342
15,                            11,                       4,                       0.00161
15,                            11,                       4,                       0.00122
15,                            11,                       4,                       0.0015
15,                            11,                       4,                       0.001231
15,                            11,                       4,                       0.001608
15,                            11,                       4,                       0.001215
15,                            11,                       4,                       0.001678
15,                            11,                       4,                       0.001622
15,                            11,                       4,                       0.001631
15,                            11,                       4,                       0.001655
15,                            11,                       4,                       0.001603
15,                            11,                       4,                       0.001605
15,                            11,                       4,                       0.001932
15,                            11,                       4,                       0.001655
15,                            11,                       4,                       0.001536
15,                            11,                       4,                       0.001314
15,                            11,                       4,                       0.001479
15,                            11,                       4,                       0.001304
15,                            11,                       4,                       0.001291
15,                            11,                       4,                       0.001673
15,                            11,                       4,                       0.001636
15,                            11,                       4,                       0.001632
15,                            11,                       4,                       0.001618
15,                            11,                       4,                       0.001398
15,                            11,                       4,                       0.001639
15,                            11,                       4,                       0.001331
15,                            11,                       4,                       0.001675
15,                            11,                       4,                       0.001528
15,                            11,                       4,                       0.001595
15,                            11,                       4,                       0.001663
15,                            11,                       4,                       0.001628
15,                            11,                       4,                       0.001373
15,                            11,                       4,                       0.001779
15,                            11,                       4,                       0.001735
15,                            11,                       4,                       0.001245
15,                            11,                       4,                       0.001922
15,                            11,                       4,                       0.001296
15,                            11,                       4,                       0.001554
15,                            11,                       4,                       0.001686
15,                            11,                       4,                       0.001505
15,                            11,                       4,                       0.001548
15,                            11,                       4,                       0.001195
15,                            11,                       4,                       0.001648
15,                            11,                       4,                       0.002326
15,                            11,                       4,                       0.001568
15,                            11,                       4,                       0.001651
15,                            11,                       4,                       0.001675
15,                            11,                       4,                       0.001775
15,                            11,                       4,                       0.001615
15,                            11,                       4,                       0.001196
15,                            11,                       4,                       0.001433
15,                            11,                       4,                       0.001537
15,                            11,                       4,                       0.001447
15,                            11,                       4,                       0.001248
15,                            11,                       4,                       0.001704
15,                            11,                       4,                       0.001285
15,                            11,                       4,                       0.001712
15,                            11,                       4,                       0.001669
15,                            11,                       4,                       0.001376
15,                            11,                       4,                       0.001663
15,                            11,                       4,                       0.001259
15,                            11,                       4,                       0.001693
15,                            11,                       4,                       0.00156
15,                            11,                       4,                       0.001673
15,                            11,                       4,                       0.001581
15,                            11,                       4,                       0.001597
15,                            11,                       4,                       0.001266
15,                            11,                       4,                       0.001544
15,                            11,                       4,                       0.001346
15,                            11,                       4,                       0.001209
15,                            11,                       4,                       0.001242
15,                            11,                       4,                       0.001562
15,                            11,                       4,                       0.001218
15,                            11,                       4,                       0.00157
15,                            11,                       4,                       0.001218
15,                            11,                       4,                       0.001242
15,                            11,                       4,                       0.001516
15,                            11,                       4,                       0.00167
15,                            11,                       4,                       0.001762
15,                            11,                       4,                       0.001205
15,                            11,                       4,                       0.001719
15,                            11,                       4,                       0.001726
15,                            11,                       4,                       0.001615
15,                            11,                       4,                       0.001721
15,                            11,                       4,                       0.001296
15,                            11,                       4,                       0.001611
15,                            11,                       4,                       0.0017
15,                            11,                       4,                       0.001627
15,                            11,                       4,                       0.001757
15,                            11,                       4,                       0.001548
15,                            11,                       4,                       0.00181
15,                            11,                       4,                       0.001298
15,                            11,                       4,                       0.00164
15,                            11,                       4,                       0.00172
15,                            11,                       4,                       0.001675
15,                            11,                       4,                       0.001643
15,                            11,                       4,                       0.001895
15,                            11,                       4,                       0.00132
15,                            11,                       4,                       0.001208
15,                            11,                       4,                       0.0016
15,                            11,                       4,                       0.001796
15,                            11,                       4,                       0.001324
15,                            11,                       4,                       0.001531
15,                            11,                       4,                       0.001704
15,                            11,                       4,                       0.001544
15,                            11,                       4,                       0.001562
15,                            11,                       4,                       0.001588
15,                            11,                       4,                       0.001219
15,                            11,                       4,                       0.001271
15,                            11,                       4,                       0.001547
15,                            11,                       4,                       0.001747
15,                            11,                       4,                       0.001884
15,                            11,                       4,                       0.001591
15,                            11,                       4,                       0.001631
15,                            11,                       4,                       0.001639
15,                            11,                       4,                       0.001504
15,                            11,                       4,                       0.00162
15,                            11,                       4,                       0.001603
15,                            11,                       4,                       0.001685
15,                            11,                       4,                       0.001532
15,                            11,                       4,                       0.001221
15,                            11,                       4,                       0.001347
15,                            11,                       4,                       0.001612
15,                            11,                       4,                       0.001563
15,                            11,                       4,                       0.001698
15,                            11,                       4,                       0.001673
15,                            11,                       4,                       0.001866
15,                            11,                       4,                       0.00166
15,                            11,                       4,                       0.001416
15,                            11,                       4,                       0.001284
15,                            11,                       4,                       0.001294
15,                            11,                       4,                       0.001746
15,                            11,                       4,                       0.001604
15,                            11,                       4,                       0.001636
15,                            11,                       4,                       0.001688
15,                            11,                       4,                       0.001338
15,                            11,                       4,                       0.00151
15,                            11,                       4,                       0.00151
15,                            11,                       4,                       0.001259
15,                            11,                       4,                       0.001587
