COMMENT : The search result by Simulated-Annealing for Cauchy_Good Fri Jan 26 18:35:54 2018

tech : Cauchy_Good
algorithm : Simulated-Annealing
k : 7
m : 6
w : 8
failed_disk_id : 0
conventional_symbol_number    optimized_symbol_number    reduced_symbol_number    time
56,                            46,                       10,                       0.23098
56,                            47,                       9,                       0.207795
56,                            46,                       10,                       0.220552
56,                            47,                       9,                       0.224574
56,                            45,                       11,                       0.207541
56,                            47,                       9,                       0.220453
56,                            47,                       9,                       0.22363
56,                            47,                       9,                       0.221868
56,                            46,                       10,                       0.224637
56,                            46,                       10,                       0.239071
56,                            46,                       10,                       0.227594
56,                            47,                       9,                       0.239732
56,                            46,                       10,                       0.241198
56,                            45,                       11,                       0.218072
56,                            47,                       9,                       0.242104
56,                            46,                       10,                       0.224072
56,                            47,                       9,                       0.239275
56,                            47,                       9,                       0.219638
56,                            46,                       10,                       0.217502
56,                            46,                       10,                       0.222289
56,                            47,                       9,                       0.219502
56,                            46,                       10,                       0.234274
56,                            46,                       10,                       0.219205
56,                            46,                       10,                       0.212891
56,                            47,                       9,                       0.196547
56,                            46,                       10,                       0.223684
56,                            46,                       10,                       0.211089
56,                            47,                       9,                       0.210554
56,                            46,                       10,                       0.210447
56,                            47,                       9,                       0.21725
56,                            46,                       10,                       0.202586
56,                            46,                       10,                       0.230142
56,                            47,                       9,                       0.200138
56,                            47,                       9,                       0.223711
56,                            47,                       9,                       0.218407
56,                            47,                       9,                       0.212758
56,                            47,                       9,                       0.208806
56,                            46,                       10,                       0.218116
56,                            46,                       10,                       0.219061
56,                            46,                       10,                       0.20887
56,                            45,                       11,                       0.206601
56,                            46,                       10,                       0.217022
56,                            46,                       10,                       0.210257
56,                            46,                       10,                       0.208015
56,                            46,                       10,                       0.213886
56,                            46,                       10,                       0.206607
56,                            47,                       9,                       0.202469
56,                            47,                       9,                       0.206977
56,                            46,                       10,                       0.212557
56,                            47,                       9,                       0.212837
56,                            45,                       11,                       0.210642
56,                            46,                       10,                       0.203255
56,                            46,                       10,                       0.216902
56,                            46,                       10,                       0.203568
56,                            47,                       9,                       0.202667
56,                            46,                       10,                       0.214694
56,                            46,                       10,                       0.20644
56,                            45,                       11,                       0.207642
56,                            47,                       9,                       0.213478
56,                            46,                       10,                       0.220455
56,                            47,                       9,                       0.199329
56,                            46,                       10,                       0.205035
56,                            46,                       10,                       0.209968
56,                            46,                       10,                       0.211222
56,                            46,                       10,                       0.201583
56,                            47,                       9,                       0.209702
56,                            45,                       11,                       0.208769
56,                            47,                       9,                       0.20426
56,                            46,                       10,                       0.209635
56,                            46,                       10,                       0.216645
56,                            46,                       10,                       0.209448
56,                            47,                       9,                       0.257344
56,                            46,                       10,                       0.227135
56,                            45,                       11,                       0.198641
56,                            46,                       10,                       0.205892
56,                            47,                       9,                       0.219744
56,                            47,                       9,                       0.215439
56,                            46,                       10,                       0.230588
56,                            47,                       9,                       0.219406
56,                            47,                       9,                       0.22942
56,                            46,                       10,                       0.208512
56,                            46,                       10,                       0.214288
56,                            46,                       10,                       0.211999
56,                            46,                       10,                       0.20933
56,                            47,                       9,                       0.237598
56,                            46,                       10,                       0.21211
56,                            46,                       10,                       0.2433
56,                            46,                       10,                       0.202778
56,                            47,                       9,                       0.206971
56,                            47,                       9,                       0.211519
56,                            47,                       9,                       0.209914
56,                            46,                       10,                       0.209156
56,                            46,                       10,                       0.210726
56,                            46,                       10,                       0.214827
56,                            46,                       10,                       0.215012
56,                            45,                       11,                       0.200304
56,                            45,                       11,                       0.204511
56,                            47,                       9,                       0.206695
56,                            46,                       10,                       0.212501
56,                            45,                       11,                       0.19955
56,                            47,                       9,                       0.209245
56,                            47,                       9,                       0.221437
56,                            46,                       10,                       0.210929
56,                            46,                       10,                       0.203266
56,                            47,                       9,                       0.213154
56,                            46,                       10,                       0.206369
56,                            46,                       10,                       0.209964
56,                            46,                       10,                       0.206504
56,                            46,                       10,                       0.223114
56,                            46,                       10,                       0.211115
56,                            46,                       10,                       0.227283
56,                            45,                       11,                       0.200294
56,                            47,                       9,                       0.201482
56,                            46,                       10,                       0.210349
56,                            46,                       10,                       0.221537
56,                            47,                       9,                       0.228002
56,                            45,                       11,                       0.199076
56,                            46,                       10,                       0.211696
56,                            46,                       10,                       0.229995
56,                            47,                       9,                       0.214395
56,                            45,                       11,                       0.200919
56,                            47,                       9,                       0.258181
56,                            46,                       10,                       0.217796
56,                            46,                       10,                       0.203538
56,                            46,                       10,                       0.204477
56,                            46,                       10,                       0.207677
56,                            47,                       9,                       0.206668
56,                            46,                       10,                       0.208834
56,                            46,                       10,                       0.223116
56,                            47,                       9,                       0.209025
56,                            46,                       10,                       0.221218
56,                            45,                       11,                       0.203943
56,                            46,                       10,                       0.217632
56,                            47,                       9,                       0.210822
56,                            46,                       10,                       0.210352
56,                            46,                       10,                       0.216777
56,                            47,                       9,                       0.216141
56,                            46,                       10,                       0.216503
56,                            46,                       10,                       0.222601
56,                            46,                       10,                       0.233225
56,                            46,                       10,                       0.218613
56,                            46,                       10,                       0.208234
56,                            47,                       9,                       0.220788
56,                            46,                       10,                       0.21649
56,                            47,                       9,                       0.211967
56,                            47,                       9,                       0.214773
56,                            45,                       11,                       0.206404
56,                            48,                       8,                       0.215969
56,                            46,                       10,                       0.21794
56,                            46,                       10,                       0.224689
56,                            45,                       11,                       0.207481
56,                            47,                       9,                       0.214993
56,                            46,                       10,                       0.211195
56,                            46,                       10,                       0.230654
56,                            45,                       11,                       0.204546
56,                            46,                       10,                       0.214906
56,                            47,                       9,                       0.206825
56,                            46,                       10,                       0.204961
56,                            46,                       10,                       0.229664
56,                            46,                       10,                       0.221015
56,                            45,                       11,                       0.212155
56,                            45,                       11,                       0.202391
56,                            47,                       9,                       0.24271
56,                            46,                       10,                       0.213664
56,                            46,                       10,                       0.213633
56,                            46,                       10,                       0.210783
56,                            47,                       9,                       0.214564
56,                            46,                       10,                       0.2077
56,                            47,                       9,                       0.208905
56,                            45,                       11,                       0.20289
56,                            45,                       11,                       0.200792
56,                            47,                       9,                       0.240908
56,                            45,                       11,                       0.209596
56,                            46,                       10,                       0.262151
56,                            47,                       9,                       0.22324
56,                            45,                       11,                       0.202219
56,                            47,                       9,                       0.209638
56,                            46,                       10,                       0.216939
56,                            46,                       10,                       0.213796
56,                            45,                       11,                       0.199019
56,                            46,                       10,                       0.210871
56,                            46,                       10,                       0.219977
56,                            47,                       9,                       0.237733
56,                            46,                       10,                       0.226301
56,                            47,                       9,                       0.207594
56,                            47,                       9,                       0.21341
56,                            46,                       10,                       0.205693
56,                            46,                       10,                       0.215554
56,                            45,                       11,                       0.198913
56,                            48,                       8,                       0.229681
56,                            46,                       10,                       0.25636
56,                            47,                       9,                       0.210699
56,                            45,                       11,                       0.199116
56,                            46,                       10,                       0.237264
56,                            46,                       10,                       0.209713
56,                            46,                       10,                       0.221987
56,                            48,                       8,                       0.227745
56,                            46,                       10,                       0.206514
56,                            46,                       10,                       0.254129
56,                            45,                       11,                       0.201364
56,                            47,                       9,                       0.224367
56,                            45,                       11,                       0.205768
56,                            47,                       9,                       0.20741
56,                            47,                       9,                       0.21622
56,                            47,                       9,                       0.212928
56,                            46,                       10,                       0.212346
56,                            46,                       10,                       0.221052
56,                            46,                       10,                       0.207966
56,                            48,                       8,                       0.226633
56,                            45,                       11,                       0.202491
56,                            46,                       10,                       0.221744
56,                            46,                       10,                       0.237729
56,                            46,                       10,                       0.231222
56,                            46,                       10,                       0.263168
56,                            47,                       9,                       0.221819
56,                            46,                       10,                       0.212079
56,                            47,                       9,                       0.215085
56,                            45,                       11,                       0.223358
56,                            46,                       10,                       0.210996
56,                            46,                       10,                       0.203513
56,                            46,                       10,                       0.216877
56,                            47,                       9,                       0.21653
56,                            46,                       10,                       0.215609
56,                            45,                       11,                       0.199988
56,                            46,                       10,                       0.207055
56,                            47,                       9,                       0.204754
56,                            45,                       11,                       0.203641
56,                            46,                       10,                       0.205013
56,                            45,                       11,                       0.200758
56,                            47,                       9,                       0.225698
56,                            46,                       10,                       0.211183
56,                            45,                       11,                       0.200842
56,                            47,                       9,                       0.220023
56,                            45,                       11,                       0.201615
56,                            45,                       11,                       0.203088
56,                            46,                       10,                       0.215405
56,                            46,                       10,                       0.212075
56,                            46,                       10,                       0.210501
56,                            47,                       9,                       0.21278
56,                            47,                       9,                       0.219016
56,                            47,                       9,                       0.216463
56,                            46,                       10,                       0.212495
56,                            45,                       11,                       0.207719
56,                            46,                       10,                       0.213202
56,                            47,                       9,                       0.229277
56,                            47,                       9,                       0.217058
56,                            46,                       10,                       0.205139
56,                            46,                       10,                       0.212587
56,                            46,                       10,                       0.211624
56,                            46,                       10,                       0.211104
56,                            47,                       9,                       0.232568
56,                            48,                       8,                       0.234977
56,                            47,                       9,                       0.209049
56,                            46,                       10,                       0.213363
56,                            46,                       10,                       0.2094
56,                            47,                       9,                       0.231198
56,                            47,                       9,                       0.214812
56,                            47,                       9,                       0.205919
56,                            47,                       9,                       0.224242
56,                            47,                       9,                       0.208869
56,                            45,                       11,                       0.206055
56,                            46,                       10,                       0.217142
56,                            45,                       11,                       0.203353
56,                            47,                       9,                       0.204257
56,                            47,                       9,                       0.206179
56,                            47,                       9,                       0.208412
56,                            46,                       10,                       0.223039
56,                            47,                       9,                       0.215828
56,                            46,                       10,                       0.215584
56,                            47,                       9,                       0.241033
56,                            47,                       9,                       0.22388
56,                            46,                       10,                       0.215385
56,                            46,                       10,                       0.233691
56,                            46,                       10,                       0.20964
56,                            47,                       9,                       0.20826
56,                            47,                       9,                       0.207077
56,                            45,                       11,                       0.201141
56,                            45,                       11,                       0.200485
56,                            47,                       9,                       0.211754
56,                            46,                       10,                       0.213229
56,                            47,                       9,                       0.222671
56,                            46,                       10,                       0.229982
56,                            46,                       10,                       0.210101
56,                            46,                       10,                       0.224015
56,                            47,                       9,                       0.222266
56,                            46,                       10,                       0.210559
56,                            46,                       10,                       0.213787
56,                            46,                       10,                       0.217384
56,                            47,                       9,                       0.207447
56,                            47,                       9,                       0.216243
56,                            47,                       9,                       0.210064
56,                            46,                       10,                       0.208385
56,                            45,                       11,                       0.200879
56,                            46,                       10,                       0.233523
56,                            47,                       9,                       0.208503
56,                            46,                       10,                       0.212093
56,                            46,                       10,                       0.215358
56,                            47,                       9,                       0.215956
56,                            47,                       9,                       0.207895
56,                            46,                       10,                       0.21579
