COMMENT : The search result by Simulated-Annealing for Cauchy_Good Fri Jan 26 18:35:50 2018

tech : Cauchy_Good
algorithm : Simulated-Annealing
k : 6
m : 5
w : 4
failed_disk_id : 0
conventional_symbol_number    optimized_symbol_number    reduced_symbol_number    time
24,                            17,                       7,                       0.003354
24,                            17,                       7,                       0.003052
24,                            17,                       7,                       0.003916
24,                            18,                       6,                       0.003117
24,                            17,                       7,                       0.003179
24,                            17,                       7,                       0.003854
24,                            17,                       7,                       0.003029
24,                            17,                       7,                       0.003105
24,                            17,                       7,                       0.003522
24,                            17,                       7,                       0.003226
24,                            17,                       7,                       0.003095
24,                            17,                       7,                       0.003156
24,                            17,                       7,                       0.003082
24,                            19,                       5,                       0.003907
24,                            17,                       7,                       0.003051
24,                            17,                       7,                       0.003936
24,                            17,                       7,                       0.003194
24,                            18,                       6,                       0.003301
24,                            17,                       7,                       0.003293
24,                            18,                       6,                       0.003239
24,                            17,                       7,                       0.003897
24,                            18,                       6,                       0.00339
24,                            17,                       7,                       0.003015
24,                            18,                       6,                       0.003221
24,                            17,                       7,                       0.003028
24,                            17,                       7,                       0.003084
24,                            17,                       7,                       0.003314
24,                            18,                       6,                       0.003245
24,                            17,                       7,                       0.002979
24,                            18,                       6,                       0.003215
24,                            17,                       7,                       0.01439
24,                            17,                       7,                       0.003185
24,                            18,                       6,                       0.003163
24,                            18,                       6,                       0.003137
24,                            18,                       6,                       0.003202
24,                            17,                       7,                       0.003249
24,                            17,                       7,                       0.002938
24,                            17,                       7,                       0.003181
24,                            18,                       6,                       0.003437
24,                            17,                       7,                       0.003161
24,                            17,                       7,                       0.003062
24,                            17,                       7,                       0.003174
24,                            17,                       7,                       0.003158
24,                            17,                       7,                       0.003246
24,                            17,                       7,                       0.002894
24,                            17,                       7,                       0.002941
24,                            18,                       6,                       0.003255
24,                            17,                       7,                       0.003021
24,                            17,                       7,                       0.003246
24,                            17,                       7,                       0.003421
24,                            17,                       7,                       0.00303
24,                            17,                       7,                       0.003059
24,                            17,                       7,                       0.003659
24,                            17,                       7,                       0.003239
24,                            18,                       6,                       0.003165
24,                            17,                       7,                       0.003321
24,                            17,                       7,                       0.003079
24,                            17,                       7,                       0.002935
24,                            17,                       7,                       0.00319
24,                            18,                       6,                       0.003232
24,                            17,                       7,                       0.00306
24,                            17,                       7,                       0.003095
24,                            17,                       7,                       0.003049
24,                            17,                       7,                       0.003125
24,                            17,                       7,                       0.003237
24,                            17,                       7,                       0.003021
24,                            17,                       7,                       0.003144
24,                            17,                       7,                       0.003031
24,                            17,                       7,                       0.003528
24,                            17,                       7,                       0.00317
24,                            17,                       7,                       0.003285
24,                            17,                       7,                       0.003691
24,                            17,                       7,                       0.003132
24,                            17,                       7,                       0.003208
24,                            17,                       7,                       0.003109
24,                            17,                       7,                       0.003038
24,                            17,                       7,                       0.003197
24,                            17,                       7,                       0.003182
24,                            17,                       7,                       0.003372
24,                            17,                       7,                       0.003422
24,                            18,                       6,                       0.003318
24,                            18,                       6,                       0.003359
24,                            17,                       7,                       0.003035
24,                            17,                       7,                       0.003171
24,                            17,                       7,                       0.00299
24,                            17,                       7,                       0.003147
24,                            17,                       7,                       0.003011
24,                            18,                       6,                       0.003526
24,                            17,                       7,                       0.003076
24,                            17,                       7,                       0.003439
24,                            17,                       7,                       0.003152
24,                            17,                       7,                       0.003077
24,                            17,                       7,                       0.00308
24,                            17,                       7,                       0.003053
24,                            18,                       6,                       0.00339
24,                            17,                       7,                       0.003217
24,                            17,                       7,                       0.003232
24,                            17,                       7,                       0.003298
24,                            17,                       7,                       0.003004
24,                            17,                       7,                       0.003101
24,                            17,                       7,                       0.003024
24,                            17,                       7,                       0.002968
24,                            17,                       7,                       0.002974
24,                            17,                       7,                       0.003427
24,                            17,                       7,                       0.003099
24,                            18,                       6,                       0.003182
24,                            17,                       7,                       0.003043
24,                            17,                       7,                       0.003085
24,                            17,                       7,                       0.003068
24,                            17,                       7,                       0.003337
24,                            17,                       7,                       0.003135
24,                            17,                       7,                       0.003111
24,                            17,                       7,                       0.003088
24,                            18,                       6,                       0.003177
24,                            17,                       7,                       0.003072
24,                            17,                       7,                       0.00339
24,                            17,                       7,                       0.003436
24,                            17,                       7,                       0.003198
24,                            17,                       7,                       0.003246
24,                            18,                       6,                       0.003116
24,                            17,                       7,                       0.003187
24,                            17,                       7,                       0.003059
24,                            17,                       7,                       0.003087
24,                            17,                       7,                       0.003056
24,                            17,                       7,                       0.003084
24,                            17,                       7,                       0.00319
24,                            17,                       7,                       0.003545
24,                            17,                       7,                       0.003002
24,                            17,                       7,                       0.00317
24,                            17,                       7,                       0.003028
24,                            18,                       6,                       0.003457
24,                            17,                       7,                       0.003307
24,                            17,                       7,                       0.003133
24,                            17,                       7,                       0.003338
24,                            17,                       7,                       0.003038
24,                            17,                       7,                       0.003077
24,                            17,                       7,                       0.003037
24,                            17,                       7,                       0.003258
24,                            18,                       6,                       0.00324
24,                            18,                       6,                       0.003244
24,                            17,                       7,                       0.003197
24,                            17,                       7,                       0.003204
24,                            17,                       7,                       0.003518
24,                            18,                       6,                       0.003182
24,                            17,                       7,                       0.003062
24,                            17,                       7,                       0.003261
24,                            17,                       7,                       0.00358
24,                            18,                       6,                       0.003379
24,                            17,                       7,                       0.003097
24,                            17,                       7,                       0.003089
24,                            17,                       7,                       0.003072
24,                            18,                       6,                       0.003105
24,                            17,                       7,                       0.002981
24,                            17,                       7,                       0.003118
24,                            18,                       6,                       0.003203
24,                            17,                       7,                       0.003513
24,                            17,                       7,                       0.003143
24,                            17,                       7,                       0.003148
24,                            17,                       7,                       0.003318
24,                            17,                       7,                       0.003617
24,                            17,                       7,                       0.003272
24,                            17,                       7,                       0.003395
24,                            18,                       6,                       0.003089
24,                            17,                       7,                       0.003138
24,                            17,                       7,                       0.00301
24,                            17,                       7,                       0.003383
24,                            17,                       7,                       0.002952
24,                            17,                       7,                       0.003225
24,                            17,                       7,                       0.003161
24,                            18,                       6,                       0.002961
24,                            17,                       7,                       0.003474
24,                            17,                       7,                       0.003093
24,                            17,                       7,                       0.003146
24,                            17,                       7,                       0.00308
24,                            17,                       7,                       0.003084
24,                            17,                       7,                       0.003152
24,                            17,                       7,                       0.003265
24,                            17,                       7,                       0.003226
24,                            17,                       7,                       0.003112
24,                            17,                       7,                       0.002947
24,                            17,                       7,                       0.003108
24,                            17,                       7,                       0.003322
24,                            18,                       6,                       0.003162
24,                            17,                       7,                       0.00314
24,                            17,                       7,                       0.003119
24,                            17,                       7,                       0.003612
24,                            17,                       7,                       0.003243
24,                            17,                       7,                       0.003247
24,                            17,                       7,                       0.003121
24,                            17,                       7,                       0.003085
24,                            17,                       7,                       0.002914
24,                            17,                       7,                       0.00319
24,                            17,                       7,                       0.003436
24,                            17,                       7,                       0.003188
24,                            17,                       7,                       0.003042
24,                            18,                       6,                       0.003269
24,                            17,                       7,                       0.003166
24,                            18,                       6,                       0.003593
24,                            17,                       7,                       0.003302
24,                            17,                       7,                       0.003328
24,                            17,                       7,                       0.003377
24,                            17,                       7,                       0.003052
24,                            18,                       6,                       0.003694
24,                            17,                       7,                       0.002992
24,                            17,                       7,                       0.003333
24,                            17,                       7,                       0.003381
24,                            17,                       7,                       0.003145
24,                            17,                       7,                       0.003329
24,                            17,                       7,                       0.003069
24,                            17,                       7,                       0.002998
24,                            17,                       7,                       0.002986
24,                            17,                       7,                       0.003292
24,                            17,                       7,                       0.003506
24,                            17,                       7,                       0.003029
24,                            18,                       6,                       0.003383
24,                            17,                       7,                       0.00312
24,                            17,                       7,                       0.003118
24,                            17,                       7,                       0.003152
24,                            17,                       7,                       0.003378
24,                            17,                       7,                       0.003332
24,                            17,                       7,                       0.003093
24,                            17,                       7,                       0.003044
24,                            17,                       7,                       0.003068
24,                            17,                       7,                       0.003131
24,                            17,                       7,                       0.003047
24,                            17,                       7,                       0.003132
24,                            18,                       6,                       0.00335
24,                            18,                       6,                       0.003336
24,                            18,                       6,                       0.003432
24,                            17,                       7,                       0.003107
24,                            17,                       7,                       0.003125
24,                            17,                       7,                       0.003203
24,                            17,                       7,                       0.003546
24,                            17,                       7,                       0.00311
24,                            18,                       6,                       0.002972
24,                            17,                       7,                       0.003223
24,                            17,                       7,                       0.003116
24,                            17,                       7,                       0.003118
24,                            18,                       6,                       0.003051
24,                            18,                       6,                       0.002987
24,                            17,                       7,                       0.003123
24,                            17,                       7,                       0.002997
24,                            17,                       7,                       0.002972
24,                            17,                       7,                       0.003004
24,                            17,                       7,                       0.003002
24,                            17,                       7,                       0.003027
24,                            17,                       7,                       0.003102
24,                            17,                       7,                       0.003111
24,                            17,                       7,                       0.003163
24,                            17,                       7,                       0.003627
24,                            17,                       7,                       0.003472
24,                            17,                       7,                       0.00302
24,                            17,                       7,                       0.003271
24,                            17,                       7,                       0.003633
24,                            17,                       7,                       0.003383
24,                            17,                       7,                       0.003135
24,                            17,                       7,                       0.003486
24,                            17,                       7,                       0.003039
24,                            17,                       7,                       0.003029
24,                            17,                       7,                       0.003665
24,                            17,                       7,                       0.003026
24,                            17,                       7,                       0.003169
24,                            17,                       7,                       0.003006
24,                            17,                       7,                       0.003022
24,                            17,                       7,                       0.003179
24,                            18,                       6,                       0.003266
24,                            17,                       7,                       0.003058
24,                            17,                       7,                       0.003176
24,                            17,                       7,                       0.002958
24,                            17,                       7,                       0.003148
24,                            17,                       7,                       0.003043
24,                            17,                       7,                       0.003008
24,                            17,                       7,                       0.003024
24,                            17,                       7,                       0.003228
24,                            17,                       7,                       0.003168
24,                            17,                       7,                       0.00326
24,                            17,                       7,                       0.002986
24,                            18,                       6,                       0.003198
24,                            17,                       7,                       0.003095
24,                            17,                       7,                       0.003051
24,                            17,                       7,                       0.003135
24,                            17,                       7,                       0.003324
24,                            17,                       7,                       0.003914
24,                            17,                       7,                       0.003267
24,                            17,                       7,                       0.003077
24,                            17,                       7,                       0.003627
24,                            17,                       7,                       0.003502
24,                            17,                       7,                       0.003413
24,                            18,                       6,                       0.003297
24,                            18,                       6,                       0.003101
24,                            17,                       7,                       0.003198
24,                            17,                       7,                       0.003049
24,                            18,                       6,                       0.003152
24,                            17,                       7,                       0.003031
24,                            17,                       7,                       0.003158
24,                            17,                       7,                       0.003038
24,                            17,                       7,                       0.003428
24,                            18,                       6,                       0.003271
24,                            17,                       7,                       0.003224
24,                            17,                       7,                       0.00307
