COMMENT : The search result by Simulated-Annealing for Cauchy_Good Fri Jan 26 18:35:56 2018

tech : Cauchy_Good
algorithm : Simulated-Annealing
k : 8
m : 5
w : 6
failed_disk_id : 0
conventional_symbol_number    optimized_symbol_number    reduced_symbol_number    time
48,                            38,                       10,                       0.037883
48,                            37,                       11,                       0.033358
48,                            38,                       10,                       0.032748
48,                            37,                       11,                       0.032686
48,                            37,                       11,                       0.040048
48,                            37,                       11,                       0.040754
48,                            37,                       11,                       0.033482
48,                            37,                       11,                       0.034394
48,                            38,                       10,                       0.0334
48,                            38,                       10,                       0.034219
48,                            37,                       11,                       0.036131
48,                            37,                       11,                       0.034486
48,                            38,                       10,                       0.032834
48,                            37,                       11,                       0.033892
48,                            38,                       10,                       0.035465
48,                            37,                       11,                       0.040516
48,                            38,                       10,                       0.032919
48,                            37,                       11,                       0.035163
48,                            38,                       10,                       0.033297
48,                            38,                       10,                       0.0331
48,                            38,                       10,                       0.032729
48,                            37,                       11,                       0.031984
48,                            39,                       9,                       0.031307
48,                            38,                       10,                       0.032214
48,                            38,                       10,                       0.030776
48,                            38,                       10,                       0.029725
48,                            38,                       10,                       0.033428
48,                            37,                       11,                       0.033471
48,                            38,                       10,                       0.030708
48,                            38,                       10,                       0.030995
48,                            39,                       9,                       0.034811
48,                            38,                       10,                       0.031459
48,                            38,                       10,                       0.031929
48,                            38,                       10,                       0.032792
48,                            38,                       10,                       0.030901
48,                            38,                       10,                       0.032193
48,                            38,                       10,                       0.031318
48,                            38,                       10,                       0.030984
48,                            38,                       10,                       0.032383
48,                            38,                       10,                       0.032513
48,                            37,                       11,                       0.032107
48,                            37,                       11,                       0.034233
48,                            38,                       10,                       0.033058
48,                            37,                       11,                       0.032581
48,                            38,                       10,                       0.032183
48,                            37,                       11,                       0.033738
48,                            37,                       11,                       0.033254
48,                            37,                       11,                       0.031286
48,                            38,                       10,                       0.032679
48,                            38,                       10,                       0.032375
48,                            37,                       11,                       0.035785
48,                            38,                       10,                       0.032398
48,                            38,                       10,                       0.031618
48,                            37,                       11,                       0.031608
48,                            37,                       11,                       0.032183
48,                            38,                       10,                       0.033524
48,                            38,                       10,                       0.030851
48,                            37,                       11,                       0.03136
48,                            37,                       11,                       0.031728
48,                            37,                       11,                       0.033782
48,                            37,                       11,                       0.032592
48,                            38,                       10,                       0.033034
48,                            38,                       10,                       0.033229
48,                            38,                       10,                       0.031844
48,                            37,                       11,                       0.032681
48,                            37,                       11,                       0.032363
48,                            38,                       10,                       0.032027
48,                            37,                       11,                       0.032218
48,                            37,                       11,                       0.031729
48,                            37,                       11,                       0.032439
48,                            38,                       10,                       0.03217
48,                            38,                       10,                       0.031287
48,                            37,                       11,                       0.031982
48,                            38,                       10,                       0.032175
48,                            37,                       11,                       0.031519
48,                            38,                       10,                       0.03133
48,                            37,                       11,                       0.034258
48,                            37,                       11,                       0.035643
48,                            37,                       11,                       0.034449
48,                            37,                       11,                       0.037575
48,                            37,                       11,                       0.035703
48,                            38,                       10,                       0.031499
48,                            37,                       11,                       0.035892
48,                            37,                       11,                       0.030873
48,                            38,                       10,                       0.037608
48,                            37,                       11,                       0.032164
48,                            37,                       11,                       0.033376
48,                            37,                       11,                       0.031901
48,                            37,                       11,                       0.031717
48,                            37,                       11,                       0.032047
48,                            39,                       9,                       0.034619
48,                            37,                       11,                       0.035345
48,                            37,                       11,                       0.03374
48,                            37,                       11,                       0.033299
48,                            37,                       11,                       0.03279
48,                            39,                       9,                       0.032061
48,                            37,                       11,                       0.032343
48,                            37,                       11,                       0.033216
48,                            39,                       9,                       0.031476
48,                            37,                       11,                       0.031385
48,                            38,                       10,                       0.03278
48,                            38,                       10,                       0.033522
48,                            39,                       9,                       0.0338
48,                            38,                       10,                       0.032824
48,                            38,                       10,                       0.031751
48,                            38,                       10,                       0.035773
48,                            38,                       10,                       0.032513
48,                            37,                       11,                       0.031828
48,                            38,                       10,                       0.032597
48,                            38,                       10,                       0.032354
48,                            37,                       11,                       0.035534
48,                            38,                       10,                       0.034681
48,                            38,                       10,                       0.031718
48,                            38,                       10,                       0.031407
48,                            37,                       11,                       0.031936
48,                            37,                       11,                       0.034465
48,                            38,                       10,                       0.033345
48,                            38,                       10,                       0.032291
48,                            38,                       10,                       0.032974
48,                            37,                       11,                       0.033131
48,                            37,                       11,                       0.035367
48,                            38,                       10,                       0.036659
48,                            38,                       10,                       0.032986
48,                            38,                       10,                       0.033888
48,                            37,                       11,                       0.033319
48,                            37,                       11,                       0.033637
48,                            37,                       11,                       0.032513
48,                            37,                       11,                       0.032226
48,                            37,                       11,                       0.034422
48,                            37,                       11,                       0.033964
48,                            37,                       11,                       0.032274
48,                            38,                       10,                       0.032413
48,                            38,                       10,                       0.033588
48,                            37,                       11,                       0.032807
48,                            38,                       10,                       0.030445
48,                            37,                       11,                       0.032872
48,                            38,                       10,                       0.030874
48,                            37,                       11,                       0.032233
48,                            37,                       11,                       0.035259
48,                            37,                       11,                       0.031596
48,                            38,                       10,                       0.036986
48,                            38,                       10,                       0.032838
48,                            38,                       10,                       0.032653
48,                            38,                       10,                       0.03302
48,                            37,                       11,                       0.032085
48,                            38,                       10,                       0.034382
48,                            38,                       10,                       0.031553
48,                            39,                       9,                       0.034691
48,                            38,                       10,                       0.031992
48,                            38,                       10,                       0.033159
48,                            38,                       10,                       0.031763
48,                            37,                       11,                       0.037818
48,                            38,                       10,                       0.032512
48,                            37,                       11,                       0.032521
48,                            38,                       10,                       0.032913
48,                            38,                       10,                       0.032083
48,                            37,                       11,                       0.031707
48,                            39,                       9,                       0.034214
48,                            37,                       11,                       0.031816
48,                            37,                       11,                       0.03333
48,                            38,                       10,                       0.031393
48,                            38,                       10,                       0.033775
48,                            38,                       10,                       0.033499
48,                            37,                       11,                       0.034129
48,                            37,                       11,                       0.033096
48,                            37,                       11,                       0.032282
48,                            38,                       10,                       0.030929
48,                            38,                       10,                       0.033568
48,                            38,                       10,                       0.033258
48,                            38,                       10,                       0.031848
48,                            37,                       11,                       0.032943
48,                            37,                       11,                       0.034745
48,                            37,                       11,                       0.03307
48,                            37,                       11,                       0.035219
48,                            37,                       11,                       0.036706
48,                            37,                       11,                       0.033503
48,                            38,                       10,                       0.03385
48,                            37,                       11,                       0.03381
48,                            38,                       10,                       0.03205
48,                            38,                       10,                       0.031952
48,                            38,                       10,                       0.031913
48,                            37,                       11,                       0.032431
48,                            37,                       11,                       0.031698
48,                            38,                       10,                       0.030759
48,                            37,                       11,                       0.032638
48,                            37,                       11,                       0.03316
48,                            37,                       11,                       0.033476
48,                            38,                       10,                       0.033785
48,                            38,                       10,                       0.033043
48,                            38,                       10,                       0.033332
48,                            37,                       11,                       0.032603
48,                            37,                       11,                       0.034191
48,                            38,                       10,                       0.030974
48,                            37,                       11,                       0.032777
48,                            37,                       11,                       0.036196
48,                            37,                       11,                       0.033396
48,                            37,                       11,                       0.032864
48,                            38,                       10,                       0.032653
48,                            39,                       9,                       0.032969
48,                            38,                       10,                       0.035543
48,                            37,                       11,                       0.032776
48,                            37,                       11,                       0.033032
48,                            37,                       11,                       0.030869
48,                            38,                       10,                       0.033321
48,                            38,                       10,                       0.030867
48,                            38,                       10,                       0.031713
48,                            38,                       10,                       0.03604
48,                            38,                       10,                       0.032455
48,                            38,                       10,                       0.032883
48,                            38,                       10,                       0.033799
48,                            37,                       11,                       0.032879
48,                            38,                       10,                       0.031795
48,                            39,                       9,                       0.035413
48,                            38,                       10,                       0.032816
48,                            37,                       11,                       0.032682
48,                            38,                       10,                       0.031166
48,                            38,                       10,                       0.032029
48,                            38,                       10,                       0.032227
48,                            38,                       10,                       0.031731
48,                            37,                       11,                       0.032282
48,                            37,                       11,                       0.033094
48,                            38,                       10,                       0.031099
48,                            38,                       10,                       0.032653
48,                            37,                       11,                       0.035285
48,                            38,                       10,                       0.031049
48,                            38,                       10,                       0.032399
48,                            38,                       10,                       0.031884
48,                            38,                       10,                       0.032225
48,                            38,                       10,                       0.031561
48,                            37,                       11,                       0.032345
48,                            38,                       10,                       0.031278
48,                            37,                       11,                       0.030644
48,                            38,                       10,                       0.032271
48,                            38,                       10,                       0.030734
48,                            37,                       11,                       0.033983
48,                            38,                       10,                       0.031534
48,                            39,                       9,                       0.034077
48,                            38,                       10,                       0.032138
48,                            38,                       10,                       0.031355
48,                            37,                       11,                       0.031674
48,                            37,                       11,                       0.031756
48,                            37,                       11,                       0.033542
48,                            37,                       11,                       0.03255
48,                            37,                       11,                       0.032116
48,                            37,                       11,                       0.03199
48,                            38,                       10,                       0.031395
48,                            38,                       10,                       0.031916
48,                            38,                       10,                       0.032041
48,                            38,                       10,                       0.032425
48,                            37,                       11,                       0.036808
48,                            38,                       10,                       0.033133
48,                            38,                       10,                       0.032893
48,                            37,                       11,                       0.033198
48,                            38,                       10,                       0.03362
48,                            37,                       11,                       0.034117
48,                            37,                       11,                       0.034174
48,                            39,                       9,                       0.032671
48,                            38,                       10,                       0.032703
48,                            37,                       11,                       0.032616
48,                            38,                       10,                       0.033406
48,                            37,                       11,                       0.032476
48,                            38,                       10,                       0.032868
48,                            37,                       11,                       0.032754
48,                            38,                       10,                       0.03174
48,                            37,                       11,                       0.033015
48,                            37,                       11,                       0.034292
48,                            37,                       11,                       0.031334
48,                            38,                       10,                       0.037282
48,                            37,                       11,                       0.031807
48,                            37,                       11,                       0.032211
48,                            38,                       10,                       0.032399
48,                            38,                       10,                       0.032527
48,                            38,                       10,                       0.031996
48,                            37,                       11,                       0.032912
48,                            37,                       11,                       0.035709
48,                            38,                       10,                       0.031498
48,                            37,                       11,                       0.032513
48,                            38,                       10,                       0.032284
48,                            38,                       10,                       0.032677
48,                            37,                       11,                       0.034111
48,                            37,                       11,                       0.032416
48,                            38,                       10,                       0.029883
48,                            37,                       11,                       0.032142
48,                            38,                       10,                       0.034816
48,                            37,                       11,                       0.031793
48,                            37,                       11,                       0.03366
48,                            39,                       9,                       0.033752
48,                            38,                       10,                       0.032777
48,                            39,                       9,                       0.032147
48,                            38,                       10,                       0.031229
48,                            37,                       11,                       0.030826
48,                            37,                       11,                       0.032681
48,                            37,                       11,                       0.032841
48,                            37,                       11,                       0.034119
48,                            38,                       10,                       0.032221
48,                            37,                       11,                       0.031888
48,                            38,                       10,                       0.031613
48,                            37,                       11,                       0.033817
48,                            38,                       10,                       0.031454
48,                            37,                       11,                       0.032937
