COMMENT : The search result by Simulated-Annealing for Cauchy_Good Fri Jan 26 18:35:54 2018

tech : Cauchy_Good
algorithm : Simulated-Annealing
k : 7
m : 7
w : 4
failed_disk_id : 0
conventional_symbol_number    optimized_symbol_number    reduced_symbol_number    time
28,                            20,                       8,                       0.007409
28,                            21,                       7,                       0.006507
28,                            21,                       7,                       0.006567
28,                            21,                       7,                       0.006276
28,                            20,                       8,                       0.006387
28,                            20,                       8,                       0.005935
28,                            20,                       8,                       0.007772
28,                            21,                       7,                       0.006339
28,                            20,                       8,                       0.006466
28,                            21,                       7,                       0.007255
28,                            21,                       7,                       0.006435
28,                            22,                       6,                       0.006445
28,                            22,                       6,                       0.007174
28,                            20,                       8,                       0.006171
28,                            21,                       7,                       0.006352
28,                            21,                       7,                       0.006749
28,                            22,                       6,                       0.006542
28,                            21,                       7,                       0.007003
28,                            20,                       8,                       0.006158
28,                            22,                       6,                       0.006001
28,                            21,                       7,                       0.006225
28,                            21,                       7,                       0.006226
28,                            21,                       7,                       0.006526
28,                            21,                       7,                       0.008149
28,                            22,                       6,                       0.006046
28,                            20,                       8,                       0.005992
28,                            22,                       6,                       0.00668
28,                            20,                       8,                       0.006603
28,                            21,                       7,                       0.007006
28,                            20,                       8,                       0.006097
28,                            20,                       8,                       0.005974
28,                            21,                       7,                       0.006114
28,                            22,                       6,                       0.006272
28,                            21,                       7,                       0.006501
28,                            22,                       6,                       0.005608
28,                            20,                       8,                       0.006331
28,                            22,                       6,                       0.00593
28,                            21,                       7,                       0.006097
28,                            20,                       8,                       0.006045
28,                            21,                       7,                       0.006383
28,                            20,                       8,                       0.006339
28,                            20,                       8,                       0.006773
28,                            22,                       6,                       0.006125
28,                            20,                       8,                       0.006165
28,                            21,                       7,                       0.006205
28,                            20,                       8,                       0.005934
28,                            20,                       8,                       0.00602
28,                            21,                       7,                       0.006129
28,                            20,                       8,                       0.005975
28,                            21,                       7,                       0.006263
28,                            20,                       8,                       0.006394
28,                            20,                       8,                       0.005939
28,                            20,                       8,                       0.005927
28,                            22,                       6,                       0.006141
28,                            20,                       8,                       0.006263
28,                            21,                       7,                       0.006454
28,                            20,                       8,                       0.006013
28,                            20,                       8,                       0.0061
28,                            20,                       8,                       0.006676
28,                            21,                       7,                       0.006034
28,                            22,                       6,                       0.005913
28,                            21,                       7,                       0.006229
28,                            20,                       8,                       0.005699
28,                            21,                       7,                       0.005835
28,                            21,                       7,                       0.006244
28,                            22,                       6,                       0.006061
28,                            20,                       8,                       0.0061
28,                            21,                       7,                       0.005728
28,                            22,                       6,                       0.005994
28,                            22,                       6,                       0.006144
28,                            20,                       8,                       0.006598
28,                            22,                       6,                       0.006258
28,                            20,                       8,                       0.005946
28,                            21,                       7,                       0.006223
28,                            21,                       7,                       0.006156
28,                            20,                       8,                       0.006349
28,                            20,                       8,                       0.00745
28,                            20,                       8,                       0.006022
28,                            22,                       6,                       0.006385
28,                            20,                       8,                       0.006861
28,                            20,                       8,                       0.005917
28,                            20,                       8,                       0.006711
28,                            21,                       7,                       0.006159
28,                            20,                       8,                       0.00593
28,                            20,                       8,                       0.006415
28,                            20,                       8,                       0.005932
28,                            20,                       8,                       0.006248
28,                            21,                       7,                       0.005536
28,                            22,                       6,                       0.006184
28,                            22,                       6,                       0.006388
28,                            21,                       7,                       0.005976
28,                            20,                       8,                       0.005883
28,                            22,                       6,                       0.005945
28,                            20,                       8,                       0.005768
28,                            21,                       7,                       0.006513
28,                            20,                       8,                       0.005933
28,                            21,                       7,                       0.006344
28,                            22,                       6,                       0.006034
28,                            20,                       8,                       0.006114
28,                            21,                       7,                       0.006128
28,                            21,                       7,                       0.006063
28,                            20,                       8,                       0.006321
28,                            20,                       8,                       0.005957
28,                            22,                       6,                       0.006081
28,                            20,                       8,                       0.006251
28,                            22,                       6,                       0.006476
28,                            22,                       6,                       0.00607
28,                            21,                       7,                       0.005632
28,                            20,                       8,                       0.006146
28,                            22,                       6,                       0.005913
28,                            20,                       8,                       0.005799
28,                            22,                       6,                       0.005987
28,                            21,                       7,                       0.006059
28,                            20,                       8,                       0.006281
28,                            20,                       8,                       0.006956
28,                            20,                       8,                       0.006656
28,                            22,                       6,                       0.005864
28,                            20,                       8,                       0.006199
28,                            21,                       7,                       0.006538
28,                            21,                       7,                       0.006453
28,                            21,                       7,                       0.007552
28,                            22,                       6,                       0.00612
28,                            22,                       6,                       0.006144
28,                            20,                       8,                       0.006395
28,                            22,                       6,                       0.005976
28,                            20,                       8,                       0.006184
28,                            22,                       6,                       0.006128
28,                            21,                       7,                       0.00677
28,                            21,                       7,                       0.006137
28,                            20,                       8,                       0.005813
28,                            20,                       8,                       0.005918
28,                            20,                       8,                       0.006779
28,                            22,                       6,                       0.006364
28,                            20,                       8,                       0.006835
28,                            20,                       8,                       0.005927
28,                            22,                       6,                       0.006543
28,                            21,                       7,                       0.006115
28,                            20,                       8,                       0.006608
28,                            22,                       6,                       0.006075
28,                            20,                       8,                       0.006239
28,                            21,                       7,                       0.006559
28,                            22,                       6,                       0.006091
28,                            21,                       7,                       0.006015
28,                            21,                       7,                       0.006483
28,                            21,                       7,                       0.006347
28,                            21,                       7,                       0.006531
28,                            22,                       6,                       0.006703
28,                            21,                       7,                       0.006187
28,                            20,                       8,                       0.006702
28,                            20,                       8,                       0.005971
28,                            20,                       8,                       0.006182
28,                            20,                       8,                       0.006027
28,                            22,                       6,                       0.005949
28,                            21,                       7,                       0.006057
28,                            22,                       6,                       0.00732
28,                            20,                       8,                       0.006741
28,                            22,                       6,                       0.006356
28,                            20,                       8,                       0.005923
28,                            21,                       7,                       0.00611
28,                            22,                       6,                       0.005539
28,                            20,                       8,                       0.00633
28,                            21,                       7,                       0.006685
28,                            22,                       6,                       0.005781
28,                            22,                       6,                       0.006367
28,                            20,                       8,                       0.006354
28,                            21,                       7,                       0.006936
28,                            20,                       8,                       0.005944
28,                            20,                       8,                       0.007036
28,                            20,                       8,                       0.005959
28,                            20,                       8,                       0.005901
28,                            21,                       7,                       0.007502
28,                            21,                       7,                       0.006396
28,                            21,                       7,                       0.005984
28,                            20,                       8,                       0.006463
28,                            22,                       6,                       0.006651
28,                            20,                       8,                       0.006009
28,                            22,                       6,                       0.006271
28,                            22,                       6,                       0.006319
28,                            21,                       7,                       0.005964
28,                            21,                       7,                       0.006425
28,                            20,                       8,                       0.006201
28,                            20,                       8,                       0.005967
28,                            21,                       7,                       0.006357
28,                            21,                       7,                       0.006157
28,                            21,                       7,                       0.006683
28,                            20,                       8,                       0.005865
28,                            22,                       6,                       0.006397
28,                            20,                       8,                       0.006921
28,                            22,                       6,                       0.005995
28,                            21,                       7,                       0.006718
28,                            20,                       8,                       0.006344
28,                            20,                       8,                       0.0061
28,                            20,                       8,                       0.006697
28,                            21,                       7,                       0.006925
28,                            22,                       6,                       0.006263
28,                            20,                       8,                       0.006501
28,                            20,                       8,                       0.005943
28,                            20,                       8,                       0.006506
28,                            21,                       7,                       0.006013
28,                            22,                       6,                       0.007419
28,                            20,                       8,                       0.006044
28,                            20,                       8,                       0.006511
28,                            21,                       7,                       0.006634
28,                            20,                       8,                       0.006644
28,                            22,                       6,                       0.006148
28,                            21,                       7,                       0.00621
28,                            21,                       7,                       0.006076
28,                            21,                       7,                       0.006162
28,                            22,                       6,                       0.006277
28,                            22,                       6,                       0.006567
28,                            22,                       6,                       0.006144
28,                            21,                       7,                       0.007348
28,                            20,                       8,                       0.006396
28,                            21,                       7,                       0.006926
28,                            22,                       6,                       0.006131
28,                            20,                       8,                       0.006193
28,                            20,                       8,                       0.006568
28,                            20,                       8,                       0.006192
28,                            20,                       8,                       0.006006
28,                            22,                       6,                       0.006712
28,                            20,                       8,                       0.006034
28,                            20,                       8,                       0.006403
28,                            22,                       6,                       0.005932
28,                            20,                       8,                       0.005913
28,                            20,                       8,                       0.005992
28,                            20,                       8,                       0.006209
28,                            21,                       7,                       0.006167
28,                            20,                       8,                       0.006046
28,                            21,                       7,                       0.006589
28,                            22,                       6,                       0.005948
28,                            20,                       8,                       0.006521
28,                            20,                       8,                       0.00586
28,                            20,                       8,                       0.00576
28,                            21,                       7,                       0.006298
28,                            20,                       8,                       0.006203
28,                            20,                       8,                       0.005964
28,                            20,                       8,                       0.006301
28,                            21,                       7,                       0.006013
28,                            20,                       8,                       0.005959
28,                            20,                       8,                       0.006463
28,                            21,                       7,                       0.006761
28,                            20,                       8,                       0.006908
28,                            20,                       8,                       0.006712
28,                            21,                       7,                       0.006303
28,                            21,                       7,                       0.006225
28,                            21,                       7,                       0.006685
28,                            20,                       8,                       0.006019
28,                            20,                       8,                       0.006409
28,                            20,                       8,                       0.006186
28,                            21,                       7,                       0.006683
28,                            21,                       7,                       0.006333
28,                            20,                       8,                       0.006273
28,                            20,                       8,                       0.005838
28,                            20,                       8,                       0.006485
28,                            22,                       6,                       0.006126
28,                            20,                       8,                       0.006083
28,                            20,                       8,                       0.006404
28,                            21,                       7,                       0.006441
28,                            22,                       6,                       0.005679
28,                            21,                       7,                       0.006505
28,                            20,                       8,                       0.006061
28,                            21,                       7,                       0.006322
28,                            21,                       7,                       0.006049
28,                            21,                       7,                       0.006798
28,                            21,                       7,                       0.006131
28,                            20,                       8,                       0.00571
28,                            22,                       6,                       0.006258
28,                            22,                       6,                       0.006276
28,                            21,                       7,                       0.006373
28,                            22,                       6,                       0.00593
28,                            20,                       8,                       0.006266
28,                            21,                       7,                       0.006397
28,                            20,                       8,                       0.006327
28,                            22,                       6,                       0.006226
28,                            21,                       7,                       0.006073
28,                            22,                       6,                       0.006006
28,                            20,                       8,                       0.006309
28,                            20,                       8,                       0.005904
28,                            20,                       8,                       0.00595
28,                            22,                       6,                       0.005945
28,                            20,                       8,                       0.006304
28,                            21,                       7,                       0.006325
28,                            20,                       8,                       0.006378
28,                            22,                       6,                       0.006412
28,                            21,                       7,                       0.006306
28,                            22,                       6,                       0.007329
28,                            20,                       8,                       0.005981
28,                            20,                       8,                       0.005942
28,                            20,                       8,                       0.006055
28,                            20,                       8,                       0.006206
28,                            20,                       8,                       0.00671
28,                            22,                       6,                       0.006196
28,                            22,                       6,                       0.006466
28,                            21,                       7,                       0.006527
28,                            20,                       8,                       0.006132
28,                            21,                       7,                       0.006502
28,                            20,                       8,                       0.006484
28,                            20,                       8,                       0.006101
28,                            21,                       7,                       0.006791
28,                            20,                       8,                       0.005897
