COMMENT : The search result by Simulated-Annealing for Cauchy_Good Thu Jan 25 17:29:50 2018

tech : Cauchy_Good
algorithm : Simulated-Annealing
k : 7
m : 4
w : 10
failed_disk_id : 0
conventional_symbol_number    optimized_symbol_number    reduced_symbol_number    time
70,                            55,                       15,                       2.1
70,                            55,                       15,                       2.08
70,                            55,                       15,                       2.08
70,                            55,                       15,                       2.1
70,                            58,                       12,                       2.19
70,                            58,                       12,                       2.23
70,                            55,                       15,                       2.07
70,                            57,                       13,                       2.06
70,                            55,                       15,                       2.13
70,                            57,                       13,                       2.25
70,                            56,                       14,                       2.16
70,                            55,                       15,                       2.09
70,                            55,                       15,                       2.09
70,                            57,                       13,                       2.08
70,                            57,                       13,                       2.2
70,                            57,                       13,                       2.23
70,                            57,                       13,                       2.21
70,                            56,                       14,                       2.01
70,                            57,                       13,                       2.22
70,                            57,                       13,                       2.12
70,                            57,                       13,                       2.13
70,                            58,                       12,                       2.25
70,                            58,                       12,                       2.23
70,                            57,                       13,                       2.31
70,                            55,                       15,                       2.29
70,                            57,                       13,                       2.14
70,                            57,                       13,                       2.22
70,                            55,                       15,                       2
70,                            57,                       13,                       2.04
70,                            58,                       12,                       2.18
70,                            59,                       11,                       2.26
70,                            57,                       13,                       2.21
70,                            57,                       13,                       2.19
70,                            58,                       12,                       2.24
70,                            57,                       13,                       2.15
70,                            59,                       11,                       2.05
70,                            55,                       15,                       2.09
70,                            55,                       15,                       2.08
70,                            55,                       15,                       2.05
70,                            55,                       15,                       2.03
70,                            57,                       13,                       2.29
70,                            57,                       13,                       2.14
70,                            60,                       10,                       2.38
70,                            55,                       15,                       2.08
70,                            55,                       15,                       2.1
70,                            55,                       15,                       2.11
70,                            55,                       15,                       2.11
70,                            58,                       12,                       2.07
70,                            57,                       13,                       2.17
70,                            56,                       14,                       2.05
70,                            58,                       12,                       2.1
70,                            58,                       12,                       2.19
70,                            57,                       13,                       2.08
70,                            57,                       13,                       2.18
70,                            57,                       13,                       2.04
70,                            55,                       15,                       2.1
70,                            58,                       12,                       2.22
70,                            55,                       15,                       2.09
70,                            57,                       13,                       2.12
70,                            55,                       15,                       2.09
70,                            57,                       13,                       2.01
70,                            55,                       15,                       2.12
70,                            55,                       15,                       2.01
70,                            57,                       13,                       2.05
70,                            58,                       12,                       2.25
70,                            55,                       15,                       2.09
70,                            55,                       15,                       2.02
70,                            56,                       14,                       2.04
70,                            57,                       13,                       2.13
70,                            58,                       12,                       2.06
70,                            57,                       13,                       2.04
70,                            56,                       14,                       2.03
70,                            57,                       13,                       2.25
70,                            58,                       12,                       2.23
70,                            59,                       11,                       2.09
70,                            57,                       13,                       2.18
70,                            57,                       13,                       2.11
70,                            55,                       15,                       2.08
70,                            58,                       12,                       2.35
70,                            58,                       12,                       2.27
70,                            55,                       15,                       2.04
70,                            58,                       12,                       2.3
70,                            55,                       15,                       2.08
70,                            57,                       13,                       2.04
70,                            57,                       13,                       2.23
70,                            59,                       11,                       2.58
70,                            57,                       13,                       2.15
70,                            58,                       12,                       2.26
70,                            58,                       12,                       2.09
70,                            57,                       13,                       2.23
70,                            55,                       15,                       2.08
70,                            59,                       11,                       2.38
70,                            55,                       15,                       2.03
70,                            58,                       12,                       2.17
70,                            55,                       15,                       2.02
70,                            57,                       13,                       2.12
70,                            57,                       13,                       2.22
70,                            57,                       13,                       2.22
70,                            58,                       12,                       2.34
70,                            56,                       14,                       2.06
