COMMENT : The search result by Simulated-Annealing for Cauchy_Good Fri Jan 26 18:35:47 2018

tech : Cauchy_Good
algorithm : Simulated-Annealing
k : 5
m : 3
w : 4
failed_disk_id : 0
conventional_symbol_number    optimized_symbol_number    reduced_symbol_number    time
20,                            14,                       6,                       0.00172
20,                            14,                       6,                       0.00164
20,                            14,                       6,                       0.001784
20,                            14,                       6,                       0.001737
20,                            14,                       6,                       0.001634
20,                            14,                       6,                       0.001719
20,                            14,                       6,                       0.001866
20,                            14,                       6,                       0.001702
20,                            14,                       6,                       0.00234
20,                            14,                       6,                       0.00173
20,                            14,                       6,                       0.001664
20,                            14,                       6,                       0.001724
20,                            14,                       6,                       0.001697
20,                            14,                       6,                       0.001624
20,                            14,                       6,                       0.00167
20,                            14,                       6,                       0.001649
20,                            14,                       6,                       0.001762
20,                            14,                       6,                       0.001595
20,                            14,                       6,                       0.002204
20,                            14,                       6,                       0.001966
20,                            14,                       6,                       0.001623
20,                            14,                       6,                       0.001785
20,                            14,                       6,                       0.001664
20,                            14,                       6,                       0.001592
20,                            14,                       6,                       0.001628
20,                            14,                       6,                       0.001713
20,                            14,                       6,                       0.001663
20,                            14,                       6,                       0.001605
20,                            14,                       6,                       0.001658
20,                            14,                       6,                       0.001596
20,                            14,                       6,                       0.00174
20,                            14,                       6,                       0.00176
20,                            14,                       6,                       0.001587
20,                            14,                       6,                       0.001612
20,                            14,                       6,                       0.001648
20,                            14,                       6,                       0.001632
20,                            14,                       6,                       0.001546
20,                            14,                       6,                       0.001699
20,                            14,                       6,                       0.001692
20,                            14,                       6,                       0.001778
20,                            14,                       6,                       0.002352
20,                            14,                       6,                       0.001679
20,                            14,                       6,                       0.00165
20,                            14,                       6,                       0.001622
20,                            14,                       6,                       0.001779
20,                            14,                       6,                       0.001837
20,                            14,                       6,                       0.001662
20,                            14,                       6,                       0.00157
20,                            14,                       6,                       0.001708
20,                            14,                       6,                       0.001601
20,                            14,                       6,                       0.001738
20,                            14,                       6,                       0.001532
20,                            14,                       6,                       0.001704
20,                            14,                       6,                       0.001784
20,                            14,                       6,                       0.001781
20,                            14,                       6,                       0.00166
20,                            14,                       6,                       0.001616
20,                            14,                       6,                       0.001675
20,                            14,                       6,                       0.001683
20,                            14,                       6,                       0.001623
20,                            14,                       6,                       0.001549
20,                            14,                       6,                       0.001652
20,                            14,                       6,                       0.001656
20,                            14,                       6,                       0.001738
20,                            14,                       6,                       0.001658
20,                            14,                       6,                       0.001751
20,                            14,                       6,                       0.001816
20,                            14,                       6,                       0.001538
20,                            14,                       6,                       0.001728
20,                            14,                       6,                       0.001662
20,                            14,                       6,                       0.001695
20,                            14,                       6,                       0.001681
20,                            14,                       6,                       0.001649
20,                            14,                       6,                       0.001619
20,                            14,                       6,                       0.00176
20,                            14,                       6,                       0.001924
20,                            14,                       6,                       0.001725
20,                            14,                       6,                       0.002215
20,                            14,                       6,                       0.002312
20,                            14,                       6,                       0.001715
20,                            14,                       6,                       0.001725
20,                            14,                       6,                       0.00176
20,                            14,                       6,                       0.00171
20,                            14,                       6,                       0.001668
20,                            14,                       6,                       0.001723
20,                            14,                       6,                       0.001727
20,                            14,                       6,                       0.001729
20,                            14,                       6,                       0.001636
20,                            14,                       6,                       0.001643
20,                            14,                       6,                       0.001872
20,                            14,                       6,                       0.001625
20,                            14,                       6,                       0.001996
20,                            14,                       6,                       0.001761
20,                            14,                       6,                       0.00162
20,                            14,                       6,                       0.001674
20,                            14,                       6,                       0.001688
20,                            14,                       6,                       0.001639
20,                            14,                       6,                       0.001965
20,                            14,                       6,                       0.001698
20,                            14,                       6,                       0.002206
20,                            14,                       6,                       0.001759
20,                            14,                       6,                       0.00166
20,                            14,                       6,                       0.001619
20,                            14,                       6,                       0.001786
20,                            14,                       6,                       0.001614
20,                            14,                       6,                       0.001708
20,                            14,                       6,                       0.001649
20,                            14,                       6,                       0.001714
20,                            14,                       6,                       0.001617
20,                            14,                       6,                       0.001793
20,                            14,                       6,                       0.001679
20,                            14,                       6,                       0.001764
20,                            14,                       6,                       0.001678
20,                            14,                       6,                       0.001726
20,                            14,                       6,                       0.001554
20,                            14,                       6,                       0.001661
20,                            14,                       6,                       0.00165
20,                            14,                       6,                       0.00162
20,                            14,                       6,                       0.001658
20,                            14,                       6,                       0.001671
20,                            14,                       6,                       0.001626
20,                            14,                       6,                       0.002201
20,                            14,                       6,                       0.001688
20,                            14,                       6,                       0.001648
20,                            14,                       6,                       0.001714
20,                            14,                       6,                       0.001798
20,                            14,                       6,                       0.001616
20,                            14,                       6,                       0.001855
20,                            14,                       6,                       0.002055
20,                            14,                       6,                       0.001786
20,                            14,                       6,                       0.001701
20,                            14,                       6,                       0.001659
20,                            14,                       6,                       0.001589
20,                            14,                       6,                       0.001591
20,                            14,                       6,                       0.001519
20,                            14,                       6,                       0.001608
20,                            14,                       6,                       0.001618
20,                            14,                       6,                       0.00173
20,                            14,                       6,                       0.001653
20,                            14,                       6,                       0.001643
20,                            14,                       6,                       0.001758
20,                            14,                       6,                       0.001765
20,                            14,                       6,                       0.001653
20,                            14,                       6,                       0.001699
20,                            14,                       6,                       0.002031
20,                            14,                       6,                       0.001764
20,                            14,                       6,                       0.001706
20,                            14,                       6,                       0.001672
20,                            14,                       6,                       0.001795
20,                            14,                       6,                       0.001599
20,                            14,                       6,                       0.001695
20,                            14,                       6,                       0.001712
20,                            14,                       6,                       0.002174
20,                            14,                       6,                       0.001674
20,                            14,                       6,                       0.001636
20,                            14,                       6,                       0.001694
20,                            14,                       6,                       0.001655
20,                            14,                       6,                       0.001832
20,                            14,                       6,                       0.00182
20,                            14,                       6,                       0.001728
20,                            14,                       6,                       0.001817
20,                            14,                       6,                       0.001674
20,                            14,                       6,                       0.001639
20,                            14,                       6,                       0.001583
20,                            14,                       6,                       0.001682
20,                            14,                       6,                       0.001663
20,                            14,                       6,                       0.001559
20,                            14,                       6,                       0.001636
20,                            14,                       6,                       0.001656
20,                            14,                       6,                       0.001723
20,                            14,                       6,                       0.001646
20,                            14,                       6,                       0.001585
20,                            14,                       6,                       0.001672
20,                            14,                       6,                       0.001641
20,                            14,                       6,                       0.001855
20,                            14,                       6,                       0.001622
20,                            14,                       6,                       0.001755
20,                            14,                       6,                       0.001726
20,                            14,                       6,                       0.001635
20,                            14,                       6,                       0.001998
20,                            14,                       6,                       0.0017
20,                            14,                       6,                       0.002063
20,                            14,                       6,                       0.00172
20,                            14,                       6,                       0.001573
20,                            14,                       6,                       0.001972
20,                            14,                       6,                       0.001719
20,                            14,                       6,                       0.002182
20,                            14,                       6,                       0.00164
20,                            14,                       6,                       0.001653
20,                            14,                       6,                       0.001675
20,                            14,                       6,                       0.001796
20,                            14,                       6,                       0.001716
20,                            14,                       6,                       0.001933
20,                            14,                       6,                       0.002085
20,                            14,                       6,                       0.001689
20,                            14,                       6,                       0.00171
20,                            14,                       6,                       0.001583
20,                            14,                       6,                       0.001587
20,                            14,                       6,                       0.00164
20,                            14,                       6,                       0.001707
20,                            14,                       6,                       0.002052
20,                            14,                       6,                       0.001655
20,                            14,                       6,                       0.001582
20,                            14,                       6,                       0.001586
20,                            14,                       6,                       0.001743
20,                            14,                       6,                       0.001541
20,                            14,                       6,                       0.001619
20,                            14,                       6,                       0.001666
20,                            14,                       6,                       0.001743
20,                            14,                       6,                       0.00195
20,                            14,                       6,                       0.001621
20,                            14,                       6,                       0.001731
20,                            14,                       6,                       0.001661
20,                            14,                       6,                       0.002875
20,                            14,                       6,                       0.001684
20,                            14,                       6,                       0.001655
20,                            14,                       6,                       0.001779
20,                            14,                       6,                       0.001637
20,                            14,                       6,                       0.001729
20,                            14,                       6,                       0.001586
20,                            14,                       6,                       0.001682
20,                            14,                       6,                       0.001678
20,                            14,                       6,                       0.001691
20,                            14,                       6,                       0.001562
20,                            14,                       6,                       0.00169
20,                            14,                       6,                       0.001616
20,                            14,                       6,                       0.001757
20,                            14,                       6,                       0.001679
20,                            14,                       6,                       0.001644
20,                            14,                       6,                       0.001674
20,                            14,                       6,                       0.001687
20,                            14,                       6,                       0.001655
20,                            14,                       6,                       0.001707
20,                            14,                       6,                       0.001727
20,                            14,                       6,                       0.001772
20,                            14,                       6,                       0.001774
20,                            14,                       6,                       0.001578
20,                            14,                       6,                       0.001776
20,                            14,                       6,                       0.001782
20,                            14,                       6,                       0.001643
20,                            14,                       6,                       0.001728
20,                            14,                       6,                       0.001646
20,                            14,                       6,                       0.002684
20,                            14,                       6,                       0.001878
20,                            14,                       6,                       0.001678
20,                            14,                       6,                       0.001748
20,                            14,                       6,                       0.001847
20,                            14,                       6,                       0.001679
20,                            14,                       6,                       0.001784
20,                            14,                       6,                       0.001731
20,                            14,                       6,                       0.001641
20,                            14,                       6,                       0.001666
20,                            14,                       6,                       0.001614
20,                            14,                       6,                       0.00162
20,                            14,                       6,                       0.001684
20,                            14,                       6,                       0.001639
20,                            14,                       6,                       0.001766
20,                            14,                       6,                       0.001718
20,                            14,                       6,                       0.0017
20,                            14,                       6,                       0.001768
20,                            14,                       6,                       0.001617
20,                            14,                       6,                       0.001741
20,                            14,                       6,                       0.001577
20,                            14,                       6,                       0.001677
20,                            14,                       6,                       0.001692
20,                            14,                       6,                       0.001705
20,                            14,                       6,                       0.001562
20,                            14,                       6,                       0.001665
20,                            14,                       6,                       0.001638
20,                            14,                       6,                       0.001678
20,                            14,                       6,                       0.001665
20,                            14,                       6,                       0.001672
20,                            14,                       6,                       0.001668
20,                            14,                       6,                       0.001599
20,                            14,                       6,                       0.001977
20,                            14,                       6,                       0.001725
20,                            14,                       6,                       0.00166
20,                            14,                       6,                       0.001983
20,                            14,                       6,                       0.002129
20,                            14,                       6,                       0.00164
20,                            14,                       6,                       0.001577
20,                            14,                       6,                       0.001774
20,                            14,                       6,                       0.001684
20,                            14,                       6,                       0.001681
20,                            14,                       6,                       0.001691
20,                            14,                       6,                       0.001645
20,                            14,                       6,                       0.001639
20,                            14,                       6,                       0.001712
20,                            14,                       6,                       0.001917
20,                            14,                       6,                       0.001868
20,                            14,                       6,                       0.001619
20,                            14,                       6,                       0.001635
20,                            14,                       6,                       0.0017
20,                            14,                       6,                       0.00172
20,                            14,                       6,                       0.001676
20,                            14,                       6,                       0.001831
20,                            14,                       6,                       0.001579
20,                            14,                       6,                       0.001629
20,                            14,                       6,                       0.001753
20,                            14,                       6,                       0.00172
