COMMENT : The search result by Simulated-Annealing for Cauchy_Good Thu Jan 25 17:15:28 2018

tech : Cauchy_Good
algorithm : Simulated-Annealing
k : 4
m : 2
w : 10
failed_disk_id : 0
conventional_symbol_number    optimized_symbol_number    reduced_symbol_number    time
40,                            30,                       10,                       0.52
40,                            30,                       10,                       0.52
40,                            30,                       10,                       0.52
40,                            30,                       10,                       0.52
40,                            30,                       10,                       0.52
40,                            30,                       10,                       0.52
40,                            30,                       10,                       0.52
40,                            30,                       10,                       0.52
40,                            30,                       10,                       0.52
40,                            30,                       10,                       0.61
40,                            30,                       10,                       0.52
40,                            30,                       10,                       0.52
40,                            30,                       10,                       0.52
40,                            30,                       10,                       0.52
40,                            30,                       10,                       0.52
40,                            30,                       10,                       0.52
40,                            30,                       10,                       0.52
40,                            30,                       10,                       0.52
40,                            30,                       10,                       0.52
40,                            30,                       10,                       0.52
40,                            30,                       10,                       0.52
40,                            30,                       10,                       0.52
40,                            30,                       10,                       0.52
40,                            30,                       10,                       0.52
40,                            30,                       10,                       0.52
40,                            30,                       10,                       0.52
40,                            30,                       10,                       0.52
40,                            30,                       10,                       0.52
40,                            30,                       10,                       0.52
40,                            30,                       10,                       0.52
40,                            30,                       10,                       0.52
40,                            30,                       10,                       0.52
40,                            30,                       10,                       0.52
40,                            30,                       10,                       0.52
40,                            30,                       10,                       0.52
40,                            30,                       10,                       0.52
40,                            30,                       10,                       0.53
40,                            30,                       10,                       0.52
40,                            30,                       10,                       0.52
40,                            30,                       10,                       0.52
40,                            30,                       10,                       0.52
40,                            30,                       10,                       0.52
40,                            30,                       10,                       0.52
40,                            30,                       10,                       0.52
40,                            30,                       10,                       0.52
40,                            30,                       10,                       0.52
40,                            30,                       10,                       0.52
40,                            30,                       10,                       0.52
40,                            30,                       10,                       0.52
40,                            30,                       10,                       0.52
40,                            30,                       10,                       0.52
40,                            30,                       10,                       0.52
40,                            30,                       10,                       0.53
40,                            30,                       10,                       0.52
40,                            30,                       10,                       0.52
40,                            30,                       10,                       0.52
40,                            30,                       10,                       0.52
40,                            30,                       10,                       0.52
40,                            30,                       10,                       0.52
40,                            30,                       10,                       0.52
40,                            30,                       10,                       0.52
40,                            30,                       10,                       0.52
40,                            30,                       10,                       0.52
40,                            30,                       10,                       0.53
40,                            30,                       10,                       0.52
40,                            30,                       10,                       0.52
40,                            30,                       10,                       0.53
40,                            30,                       10,                       0.52
40,                            30,                       10,                       0.52
40,                            30,                       10,                       0.52
40,                            30,                       10,                       0.52
40,                            30,                       10,                       0.52
40,                            30,                       10,                       0.52
40,                            30,                       10,                       0.52
40,                            30,                       10,                       0.52
40,                            30,                       10,                       0.52
40,                            30,                       10,                       0.52
40,                            30,                       10,                       0.52
40,                            30,                       10,                       0.52
40,                            30,                       10,                       0.52
40,                            30,                       10,                       0.52
40,                            30,                       10,                       0.52
40,                            30,                       10,                       0.52
40,                            30,                       10,                       0.52
40,                            30,                       10,                       0.52
40,                            30,                       10,                       0.52
40,                            30,                       10,                       0.52
40,                            30,                       10,                       0.52
40,                            30,                       10,                       0.52
40,                            30,                       10,                       0.52
40,                            30,                       10,                       0.52
40,                            30,                       10,                       0.52
40,                            30,                       10,                       0.52
40,                            30,                       10,                       0.52
40,                            30,                       10,                       0.52
40,                            30,                       10,                       0.52
40,                            30,                       10,                       0.52
40,                            30,                       10,                       0.52
40,                            30,                       10,                       0.52
40,                            30,                       10,                       0.52
