COMMENT : The search result by Simulated-Annealing for Cauchy_Good Thu Jan 25 17:18:47 2018

tech : Cauchy_Good
algorithm : Simulated-Annealing
k : 7
m : 2
w : 10
failed_disk_id : 0
conventional_symbol_number    optimized_symbol_number    reduced_symbol_number    time
70,                            52,                       18,                       0.92
70,                            52,                       18,                       0.95
70,                            52,                       18,                       0.93
70,                            52,                       18,                       0.93
70,                            52,                       18,                       0.93
70,                            52,                       18,                       0.92
70,                            52,                       18,                       0.93
70,                            52,                       18,                       0.92
70,                            52,                       18,                       0.92
70,                            52,                       18,                       0.94
70,                            52,                       18,                       0.92
70,                            52,                       18,                       0.94
70,                            52,                       18,                       0.92
70,                            52,                       18,                       0.92
70,                            52,                       18,                       0.93
70,                            52,                       18,                       0.93
70,                            52,                       18,                       0.93
70,                            52,                       18,                       0.93
70,                            52,                       18,                       0.92
70,                            52,                       18,                       0.92
70,                            52,                       18,                       0.94
70,                            52,                       18,                       0.96
70,                            52,                       18,                       0.92
70,                            52,                       18,                       0.93
70,                            52,                       18,                       0.92
70,                            52,                       18,                       0.93
70,                            52,                       18,                       0.93
70,                            52,                       18,                       0.92
70,                            52,                       18,                       0.94
70,                            52,                       18,                       0.93
70,                            52,                       18,                       0.93
70,                            52,                       18,                       0.95
70,                            52,                       18,                       0.93
70,                            52,                       18,                       0.93
70,                            52,                       18,                       0.93
70,                            52,                       18,                       0.93
70,                            52,                       18,                       0.93
70,                            52,                       18,                       0.93
70,                            53,                       17,                       0.92
70,                            52,                       18,                       0.92
70,                            52,                       18,                       0.93
70,                            52,                       18,                       0.94
70,                            52,                       18,                       0.93
70,                            52,                       18,                       0.93
70,                            52,                       18,                       0.93
70,                            52,                       18,                       0.94
70,                            52,                       18,                       0.93
70,                            52,                       18,                       0.92
70,                            52,                       18,                       0.92
70,                            52,                       18,                       0.94
70,                            52,                       18,                       0.94
70,                            52,                       18,                       0.92
70,                            52,                       18,                       0.93
70,                            52,                       18,                       0.93
70,                            52,                       18,                       0.94
70,                            52,                       18,                       0.93
70,                            52,                       18,                       0.93
70,                            52,                       18,                       0.93
70,                            52,                       18,                       0.93
70,                            52,                       18,                       0.92
70,                            52,                       18,                       0.93
70,                            52,                       18,                       0.93
70,                            52,                       18,                       0.93
70,                            52,                       18,                       0.92
70,                            52,                       18,                       0.93
70,                            52,                       18,                       0.93
70,                            52,                       18,                       0.93
70,                            52,                       18,                       0.92
70,                            52,                       18,                       0.93
70,                            52,                       18,                       0.94
70,                            52,                       18,                       0.93
70,                            52,                       18,                       0.92
70,                            52,                       18,                       0.92
70,                            53,                       17,                       0.93
70,                            52,                       18,                       0.92
70,                            52,                       18,                       0.93
70,                            52,                       18,                       0.93
70,                            52,                       18,                       0.93
70,                            52,                       18,                       0.93
70,                            52,                       18,                       0.92
70,                            52,                       18,                       0.94
70,                            52,                       18,                       0.93
70,                            52,                       18,                       0.93
70,                            52,                       18,                       0.93
70,                            52,                       18,                       0.94
70,                            52,                       18,                       0.92
70,                            52,                       18,                       0.92
70,                            52,                       18,                       0.93
70,                            52,                       18,                       0.93
70,                            52,                       18,                       0.93
70,                            52,                       18,                       0.92
70,                            52,                       18,                       0.92
70,                            52,                       18,                       0.92
70,                            52,                       18,                       0.92
70,                            52,                       18,                       0.92
70,                            52,                       18,                       0.93
70,                            52,                       18,                       0.93
70,                            52,                       18,                       0.92
70,                            52,                       18,                       0.94
70,                            52,                       18,                       0.93
