COMMENT : The search result by Simulated-Annealing for Cauchy_Good Fri Jan 26 18:35:53 2018

tech : Cauchy_Good
algorithm : Simulated-Annealing
k : 7
m : 6
w : 6
failed_disk_id : 0
conventional_symbol_number    optimized_symbol_number    reduced_symbol_number    time
42,                            32,                       10,                       0.034169
42,                            32,                       10,                       0.035185
42,                            32,                       10,                       0.034017
42,                            32,                       10,                       0.036134
42,                            32,                       10,                       0.031697
42,                            32,                       10,                       0.033583
42,                            32,                       10,                       0.034744
42,                            32,                       10,                       0.036789
42,                            32,                       10,                       0.031209
42,                            32,                       10,                       0.033745
42,                            32,                       10,                       0.031513
42,                            33,                       9,                       0.034043
42,                            33,                       9,                       0.03358
42,                            32,                       10,                       0.035635
42,                            33,                       9,                       0.032561
42,                            32,                       10,                       0.036188
42,                            32,                       10,                       0.030427
42,                            32,                       10,                       0.036236
42,                            32,                       10,                       0.038434
42,                            33,                       9,                       0.03519
42,                            32,                       10,                       0.034828
42,                            32,                       10,                       0.033276
42,                            32,                       10,                       0.03058
42,                            32,                       10,                       0.036956
42,                            32,                       10,                       0.031122
42,                            32,                       10,                       0.03203
42,                            33,                       9,                       0.033286
42,                            32,                       10,                       0.034873
42,                            32,                       10,                       0.030799
42,                            32,                       10,                       0.034241
42,                            32,                       10,                       0.033192
42,                            32,                       10,                       0.034671
42,                            32,                       10,                       0.035145
42,                            31,                       11,                       0.033461
42,                            32,                       10,                       0.034931
42,                            32,                       10,                       0.034308
42,                            32,                       10,                       0.03383
42,                            32,                       10,                       0.031097
42,                            32,                       10,                       0.034954
42,                            32,                       10,                       0.03197
42,                            32,                       10,                       0.032187
42,                            31,                       11,                       0.0332
42,                            32,                       10,                       0.033963
42,                            32,                       10,                       0.038851
42,                            32,                       10,                       0.035772
42,                            32,                       10,                       0.035728
42,                            32,                       10,                       0.032953
42,                            31,                       11,                       0.033178
42,                            32,                       10,                       0.029848
42,                            32,                       10,                       0.03739
42,                            32,                       10,                       0.033709
42,                            31,                       11,                       0.034114
42,                            33,                       9,                       0.032665
42,                            32,                       10,                       0.036609
42,                            32,                       10,                       0.03508
42,                            32,                       10,                       0.033048
42,                            32,                       10,                       0.036069
42,                            32,                       10,                       0.033936
42,                            33,                       9,                       0.032756
42,                            33,                       9,                       0.033767
42,                            31,                       11,                       0.032674
42,                            32,                       10,                       0.035963
42,                            33,                       9,                       0.033348
42,                            32,                       10,                       0.034035
42,                            31,                       11,                       0.032228
42,                            32,                       10,                       0.03372
42,                            32,                       10,                       0.034445
42,                            31,                       11,                       0.033632
42,                            32,                       10,                       0.029555
42,                            32,                       10,                       0.031474
42,                            32,                       10,                       0.030338
42,                            31,                       11,                       0.032796
42,                            32,                       10,                       0.038717
42,                            32,                       10,                       0.032101
42,                            32,                       10,                       0.033955
42,                            33,                       9,                       0.032729
42,                            32,                       10,                       0.034849
42,                            32,                       10,                       0.033983
42,                            31,                       11,                       0.035446
42,                            31,                       11,                       0.034301
42,                            32,                       10,                       0.032222
42,                            32,                       10,                       0.032242
42,                            31,                       11,                       0.034248
42,                            33,                       9,                       0.034256
42,                            32,                       10,                       0.032546
42,                            32,                       10,                       0.033802
42,                            32,                       10,                       0.032416
42,                            32,                       10,                       0.034672
42,                            32,                       10,                       0.03449
42,                            32,                       10,                       0.033822
42,                            32,                       10,                       0.0355
42,                            32,                       10,                       0.034908
42,                            31,                       11,                       0.033857
42,                            32,                       10,                       0.041799
42,                            32,                       10,                       0.031223
42,                            32,                       10,                       0.03319
42,                            32,                       10,                       0.033032
42,                            32,                       10,                       0.032243
42,                            32,                       10,                       0.031752
42,                            32,                       10,                       0.034048
42,                            33,                       9,                       0.032065
42,                            32,                       10,                       0.036798
42,                            33,                       9,                       0.035102
42,                            32,                       10,                       0.032704
42,                            32,                       10,                       0.033258
42,                            33,                       9,                       0.033383
42,                            32,                       10,                       0.035024
42,                            32,                       10,                       0.032271
42,                            33,                       9,                       0.032839
42,                            33,                       9,                       0.036712
42,                            32,                       10,                       0.03373
42,                            31,                       11,                       0.034031
42,                            32,                       10,                       0.033992
42,                            32,                       10,                       0.033355
42,                            32,                       10,                       0.031934
42,                            32,                       10,                       0.032039
42,                            32,                       10,                       0.030832
42,                            32,                       10,                       0.033393
42,                            32,                       10,                       0.033724
42,                            32,                       10,                       0.032483
42,                            32,                       10,                       0.033639
42,                            32,                       10,                       0.033467
42,                            32,                       10,                       0.034465
42,                            32,                       10,                       0.035344
42,                            32,                       10,                       0.033377
42,                            32,                       10,                       0.032254
42,                            32,                       10,                       0.030908
42,                            31,                       11,                       0.03479
42,                            34,                       8,                       0.032409
42,                            32,                       10,                       0.035818
42,                            32,                       10,                       0.032281
42,                            31,                       11,                       0.034661
42,                            32,                       10,                       0.034517
42,                            32,                       10,                       0.037112
42,                            32,                       10,                       0.033126
42,                            33,                       9,                       0.034941
42,                            32,                       10,                       0.034316
42,                            32,                       10,                       0.032696
42,                            32,                       10,                       0.032362
42,                            32,                       10,                       0.032423
42,                            32,                       10,                       0.03662
42,                            32,                       10,                       0.034031
42,                            32,                       10,                       0.035426
42,                            32,                       10,                       0.031662
42,                            32,                       10,                       0.032629
42,                            31,                       11,                       0.033823
42,                            32,                       10,                       0.03094
42,                            32,                       10,                       0.031851
42,                            32,                       10,                       0.032194
42,                            31,                       11,                       0.033737
42,                            32,                       10,                       0.032405
42,                            33,                       9,                       0.033294
42,                            32,                       10,                       0.030667
42,                            32,                       10,                       0.034838
42,                            32,                       10,                       0.038289
42,                            32,                       10,                       0.03154
42,                            32,                       10,                       0.034856
42,                            32,                       10,                       0.034636
42,                            32,                       10,                       0.030502
42,                            32,                       10,                       0.03515
42,                            32,                       10,                       0.032426
42,                            32,                       10,                       0.036041
42,                            31,                       11,                       0.034034
42,                            32,                       10,                       0.034007
42,                            32,                       10,                       0.038109
42,                            32,                       10,                       0.033091
42,                            32,                       10,                       0.031755
42,                            32,                       10,                       0.033659
42,                            32,                       10,                       0.030492
42,                            32,                       10,                       0.031719
42,                            32,                       10,                       0.035129
42,                            33,                       9,                       0.033017
42,                            32,                       10,                       0.031767
42,                            32,                       10,                       0.032943
42,                            32,                       10,                       0.030422
42,                            32,                       10,                       0.0327
42,                            32,                       10,                       0.034409
42,                            32,                       10,                       0.03223
42,                            32,                       10,                       0.034276
42,                            32,                       10,                       0.035829
42,                            32,                       10,                       0.03589
42,                            32,                       10,                       0.031168
42,                            32,                       10,                       0.037643
42,                            32,                       10,                       0.034301
42,                            32,                       10,                       0.033635
42,                            32,                       10,                       0.031196
42,                            32,                       10,                       0.031112
42,                            32,                       10,                       0.034841
42,                            32,                       10,                       0.03544
42,                            32,                       10,                       0.035679
42,                            31,                       11,                       0.034011
42,                            32,                       10,                       0.033546
42,                            32,                       10,                       0.029847
42,                            32,                       10,                       0.037038
42,                            33,                       9,                       0.032857
42,                            32,                       10,                       0.035723
42,                            32,                       10,                       0.03029
42,                            31,                       11,                       0.035769
42,                            32,                       10,                       0.035848
42,                            32,                       10,                       0.037042
42,                            32,                       10,                       0.030135
42,                            32,                       10,                       0.033204
42,                            32,                       10,                       0.033595
42,                            32,                       10,                       0.032034
42,                            32,                       10,                       0.035831
42,                            32,                       10,                       0.032718
42,                            32,                       10,                       0.036526
42,                            31,                       11,                       0.03413
42,                            32,                       10,                       0.031246
42,                            32,                       10,                       0.035158
42,                            32,                       10,                       0.032527
42,                            32,                       10,                       0.035387
42,                            32,                       10,                       0.033504
42,                            32,                       10,                       0.032272
42,                            32,                       10,                       0.029844
42,                            32,                       10,                       0.033373
42,                            32,                       10,                       0.032803
42,                            32,                       10,                       0.036045
42,                            32,                       10,                       0.039849
42,                            33,                       9,                       0.031876
42,                            32,                       10,                       0.030985
42,                            32,                       10,                       0.038821
42,                            32,                       10,                       0.037191
42,                            32,                       10,                       0.032859
42,                            32,                       10,                       0.033448
42,                            32,                       10,                       0.036724
42,                            33,                       9,                       0.031652
42,                            31,                       11,                       0.032632
42,                            32,                       10,                       0.035561
42,                            32,                       10,                       0.034472
42,                            32,                       10,                       0.03438
42,                            32,                       10,                       0.031923
42,                            32,                       10,                       0.035018
42,                            32,                       10,                       0.036126
42,                            32,                       10,                       0.032461
42,                            32,                       10,                       0.035259
42,                            32,                       10,                       0.031564
42,                            32,                       10,                       0.033267
42,                            32,                       10,                       0.033422
42,                            32,                       10,                       0.03357
42,                            32,                       10,                       0.033277
42,                            32,                       10,                       0.033009
42,                            32,                       10,                       0.033867
42,                            32,                       10,                       0.034136
42,                            32,                       10,                       0.031742
42,                            32,                       10,                       0.036854
42,                            32,                       10,                       0.031386
42,                            32,                       10,                       0.035172
42,                            32,                       10,                       0.030122
42,                            33,                       9,                       0.032043
42,                            32,                       10,                       0.030694
42,                            33,                       9,                       0.032534
42,                            32,                       10,                       0.037412
42,                            33,                       9,                       0.032418
42,                            32,                       10,                       0.033273
42,                            33,                       9,                       0.034775
42,                            32,                       10,                       0.035411
42,                            32,                       10,                       0.029869
42,                            32,                       10,                       0.034805
42,                            32,                       10,                       0.034363
42,                            32,                       10,                       0.033219
42,                            32,                       10,                       0.030955
42,                            33,                       9,                       0.033256
42,                            33,                       9,                       0.032852
42,                            32,                       10,                       0.032409
42,                            32,                       10,                       0.032863
42,                            33,                       9,                       0.032902
42,                            32,                       10,                       0.037125
42,                            32,                       10,                       0.030263
42,                            32,                       10,                       0.030116
42,                            33,                       9,                       0.03231
42,                            33,                       9,                       0.032178
42,                            32,                       10,                       0.029946
42,                            32,                       10,                       0.034728
42,                            32,                       10,                       0.030781
42,                            32,                       10,                       0.031615
42,                            32,                       10,                       0.032766
42,                            32,                       10,                       0.030115
42,                            32,                       10,                       0.03435
42,                            32,                       10,                       0.035519
42,                            31,                       11,                       0.033039
42,                            32,                       10,                       0.032251
42,                            32,                       10,                       0.036387
42,                            32,                       10,                       0.033848
42,                            32,                       10,                       0.034826
42,                            32,                       10,                       0.03116
42,                            33,                       9,                       0.033788
42,                            32,                       10,                       0.035093
42,                            32,                       10,                       0.033865
42,                            32,                       10,                       0.032871
42,                            32,                       10,                       0.030713
42,                            32,                       10,                       0.03148
42,                            32,                       10,                       0.034508
42,                            31,                       11,                       0.032129
42,                            32,                       10,                       0.034167
42,                            32,                       10,                       0.033245
42,                            32,                       10,                       0.034631
42,                            32,                       10,                       0.035449
42,                            33,                       9,                       0.032806
42,                            31,                       11,                       0.034487
