COMMENT : The search result by Simulated-Annealing for Cauchy_Good Fri Jan 26 18:35:46 2018

tech : Cauchy_Good
algorithm : Simulated-Annealing
k : 3
m : 3
w : 6
failed_disk_id : 0
conventional_symbol_number    optimized_symbol_number    reduced_symbol_number    time
18,                            14,                       4,                       0.007582
18,                            14,                       4,                       0.007082
18,                            14,                       4,                       0.006689
18,                            14,                       4,                       0.007092
18,                            14,                       4,                       0.007303
18,                            14,                       4,                       0.007206
18,                            14,                       4,                       0.00726
18,                            14,                       4,                       0.004476
18,                            15,                       3,                       0.007277
18,                            14,                       4,                       0.006832
18,                            14,                       4,                       0.007141
18,                            14,                       4,                       0.007294
18,                            14,                       4,                       0.006699
18,                            14,                       4,                       0.007131
18,                            14,                       4,                       0.008524
18,                            14,                       4,                       0.006932
18,                            14,                       4,                       0.006592
18,                            14,                       4,                       0.00825
18,                            14,                       4,                       0.006593
18,                            14,                       4,                       0.006606
18,                            14,                       4,                       0.00464
18,                            14,                       4,                       0.006831
18,                            14,                       4,                       0.009951
18,                            14,                       4,                       0.006527
18,                            14,                       4,                       0.006919
18,                            14,                       4,                       0.006697
18,                            14,                       4,                       0.007132
18,                            14,                       4,                       0.006622
18,                            14,                       4,                       0.007302
18,                            14,                       4,                       0.006859
18,                            14,                       4,                       0.006369
18,                            14,                       4,                       0.004793
18,                            14,                       4,                       0.00676
18,                            14,                       4,                       0.006965
18,                            14,                       4,                       0.006838
18,                            14,                       4,                       0.006773
18,                            14,                       4,                       0.004493
18,                            14,                       4,                       0.007022
18,                            14,                       4,                       0.006633
18,                            14,                       4,                       0.006771
18,                            14,                       4,                       0.006717
18,                            14,                       4,                       0.006787
18,                            14,                       4,                       0.006699
18,                            14,                       4,                       0.007052
18,                            14,                       4,                       0.0068
18,                            14,                       4,                       0.006833
18,                            14,                       4,                       0.007159
18,                            14,                       4,                       0.006871
18,                            14,                       4,                       0.006927
18,                            14,                       4,                       0.006923
18,                            14,                       4,                       0.007466
18,                            14,                       4,                       0.006442
18,                            14,                       4,                       0.006717
18,                            14,                       4,                       0.006937
18,                            14,                       4,                       0.006738
18,                            14,                       4,                       0.007326
18,                            14,                       4,                       0.006532
18,                            14,                       4,                       0.006463
18,                            14,                       4,                       0.006757
18,                            14,                       4,                       0.006934
18,                            14,                       4,                       0.007995
18,                            14,                       4,                       0.007439
18,                            14,                       4,                       0.006633
18,                            14,                       4,                       0.006683
18,                            15,                       3,                       0.004616
18,                            14,                       4,                       0.006649
18,                            14,                       4,                       0.006786
18,                            14,                       4,                       0.006636
18,                            14,                       4,                       0.0067
18,                            14,                       4,                       0.00703
18,                            14,                       4,                       0.007077
18,                            14,                       4,                       0.007022
18,                            14,                       4,                       0.006668
18,                            14,                       4,                       0.007069
18,                            14,                       4,                       0.006844
18,                            14,                       4,                       0.006887
18,                            14,                       4,                       0.006896
18,                            14,                       4,                       0.008064
18,                            14,                       4,                       0.004452
18,                            14,                       4,                       0.007155
18,                            14,                       4,                       0.006713
18,                            14,                       4,                       0.006709
18,                            14,                       4,                       0.006788
18,                            14,                       4,                       0.006633
18,                            14,                       4,                       0.006564
18,                            14,                       4,                       0.004418
18,                            14,                       4,                       0.006928
18,                            14,                       4,                       0.006948
18,                            14,                       4,                       0.007076
18,                            14,                       4,                       0.00669
18,                            14,                       4,                       0.00697
18,                            14,                       4,                       0.007305
18,                            14,                       4,                       0.006715
18,                            14,                       4,                       0.007162
18,                            15,                       3,                       0.007697
18,                            14,                       4,                       0.007172
18,                            14,                       4,                       0.006707
18,                            14,                       4,                       0.007037
18,                            14,                       4,                       0.006818
18,                            14,                       4,                       0.007053
18,                            14,                       4,                       0.0071
18,                            14,                       4,                       0.006712
18,                            14,                       4,                       0.006933
18,                            14,                       4,                       0.006792
18,                            14,                       4,                       0.006696
18,                            14,                       4,                       0.006689
18,                            14,                       4,                       0.006991
18,                            14,                       4,                       0.006533
18,                            14,                       4,                       0.006726
18,                            14,                       4,                       0.007488
18,                            14,                       4,                       0.007422
18,                            14,                       4,                       0.006778
18,                            14,                       4,                       0.006983
18,                            14,                       4,                       0.006824
18,                            14,                       4,                       0.006597
18,                            14,                       4,                       0.006519
18,                            14,                       4,                       0.006523
18,                            14,                       4,                       0.008336
18,                            14,                       4,                       0.006828
18,                            14,                       4,                       0.006968
18,                            14,                       4,                       0.006958
18,                            14,                       4,                       0.006818
18,                            14,                       4,                       0.004433
18,                            14,                       4,                       0.006633
18,                            14,                       4,                       0.007248
18,                            14,                       4,                       0.006613
18,                            14,                       4,                       0.006796
18,                            14,                       4,                       0.006963
18,                            14,                       4,                       0.006612
18,                            14,                       4,                       0.00662
18,                            14,                       4,                       0.006555
18,                            14,                       4,                       0.006612
18,                            14,                       4,                       0.006885
18,                            14,                       4,                       0.007144
18,                            14,                       4,                       0.007001
18,                            14,                       4,                       0.004685
18,                            14,                       4,                       0.006815
18,                            14,                       4,                       0.006695
18,                            14,                       4,                       0.006744
18,                            14,                       4,                       0.006787
18,                            14,                       4,                       0.006673
18,                            14,                       4,                       0.00466
18,                            14,                       4,                       0.004444
18,                            14,                       4,                       0.006911
18,                            14,                       4,                       0.006951
18,                            14,                       4,                       0.006723
18,                            14,                       4,                       0.004735
18,                            14,                       4,                       0.00777
18,                            14,                       4,                       0.004459
18,                            14,                       4,                       0.007343
18,                            14,                       4,                       0.007119
18,                            14,                       4,                       0.006504
18,                            14,                       4,                       0.006737
18,                            14,                       4,                       0.007032
18,                            14,                       4,                       0.006632
18,                            14,                       4,                       0.006637
18,                            14,                       4,                       0.007411
18,                            14,                       4,                       0.007223
18,                            14,                       4,                       0.006739
18,                            14,                       4,                       0.00703
18,                            14,                       4,                       0.007006
18,                            14,                       4,                       0.006658
18,                            14,                       4,                       0.004797
18,                            14,                       4,                       0.007115
18,                            14,                       4,                       0.007169
18,                            14,                       4,                       0.006663
18,                            14,                       4,                       0.006857
18,                            14,                       4,                       0.006782
18,                            14,                       4,                       0.007875
18,                            14,                       4,                       0.007466
18,                            14,                       4,                       0.00692
18,                            14,                       4,                       0.007635
18,                            14,                       4,                       0.006824
18,                            14,                       4,                       0.007138
18,                            14,                       4,                       0.006724
18,                            14,                       4,                       0.007054
18,                            14,                       4,                       0.006988
18,                            14,                       4,                       0.006913
18,                            14,                       4,                       0.007157
18,                            14,                       4,                       0.006673
18,                            14,                       4,                       0.006899
18,                            14,                       4,                       0.00677
18,                            14,                       4,                       0.00651
18,                            14,                       4,                       0.004429
18,                            14,                       4,                       0.006661
18,                            14,                       4,                       0.006751
18,                            14,                       4,                       0.006836
18,                            14,                       4,                       0.006744
18,                            14,                       4,                       0.007141
18,                            14,                       4,                       0.006359
18,                            14,                       4,                       0.007081
18,                            14,                       4,                       0.007406
18,                            14,                       4,                       0.006969
18,                            14,                       4,                       0.006994
18,                            14,                       4,                       0.007443
18,                            14,                       4,                       0.006552
18,                            14,                       4,                       0.006505
18,                            14,                       4,                       0.007853
18,                            14,                       4,                       0.0067
18,                            14,                       4,                       0.006744
18,                            14,                       4,                       0.004982
18,                            14,                       4,                       0.00672
18,                            14,                       4,                       0.006632
18,                            14,                       4,                       0.007018
18,                            14,                       4,                       0.006935
18,                            14,                       4,                       0.007113
18,                            14,                       4,                       0.006705
18,                            14,                       4,                       0.006289
18,                            14,                       4,                       0.006619
18,                            14,                       4,                       0.007315
18,                            14,                       4,                       0.006886
18,                            14,                       4,                       0.007194
18,                            14,                       4,                       0.006732
18,                            14,                       4,                       0.007081
18,                            14,                       4,                       0.006827
18,                            14,                       4,                       0.006836
18,                            14,                       4,                       0.00639
18,                            14,                       4,                       0.00668
18,                            14,                       4,                       0.006823
18,                            14,                       4,                       0.006664
18,                            14,                       4,                       0.006638
18,                            14,                       4,                       0.006834
18,                            14,                       4,                       0.006456
18,                            15,                       3,                       0.007235
18,                            14,                       4,                       0.006706
18,                            14,                       4,                       0.006619
18,                            14,                       4,                       0.007197
18,                            14,                       4,                       0.006784
18,                            14,                       4,                       0.00664
18,                            14,                       4,                       0.00702
18,                            14,                       4,                       0.006624
18,                            14,                       4,                       0.006845
18,                            14,                       4,                       0.008182
18,                            14,                       4,                       0.007154
18,                            14,                       4,                       0.00651
18,                            14,                       4,                       0.006387
18,                            14,                       4,                       0.006997
18,                            14,                       4,                       0.006892
18,                            14,                       4,                       0.004469
18,                            14,                       4,                       0.007071
18,                            14,                       4,                       0.006889
18,                            14,                       4,                       0.007008
18,                            14,                       4,                       0.007246
18,                            14,                       4,                       0.006775
18,                            14,                       4,                       0.007081
18,                            14,                       4,                       0.007083
18,                            14,                       4,                       0.00689
18,                            14,                       4,                       0.006676
18,                            14,                       4,                       0.006976
18,                            14,                       4,                       0.006857
18,                            14,                       4,                       0.00645
18,                            14,                       4,                       0.00677
18,                            14,                       4,                       0.006709
18,                            14,                       4,                       0.006658
18,                            14,                       4,                       0.006719
18,                            14,                       4,                       0.006744
18,                            14,                       4,                       0.006782
18,                            14,                       4,                       0.00679
18,                            14,                       4,                       0.006694
18,                            14,                       4,                       0.007976
18,                            14,                       4,                       0.00693
18,                            14,                       4,                       0.006734
18,                            14,                       4,                       0.007012
18,                            14,                       4,                       0.00715
18,                            14,                       4,                       0.007208
18,                            14,                       4,                       0.006849
18,                            14,                       4,                       0.006428
18,                            14,                       4,                       0.00658
18,                            14,                       4,                       0.006675
18,                            14,                       4,                       0.006696
18,                            14,                       4,                       0.006345
18,                            14,                       4,                       0.006699
18,                            14,                       4,                       0.00705
18,                            14,                       4,                       0.007011
18,                            14,                       4,                       0.006771
18,                            14,                       4,                       0.006848
18,                            14,                       4,                       0.006502
18,                            14,                       4,                       0.004492
18,                            14,                       4,                       0.006876
18,                            14,                       4,                       0.006781
18,                            14,                       4,                       0.00658
18,                            14,                       4,                       0.006866
18,                            14,                       4,                       0.006458
18,                            14,                       4,                       0.00645
18,                            14,                       4,                       0.007357
18,                            14,                       4,                       0.006996
18,                            14,                       4,                       0.006527
18,                            14,                       4,                       0.007121
18,                            14,                       4,                       0.007327
18,                            14,                       4,                       0.006717
18,                            14,                       4,                       0.006761
18,                            14,                       4,                       0.007178
18,                            14,                       4,                       0.004573
18,                            14,                       4,                       0.006663
18,                            14,                       4,                       0.006445
18,                            14,                       4,                       0.006786
18,                            14,                       4,                       0.006698
18,                            14,                       4,                       0.007108
