COMMENT : The search result by Simulated-Annealing for Cauchy_Good Fri Jan 26 18:35:56 2018

tech : Cauchy_Good
algorithm : Simulated-Annealing
k : 8
m : 4
w : 8
failed_disk_id : 0
conventional_symbol_number    optimized_symbol_number    reduced_symbol_number    time
64,                            52,                       12,                       0.197256
64,                            53,                       11,                       0.18444
64,                            53,                       11,                       0.195843
64,                            52,                       12,                       0.180915
64,                            53,                       11,                       0.197915
64,                            52,                       12,                       0.191009
64,                            53,                       11,                       0.203853
64,                            52,                       12,                       0.192805
64,                            53,                       11,                       0.197675
64,                            54,                       10,                       0.194112
64,                            52,                       12,                       0.182521
64,                            52,                       12,                       0.193208
64,                            53,                       11,                       0.194804
64,                            52,                       12,                       0.179305
64,                            53,                       11,                       0.184494
64,                            54,                       10,                       0.178092
64,                            52,                       12,                       0.189209
64,                            53,                       11,                       0.18315
64,                            53,                       11,                       0.18407
64,                            53,                       11,                       0.17932
64,                            54,                       10,                       0.205556
64,                            53,                       11,                       0.182222
64,                            53,                       11,                       0.174082
64,                            53,                       11,                       0.175611
64,                            53,                       11,                       0.17317
64,                            52,                       12,                       0.171332
64,                            53,                       11,                       0.180856
64,                            53,                       11,                       0.174945
64,                            52,                       12,                       0.169081
64,                            52,                       12,                       0.184763
64,                            53,                       11,                       0.187195
64,                            52,                       12,                       0.176876
64,                            53,                       11,                       0.199334
64,                            53,                       11,                       0.176586
64,                            53,                       11,                       0.167638
64,                            53,                       11,                       0.174388
64,                            53,                       11,                       0.17853
64,                            53,                       11,                       0.178788
64,                            52,                       12,                       0.173821
64,                            53,                       11,                       0.17613
64,                            52,                       12,                       0.18013
64,                            53,                       11,                       0.176491
64,                            52,                       12,                       0.208531
64,                            53,                       11,                       0.173868
64,                            52,                       12,                       0.16776
64,                            52,                       12,                       0.186066
64,                            52,                       12,                       0.171467
64,                            53,                       11,                       0.199715
64,                            52,                       12,                       0.172111
64,                            53,                       11,                       0.167591
64,                            53,                       11,                       0.169206
64,                            53,                       11,                       0.171136
64,                            52,                       12,                       0.172039
64,                            52,                       12,                       0.176006
64,                            53,                       11,                       0.198427
64,                            53,                       11,                       0.188093
64,                            53,                       11,                       0.179519
64,                            53,                       11,                       0.169697
64,                            53,                       11,                       0.176659
64,                            53,                       11,                       0.167184
64,                            52,                       12,                       0.180643
64,                            52,                       12,                       0.180655
64,                            53,                       11,                       0.169922
64,                            53,                       11,                       0.17487
64,                            52,                       12,                       0.177978
64,                            53,                       11,                       0.174099
64,                            53,                       11,                       0.180096
64,                            53,                       11,                       0.186276
64,                            53,                       11,                       0.174246
64,                            52,                       12,                       0.169713
64,                            53,                       11,                       0.170265
64,                            54,                       10,                       0.17656
64,                            52,                       12,                       0.186845
64,                            53,                       11,                       0.181703
64,                            54,                       10,                       0.197033
64,                            52,                       12,                       0.188222
64,                            53,                       11,                       0.175629
64,                            53,                       11,                       0.175772
64,                            52,                       12,                       0.190562
64,                            53,                       11,                       0.209328
64,                            53,                       11,                       0.184645
64,                            53,                       11,                       0.188813
64,                            53,                       11,                       0.18037
64,                            52,                       12,                       0.170797
64,                            53,                       11,                       0.178884
64,                            53,                       11,                       0.177501
64,                            53,                       11,                       0.182749
64,                            52,                       12,                       0.17726
64,                            52,                       12,                       0.184259
64,                            53,                       11,                       0.173399
64,                            53,                       11,                       0.176307
64,                            52,                       12,                       0.17974
64,                            53,                       11,                       0.181451
64,                            53,                       11,                       0.169645
64,                            54,                       10,                       0.169768
64,                            53,                       11,                       0.1808
64,                            53,                       11,                       0.181372
64,                            53,                       11,                       0.193349
64,                            53,                       11,                       0.184503
64,                            53,                       11,                       0.177402
64,                            53,                       11,                       0.17644
64,                            52,                       12,                       0.184885
64,                            53,                       11,                       0.175701
64,                            52,                       12,                       0.170242
64,                            52,                       12,                       0.182389
64,                            52,                       12,                       0.180115
64,                            53,                       11,                       0.197361
64,                            52,                       12,                       0.187444
64,                            52,                       12,                       0.184888
64,                            52,                       12,                       0.181287
64,                            52,                       12,                       0.16941
64,                            53,                       11,                       0.175984
64,                            52,                       12,                       0.170613
64,                            53,                       11,                       0.180505
64,                            52,                       12,                       0.176102
64,                            52,                       12,                       0.173853
64,                            53,                       11,                       0.180495
64,                            53,                       11,                       0.177998
64,                            52,                       12,                       0.186112
64,                            53,                       11,                       0.17335
64,                            53,                       11,                       0.184105
64,                            52,                       12,                       0.177303
64,                            52,                       12,                       0.18616
64,                            53,                       11,                       0.17911
64,                            53,                       11,                       0.177277
64,                            52,                       12,                       0.187725
64,                            53,                       11,                       0.177895
64,                            53,                       11,                       0.185104
64,                            53,                       11,                       0.177149
64,                            53,                       11,                       0.190376
64,                            55,                       9,                       0.18871
64,                            53,                       11,                       0.19461
64,                            54,                       10,                       0.195444
64,                            52,                       12,                       0.16963
64,                            53,                       11,                       0.168345
64,                            52,                       12,                       0.177583
64,                            53,                       11,                       0.175236
64,                            53,                       11,                       0.175538
64,                            53,                       11,                       0.175944
64,                            53,                       11,                       0.179732
64,                            53,                       11,                       0.178307
64,                            53,                       11,                       0.173882
64,                            52,                       12,                       0.17897
64,                            53,                       11,                       0.187407
64,                            52,                       12,                       0.182543
64,                            53,                       11,                       0.191847
64,                            52,                       12,                       0.174091
64,                            52,                       12,                       0.176183
64,                            54,                       10,                       0.172257
64,                            52,                       12,                       0.176501
64,                            53,                       11,                       0.17017
64,                            52,                       12,                       0.171368
64,                            53,                       11,                       0.192229
64,                            52,                       12,                       0.171519
64,                            53,                       11,                       0.178104
64,                            54,                       10,                       0.198354
64,                            53,                       11,                       0.174287
64,                            53,                       11,                       0.18334
64,                            53,                       11,                       0.181745
64,                            52,                       12,                       0.177365
64,                            53,                       11,                       0.177164
64,                            53,                       11,                       0.175748
64,                            53,                       11,                       0.17539
64,                            53,                       11,                       0.180738
64,                            52,                       12,                       0.170201
64,                            53,                       11,                       0.199453
64,                            53,                       11,                       0.187395
64,                            52,                       12,                       0.182964
64,                            53,                       11,                       0.175877
64,                            53,                       11,                       0.189326
64,                            53,                       11,                       0.190765
64,                            53,                       11,                       0.191039
64,                            54,                       10,                       0.178493
64,                            52,                       12,                       0.186173
64,                            53,                       11,                       0.188162
64,                            52,                       12,                       0.186655
64,                            53,                       11,                       0.176924
64,                            54,                       10,                       0.228221
64,                            53,                       11,                       0.181372
64,                            54,                       10,                       0.175668
64,                            53,                       11,                       0.188931
64,                            52,                       12,                       0.175256
64,                            53,                       11,                       0.172628
64,                            53,                       11,                       0.183011
64,                            52,                       12,                       0.175824
64,                            53,                       11,                       0.180161
64,                            53,                       11,                       0.174665
64,                            53,                       11,                       0.179205
64,                            53,                       11,                       0.191542
64,                            53,                       11,                       0.183424
64,                            53,                       11,                       0.180172
64,                            52,                       12,                       0.174405
64,                            53,                       11,                       0.17193
64,                            53,                       11,                       0.191508
64,                            52,                       12,                       0.170515
64,                            52,                       12,                       0.176275
64,                            53,                       11,                       0.192728
64,                            52,                       12,                       0.172175
64,                            52,                       12,                       0.186671
64,                            53,                       11,                       0.179063
64,                            52,                       12,                       0.173438
64,                            53,                       11,                       0.173495
64,                            52,                       12,                       0.175356
64,                            52,                       12,                       0.177437
64,                            53,                       11,                       0.179818
64,                            53,                       11,                       0.184238
64,                            52,                       12,                       0.175919
64,                            52,                       12,                       0.175177
64,                            52,                       12,                       0.186373
64,                            53,                       11,                       0.188283
64,                            53,                       11,                       0.182123
64,                            53,                       11,                       0.175445
64,                            52,                       12,                       0.169062
64,                            53,                       11,                       0.178027
64,                            52,                       12,                       0.170372
64,                            52,                       12,                       0.1781
64,                            53,                       11,                       0.180159
64,                            53,                       11,                       0.180963
64,                            52,                       12,                       0.173201
64,                            52,                       12,                       0.181315
64,                            53,                       11,                       0.180083
64,                            53,                       11,                       0.176762
64,                            53,                       11,                       0.183629
64,                            53,                       11,                       0.177509
64,                            53,                       11,                       0.173017
64,                            53,                       11,                       0.170845
64,                            53,                       11,                       0.177161
64,                            53,                       11,                       0.179597
64,                            52,                       12,                       0.183607
64,                            53,                       11,                       0.172904
64,                            53,                       11,                       0.17896
64,                            53,                       11,                       0.176866
64,                            53,                       11,                       0.171408
64,                            54,                       10,                       0.18175
64,                            53,                       11,                       0.193826
64,                            53,                       11,                       0.17837
64,                            54,                       10,                       0.213455
64,                            53,                       11,                       0.18232
64,                            53,                       11,                       0.182203
64,                            52,                       12,                       0.16978
64,                            52,                       12,                       0.187013
64,                            53,                       11,                       0.193174
64,                            53,                       11,                       0.194256
64,                            53,                       11,                       0.183549
64,                            53,                       11,                       0.18783
64,                            53,                       11,                       0.186428
64,                            53,                       11,                       0.192294
64,                            53,                       11,                       0.177873
64,                            53,                       11,                       0.172187
64,                            53,                       11,                       0.168643
64,                            52,                       12,                       0.184726
64,                            53,                       11,                       0.194907
64,                            52,                       12,                       0.183816
64,                            53,                       11,                       0.19278
64,                            53,                       11,                       0.172664
64,                            54,                       10,                       0.176534
64,                            52,                       12,                       0.177678
64,                            53,                       11,                       0.171178
64,                            52,                       12,                       0.176479
64,                            52,                       12,                       0.176172
64,                            53,                       11,                       0.183156
64,                            53,                       11,                       0.189493
64,                            52,                       12,                       0.173187
64,                            53,                       11,                       0.177314
64,                            52,                       12,                       0.179246
64,                            53,                       11,                       0.19817
64,                            52,                       12,                       0.177876
64,                            53,                       11,                       0.187346
64,                            53,                       11,                       0.20049
64,                            53,                       11,                       0.177871
64,                            53,                       11,                       0.1759
64,                            53,                       11,                       0.184891
64,                            53,                       11,                       0.178261
64,                            52,                       12,                       0.176105
64,                            53,                       11,                       0.177712
64,                            53,                       11,                       0.176921
64,                            52,                       12,                       0.174845
64,                            53,                       11,                       0.187297
64,                            53,                       11,                       0.194726
64,                            53,                       11,                       0.199547
64,                            53,                       11,                       0.181767
64,                            53,                       11,                       0.179228
64,                            53,                       11,                       0.175341
64,                            52,                       12,                       0.17099
64,                            52,                       12,                       0.170165
64,                            52,                       12,                       0.180055
64,                            52,                       12,                       0.18232
64,                            53,                       11,                       0.188423
64,                            52,                       12,                       0.175511
64,                            53,                       11,                       0.17359
64,                            53,                       11,                       0.177515
64,                            53,                       11,                       0.193922
64,                            52,                       12,                       0.182329
64,                            53,                       11,                       0.178945
64,                            53,                       11,                       0.174716
64,                            53,                       11,                       0.193736
64,                            53,                       11,                       0.173559
64,                            52,                       12,                       0.168867
64,                            53,                       11,                       0.185613
64,                            53,                       11,                       0.193298
