COMMENT : The search result by Simulated-Annealing for Cauchy_Good Fri Jan 26 18:35:48 2018

tech : Cauchy_Good
algorithm : Simulated-Annealing
k : 5
m : 4
w : 5
failed_disk_id : 0
conventional_symbol_number    optimized_symbol_number    reduced_symbol_number    time
25,                            18,                       7,                       0.004807
25,                            17,                       8,                       0.004718
25,                            18,                       7,                       0.005564
25,                            18,                       7,                       0.005419
25,                            18,                       7,                       0.0052
25,                            17,                       8,                       0.005063
25,                            18,                       7,                       0.005081
25,                            18,                       7,                       0.005081
25,                            17,                       8,                       0.006343
25,                            18,                       7,                       0.005098
25,                            17,                       8,                       0.005203
25,                            18,                       7,                       0.005544
25,                            18,                       7,                       0.005188
25,                            18,                       7,                       0.00522
25,                            17,                       8,                       0.00546
25,                            17,                       8,                       0.004891
25,                            18,                       7,                       0.005352
25,                            18,                       7,                       0.004968
25,                            18,                       7,                       0.005416
25,                            18,                       7,                       0.006379
25,                            18,                       7,                       0.005178
25,                            18,                       7,                       0.005261
25,                            17,                       8,                       0.004809
25,                            17,                       8,                       0.004808
25,                            17,                       8,                       0.005002
25,                            18,                       7,                       0.004843
25,                            18,                       7,                       0.00513
25,                            17,                       8,                       0.00467
25,                            18,                       7,                       0.00539
25,                            18,                       7,                       0.006945
25,                            18,                       7,                       0.005388
25,                            18,                       7,                       0.004745
25,                            18,                       7,                       0.004971
25,                            18,                       7,                       0.004721
25,                            18,                       7,                       0.005065
25,                            18,                       7,                       0.004953
25,                            18,                       7,                       0.004745
25,                            17,                       8,                       0.004681
25,                            18,                       7,                       0.004712
25,                            17,                       8,                       0.004699
25,                            19,                       6,                       0.005079
25,                            18,                       7,                       0.004846
25,                            17,                       8,                       0.004716
25,                            18,                       7,                       0.005025
25,                            17,                       8,                       0.004819
25,                            17,                       8,                       0.004808
25,                            18,                       7,                       0.004914
25,                            18,                       7,                       0.005217
25,                            17,                       8,                       0.004576
25,                            18,                       7,                       0.004671
25,                            17,                       8,                       0.004773
25,                            18,                       7,                       0.00478
25,                            17,                       8,                       0.004783
25,                            18,                       7,                       0.005251
25,                            18,                       7,                       0.004865
25,                            18,                       7,                       0.005049
25,                            17,                       8,                       0.004519
25,                            17,                       8,                       0.004686
25,                            18,                       7,                       0.00534
25,                            18,                       7,                       0.004742
25,                            18,                       7,                       0.005512
25,                            18,                       7,                       0.005097
25,                            17,                       8,                       0.004859
25,                            18,                       7,                       0.005206
25,                            18,                       7,                       0.004735
25,                            18,                       7,                       0.005111
25,                            18,                       7,                       0.004945
25,                            17,                       8,                       0.004556
25,                            18,                       7,                       0.005081
25,                            18,                       7,                       0.00503
25,                            18,                       7,                       0.004965
25,                            18,                       7,                       0.004809
25,                            17,                       8,                       0.004962
25,                            18,                       7,                       0.005039
25,                            17,                       8,                       0.004692
25,                            18,                       7,                       0.004774
25,                            18,                       7,                       0.00471
25,                            17,                       8,                       0.005714
25,                            18,                       7,                       0.004877
25,                            18,                       7,                       0.004985
25,                            18,                       7,                       0.004905
25,                            17,                       8,                       0.004732
25,                            18,                       7,                       0.004905
25,                            18,                       7,                       0.005204
25,                            18,                       7,                       0.004879
25,                            18,                       7,                       0.005351
25,                            17,                       8,                       0.004959
25,                            17,                       8,                       0.005128
25,                            17,                       8,                       0.004687
25,                            17,                       8,                       0.004776
25,                            18,                       7,                       0.005015
25,                            18,                       7,                       0.005308
25,                            18,                       7,                       0.004643
25,                            17,                       8,                       0.004959
25,                            17,                       8,                       0.005227
25,                            18,                       7,                       0.004905
25,                            18,                       7,                       0.004885
25,                            17,                       8,                       0.005023
25,                            18,                       7,                       0.004817
25,                            18,                       7,                       0.005096
25,                            17,                       8,                       0.005067
25,                            18,                       7,                       0.005074
25,                            17,                       8,                       0.004879
25,                            17,                       8,                       0.005087
25,                            18,                       7,                       0.005383
25,                            18,                       7,                       0.004858
25,                            18,                       7,                       0.00484
25,                            17,                       8,                       0.005239
25,                            18,                       7,                       0.004923
25,                            18,                       7,                       0.004743
25,                            18,                       7,                       0.004697
25,                            17,                       8,                       0.005051
25,                            18,                       7,                       0.004906
25,                            17,                       8,                       0.004784
25,                            18,                       7,                       0.005118
25,                            18,                       7,                       0.005038
25,                            17,                       8,                       0.004825
25,                            18,                       7,                       0.005002
25,                            17,                       8,                       0.005034
25,                            18,                       7,                       0.005423
25,                            17,                       8,                       0.004561
25,                            18,                       7,                       0.004733
25,                            17,                       8,                       0.004987
25,                            17,                       8,                       0.005011
25,                            18,                       7,                       0.005059
25,                            17,                       8,                       0.005097
25,                            17,                       8,                       0.004797
25,                            18,                       7,                       0.005521
25,                            18,                       7,                       0.004753
25,                            18,                       7,                       0.004797
25,                            18,                       7,                       0.004717
25,                            18,                       7,                       0.005081
25,                            17,                       8,                       0.004897
25,                            18,                       7,                       0.004624
25,                            18,                       7,                       0.004815
25,                            17,                       8,                       0.005116
25,                            18,                       7,                       0.004833
25,                            17,                       8,                       0.00503
25,                            17,                       8,                       0.004765
25,                            18,                       7,                       0.004831
25,                            17,                       8,                       0.004863
25,                            17,                       8,                       0.004978
25,                            18,                       7,                       0.005076
25,                            18,                       7,                       0.005166
25,                            17,                       8,                       0.004781
25,                            17,                       8,                       0.005143
25,                            17,                       8,                       0.005292
25,                            18,                       7,                       0.00488
25,                            18,                       7,                       0.00477
25,                            17,                       8,                       0.004919
25,                            17,                       8,                       0.004452
25,                            18,                       7,                       0.004907
25,                            17,                       8,                       0.005167
25,                            17,                       8,                       0.005149
25,                            18,                       7,                       0.004907
25,                            17,                       8,                       0.004872
25,                            18,                       7,                       0.005028
25,                            17,                       8,                       0.004918
25,                            18,                       7,                       0.004857
25,                            18,                       7,                       0.005171
25,                            17,                       8,                       0.004679
25,                            17,                       8,                       0.004902
25,                            18,                       7,                       0.004819
25,                            17,                       8,                       0.005425
25,                            18,                       7,                       0.005074
25,                            17,                       8,                       0.005099
25,                            17,                       8,                       0.005028
25,                            17,                       8,                       0.005439
25,                            18,                       7,                       0.004894
25,                            17,                       8,                       0.004772
25,                            17,                       8,                       0.004576
25,                            18,                       7,                       0.004797
25,                            18,                       7,                       0.005321
25,                            18,                       7,                       0.005305
25,                            17,                       8,                       0.004748
25,                            18,                       7,                       0.004787
25,                            17,                       8,                       0.005175
25,                            18,                       7,                       0.005496
25,                            18,                       7,                       0.004936
25,                            18,                       7,                       0.005534
25,                            18,                       7,                       0.004786
25,                            18,                       7,                       0.005335
25,                            18,                       7,                       0.004903
25,                            18,                       7,                       0.00502
25,                            18,                       7,                       0.004635
25,                            18,                       7,                       0.004816
25,                            18,                       7,                       0.004747
25,                            18,                       7,                       0.005383
25,                            17,                       8,                       0.004606
25,                            18,                       7,                       0.004972
25,                            17,                       8,                       0.004699
25,                            18,                       7,                       0.004825
25,                            18,                       7,                       0.004742
25,                            17,                       8,                       0.004966
25,                            17,                       8,                       0.004582
25,                            18,                       7,                       0.00481
25,                            18,                       7,                       0.004864
25,                            17,                       8,                       0.004975
25,                            18,                       7,                       0.004765
25,                            17,                       8,                       0.004699
25,                            18,                       7,                       0.005022
25,                            18,                       7,                       0.005342
25,                            18,                       7,                       0.004901
25,                            18,                       7,                       0.004737
25,                            17,                       8,                       0.004889
25,                            18,                       7,                       0.005109
25,                            18,                       7,                       0.00583
25,                            17,                       8,                       0.004663
25,                            18,                       7,                       0.004797
25,                            18,                       7,                       0.00514
25,                            17,                       8,                       0.004893
25,                            17,                       8,                       0.004716
25,                            17,                       8,                       0.00465
25,                            17,                       8,                       0.004653
25,                            17,                       8,                       0.005109
25,                            17,                       8,                       0.005
25,                            18,                       7,                       0.00549
25,                            17,                       8,                       0.004556
25,                            17,                       8,                       0.004772
25,                            18,                       7,                       0.004662
25,                            18,                       7,                       0.004908
25,                            18,                       7,                       0.004806
25,                            18,                       7,                       0.005153
25,                            18,                       7,                       0.005058
25,                            18,                       7,                       0.005278
25,                            18,                       7,                       0.004948
25,                            18,                       7,                       0.004994
25,                            18,                       7,                       0.005165
25,                            17,                       8,                       0.00463
25,                            18,                       7,                       0.004712
25,                            18,                       7,                       0.004842
25,                            18,                       7,                       0.004628
25,                            17,                       8,                       0.004568
25,                            17,                       8,                       0.004971
25,                            18,                       7,                       0.005441
25,                            17,                       8,                       0.005139
25,                            18,                       7,                       0.004798
25,                            18,                       7,                       0.005565
25,                            18,                       7,                       0.004848
25,                            17,                       8,                       0.004591
25,                            18,                       7,                       0.004667
25,                            17,                       8,                       0.004724
25,                            18,                       7,                       0.005173
25,                            17,                       8,                       0.004601
25,                            17,                       8,                       0.00497
25,                            18,                       7,                       0.005264
25,                            18,                       7,                       0.004879
25,                            17,                       8,                       0.00524
25,                            17,                       8,                       0.004664
25,                            17,                       8,                       0.005061
25,                            17,                       8,                       0.004939
25,                            17,                       8,                       0.004915
25,                            18,                       7,                       0.005522
25,                            18,                       7,                       0.004985
25,                            17,                       8,                       0.004729
25,                            18,                       7,                       0.005129
25,                            17,                       8,                       0.005298
25,                            17,                       8,                       0.004909
25,                            18,                       7,                       0.005041
25,                            18,                       7,                       0.004914
25,                            18,                       7,                       0.005082
25,                            17,                       8,                       0.005251
25,                            17,                       8,                       0.004831
25,                            17,                       8,                       0.004638
25,                            18,                       7,                       0.004789
25,                            18,                       7,                       0.004759
25,                            18,                       7,                       0.005432
25,                            17,                       8,                       0.004795
25,                            17,                       8,                       0.004875
25,                            17,                       8,                       0.005364
25,                            18,                       7,                       0.004993
25,                            18,                       7,                       0.005063
25,                            18,                       7,                       0.004892
25,                            18,                       7,                       0.00524
25,                            17,                       8,                       0.005313
25,                            18,                       7,                       0.004985
25,                            18,                       7,                       0.005203
25,                            17,                       8,                       0.004946
25,                            18,                       7,                       0.006048
25,                            17,                       8,                       0.004863
25,                            18,                       7,                       0.004883
25,                            18,                       7,                       0.005105
25,                            17,                       8,                       0.00475
25,                            18,                       7,                       0.005441
25,                            17,                       8,                       0.005921
25,                            18,                       7,                       0.005261
25,                            18,                       7,                       0.004709
25,                            18,                       7,                       0.005589
25,                            18,                       7,                       0.004592
25,                            17,                       8,                       0.004964
25,                            18,                       7,                       0.004606
25,                            18,                       7,                       0.004883
25,                            17,                       8,                       0.004852
25,                            18,                       7,                       0.00507
25,                            17,                       8,                       0.005073
25,                            17,                       8,                       0.00491
25,                            17,                       8,                       0.004526
25,                            17,                       8,                       0.004684
25,                            18,                       7,                       0.004709
25,                            18,                       7,                       0.005018
