COMMENT : The search result by Simulated-Annealing for Cauchy_Good Fri Jan 26 18:35:45 2018

tech : Cauchy_Good
algorithm : Simulated-Annealing
k : 2
m : 2
w : 3
failed_disk_id : 0
conventional_symbol_number    optimized_symbol_number    reduced_symbol_number    time
6,                            5,                       1,                       0.000185
6,                            5,                       1,                       0.000207
6,                            5,                       1,                       0.000156
6,                            5,                       1,                       0.000178
6,                            5,                       1,                       0.000249
6,                            5,                       1,                       0.000226
6,                            5,                       1,                       0.00018
6,                            5,                       1,                       0.00021
6,                            5,                       1,                       0.000176
6,                            5,                       1,                       0.000212
6,                            5,                       1,                       0.000389
6,                            5,                       1,                       0.000178
6,                            5,                       1,                       0.000183
6,                            5,                       1,                       0.000181
6,                            5,                       1,                       0.000225
6,                            5,                       1,                       0.000184
6,                            5,                       1,                       0.000242
6,                            5,                       1,                       0.000175
6,                            5,                       1,                       0.000204
6,                            5,                       1,                       0.000235
6,                            5,                       1,                       0.000179
6,                            5,                       1,                       0.000185
6,                            5,                       1,                       0.000177
6,                            5,                       1,                       0.000207
6,                            5,                       1,                       0.000175
6,                            5,                       1,                       0.000179
6,                            5,                       1,                       0.000228
6,                            5,                       1,                       0.000223
6,                            5,                       1,                       0.000188
6,                            5,                       1,                       0.000198
6,                            5,                       1,                       0.000171
6,                            5,                       1,                       0.000174
6,                            5,                       1,                       0.000222
6,                            5,                       1,                       0.000249
6,                            5,                       1,                       0.00017
6,                            5,                       1,                       0.000357
6,                            5,                       1,                       0.000229
6,                            5,                       1,                       0.000174
6,                            5,                       1,                       0.000229
6,                            5,                       1,                       0.000173
6,                            5,                       1,                       0.000173
6,                            5,                       1,                       0.000214
6,                            5,                       1,                       0.000228
6,                            5,                       1,                       0.000271
6,                            5,                       1,                       0.000171
6,                            5,                       1,                       0.000248
6,                            5,                       1,                       0.000174
6,                            5,                       1,                       0.000169
6,                            5,                       1,                       0.000205
6,                            5,                       1,                       0.000235
6,                            5,                       1,                       0.000311
6,                            5,                       1,                       0.000177
6,                            5,                       1,                       0.000191
6,                            5,                       1,                       0.000243
6,                            5,                       1,                       0.000193
6,                            5,                       1,                       0.000198
6,                            5,                       1,                       0.000167
6,                            5,                       1,                       0.00019
6,                            5,                       1,                       0.000193
6,                            5,                       1,                       0.000176
6,                            5,                       1,                       0.000179
6,                            5,                       1,                       0.000168
6,                            5,                       1,                       0.000173
6,                            5,                       1,                       0.00017
6,                            5,                       1,                       0.000233
6,                            5,                       1,                       0.000176
6,                            5,                       1,                       0.000191
6,                            5,                       1,                       0.000272
6,                            5,                       1,                       0.000233
6,                            5,                       1,                       0.000217
6,                            5,                       1,                       0.000196
6,                            5,                       1,                       0.000169
6,                            5,                       1,                       0.00021
6,                            5,                       1,                       0.000235
6,                            5,                       1,                       0.000183
6,                            5,                       1,                       0.0002
6,                            5,                       1,                       0.000212
6,                            5,                       1,                       0.000193
6,                            5,                       1,                       0.000429
6,                            5,                       1,                       0.000178
6,                            5,                       1,                       0.000199
6,                            5,                       1,                       0.000206
6,                            5,                       1,                       0.000215
6,                            5,                       1,                       0.000218
6,                            5,                       1,                       0.000173
6,                            5,                       1,                       0.000188
6,                            5,                       1,                       0.000198
6,                            5,                       1,                       0.000175
6,                            5,                       1,                       0.000215
6,                            5,                       1,                       0.000172
6,                            5,                       1,                       0.000252
6,                            5,                       1,                       0.00018
6,                            5,                       1,                       0.000218
6,                            5,                       1,                       0.000227
6,                            5,                       1,                       0.000175
6,                            5,                       1,                       0.000172
6,                            5,                       1,                       0.000191
6,                            5,                       1,                       0.000237
6,                            5,                       1,                       0.000174
6,                            5,                       1,                       0.000177
6,                            5,                       1,                       0.00023
6,                            5,                       1,                       0.000197
6,                            5,                       1,                       0.000175
6,                            5,                       1,                       0.000174
6,                            5,                       1,                       0.000198
6,                            5,                       1,                       0.000175
6,                            5,                       1,                       0.000173
6,                            5,                       1,                       0.00019
6,                            5,                       1,                       0.000175
6,                            5,                       1,                       0.000187
6,                            5,                       1,                       0.000213
6,                            5,                       1,                       0.000187
6,                            5,                       1,                       0.000179
6,                            5,                       1,                       0.000377
6,                            5,                       1,                       0.00021
6,                            5,                       1,                       0.000243
6,                            5,                       1,                       0.000211
6,                            5,                       1,                       0.000174
6,                            5,                       1,                       0.000197
6,                            5,                       1,                       0.000228
6,                            5,                       1,                       0.000186
6,                            5,                       1,                       0.000175
6,                            5,                       1,                       0.000193
6,                            5,                       1,                       0.000295
6,                            5,                       1,                       0.000171
6,                            5,                       1,                       0.00017
6,                            5,                       1,                       0.000187
6,                            5,                       1,                       0.000177
6,                            5,                       1,                       0.000173
6,                            5,                       1,                       0.000178
6,                            5,                       1,                       0.000189
6,                            5,                       1,                       0.000189
6,                            5,                       1,                       0.000173
6,                            5,                       1,                       0.000196
6,                            5,                       1,                       0.000196
6,                            5,                       1,                       0.000195
6,                            5,                       1,                       0.000187
6,                            5,                       1,                       0.00025
6,                            5,                       1,                       0.000175
6,                            5,                       1,                       0.000198
6,                            5,                       1,                       0.000195
6,                            5,                       1,                       0.000191
6,                            5,                       1,                       0.00025
6,                            5,                       1,                       0.000182
6,                            5,                       1,                       0.000174
6,                            5,                       1,                       0.000343
6,                            5,                       1,                       0.000178
6,                            5,                       1,                       0.000199
6,                            5,                       1,                       0.000179
6,                            5,                       1,                       0.000176
6,                            5,                       1,                       0.000172
6,                            5,                       1,                       0.000333
6,                            5,                       1,                       0.000252
6,                            5,                       1,                       0.000195
6,                            5,                       1,                       0.000233
6,                            5,                       1,                       0.000353
6,                            5,                       1,                       0.000174
6,                            5,                       1,                       0.000191
6,                            5,                       1,                       0.000254
6,                            5,                       1,                       0.000157
6,                            5,                       1,                       0.000197
6,                            5,                       1,                       0.0002
6,                            5,                       1,                       0.000235
6,                            5,                       1,                       0.000179
6,                            5,                       1,                       0.000182
6,                            5,                       1,                       0.000175
6,                            5,                       1,                       0.000232
6,                            5,                       1,                       0.000238
6,                            5,                       1,                       0.0002
6,                            5,                       1,                       0.000173
6,                            5,                       1,                       0.000168
6,                            5,                       1,                       0.000175
6,                            5,                       1,                       0.000229
6,                            5,                       1,                       0.000174
6,                            5,                       1,                       0.000189
6,                            5,                       1,                       0.000195
6,                            5,                       1,                       0.000157
6,                            5,                       1,                       0.000152
6,                            5,                       1,                       0.000191
6,                            5,                       1,                       0.000173
6,                            5,                       1,                       0.000173
6,                            5,                       1,                       0.00018
6,                            5,                       1,                       0.000248
6,                            5,                       1,                       0.000174
6,                            5,                       1,                       0.000186
6,                            5,                       1,                       0.000173
6,                            5,                       1,                       0.000173
6,                            5,                       1,                       0.000174
6,                            5,                       1,                       0.000177
6,                            5,                       1,                       0.000188
6,                            5,                       1,                       0.000252
6,                            5,                       1,                       0.000226
6,                            5,                       1,                       0.000194
6,                            5,                       1,                       0.000183
6,                            5,                       1,                       0.000172
6,                            5,                       1,                       0.000174
6,                            5,                       1,                       0.000175
6,                            5,                       1,                       0.000153
6,                            5,                       1,                       0.000169
6,                            5,                       1,                       0.000257
6,                            5,                       1,                       0.000194
6,                            5,                       1,                       0.000173
6,                            5,                       1,                       0.000217
6,                            5,                       1,                       0.000182
6,                            5,                       1,                       0.000175
6,                            5,                       1,                       0.000237
6,                            5,                       1,                       0.000177
6,                            5,                       1,                       0.000261
6,                            5,                       1,                       0.000193
6,                            5,                       1,                       0.000229
6,                            5,                       1,                       0.000229
6,                            5,                       1,                       0.000174
6,                            5,                       1,                       0.000192
6,                            5,                       1,                       0.000175
6,                            5,                       1,                       0.000235
6,                            5,                       1,                       0.000202
6,                            5,                       1,                       0.000176
6,                            5,                       1,                       0.000194
6,                            5,                       1,                       0.000219
6,                            5,                       1,                       0.000176
6,                            5,                       1,                       0.000212
6,                            5,                       1,                       0.000241
6,                            5,                       1,                       0.000194
6,                            5,                       1,                       0.000198
6,                            5,                       1,                       0.000174
6,                            5,                       1,                       0.000198
6,                            5,                       1,                       0.000184
6,                            5,                       1,                       0.000196
6,                            5,                       1,                       0.000177
6,                            5,                       1,                       0.000173
6,                            5,                       1,                       0.000199
6,                            5,                       1,                       0.000221
6,                            5,                       1,                       0.000244
6,                            5,                       1,                       0.000175
6,                            5,                       1,                       0.000286
6,                            5,                       1,                       0.000336
6,                            5,                       1,                       0.000182
6,                            5,                       1,                       0.000234
6,                            5,                       1,                       0.000194
6,                            5,                       1,                       0.000154
6,                            5,                       1,                       0.000227
6,                            5,                       1,                       0.000175
6,                            5,                       1,                       0.000175
6,                            5,                       1,                       0.000196
6,                            5,                       1,                       0.000175
6,                            5,                       1,                       0.000244
6,                            5,                       1,                       0.000223
6,                            5,                       1,                       0.000175
6,                            5,                       1,                       0.000227
6,                            5,                       1,                       0.000188
6,                            5,                       1,                       0.000176
6,                            5,                       1,                       0.000172
6,                            5,                       1,                       0.000243
6,                            5,                       1,                       0.000165
6,                            5,                       1,                       0.000174
6,                            5,                       1,                       0.000209
6,                            5,                       1,                       0.000193
6,                            5,                       1,                       0.000197
6,                            5,                       1,                       0.000174
6,                            5,                       1,                       0.00019
6,                            5,                       1,                       0.000175
6,                            5,                       1,                       0.000243
6,                            5,                       1,                       0.000225
6,                            5,                       1,                       0.000174
6,                            5,                       1,                       0.000178
6,                            5,                       1,                       0.000233
6,                            5,                       1,                       0.000192
6,                            5,                       1,                       0.000192
6,                            5,                       1,                       0.000193
6,                            5,                       1,                       0.000365
6,                            5,                       1,                       0.000264
6,                            5,                       1,                       0.000198
6,                            5,                       1,                       0.000218
6,                            5,                       1,                       0.00018
6,                            5,                       1,                       0.000193
6,                            5,                       1,                       0.000354
6,                            5,                       1,                       0.000176
6,                            5,                       1,                       0.000196
6,                            5,                       1,                       0.000392
6,                            5,                       1,                       0.000175
6,                            5,                       1,                       0.00018
6,                            5,                       1,                       0.000175
6,                            5,                       1,                       0.000197
6,                            5,                       1,                       0.000176
6,                            5,                       1,                       0.000176
6,                            5,                       1,                       0.000201
6,                            5,                       1,                       0.000197
6,                            5,                       1,                       0.000247
6,                            5,                       1,                       0.000177
6,                            5,                       1,                       0.00024
6,                            5,                       1,                       0.000175
6,                            5,                       1,                       0.000173
6,                            5,                       1,                       0.000175
6,                            5,                       1,                       0.000172
6,                            5,                       1,                       0.000229
6,                            5,                       1,                       0.000197
6,                            5,                       1,                       0.000198
6,                            5,                       1,                       0.000173
6,                            5,                       1,                       0.000177
6,                            5,                       1,                       0.000171
