COMMENT : The search result by Simulated-Annealing for Cauchy_Good Fri Jan 26 18:35:54 2018

tech : Cauchy_Good
algorithm : Simulated-Annealing
k : 7
m : 7
w : 8
failed_disk_id : 0
conventional_symbol_number    optimized_symbol_number    reduced_symbol_number    time
56,                            46,                       10,                       0.339522
56,                            46,                       10,                       0.307325
56,                            45,                       11,                       0.30578
56,                            46,                       10,                       0.303228
56,                            45,                       11,                       0.298903
56,                            46,                       10,                       0.278562
56,                            45,                       11,                       0.303858
56,                            45,                       11,                       0.278166
56,                            45,                       11,                       0.260524
56,                            46,                       10,                       0.278364
56,                            45,                       11,                       0.277406
56,                            45,                       11,                       0.288178
56,                            45,                       11,                       0.306941
56,                            46,                       10,                       0.294633
56,                            46,                       10,                       0.274226
56,                            46,                       10,                       0.308514
56,                            45,                       11,                       0.261165
56,                            45,                       11,                       0.306564
56,                            47,                       9,                       0.324404
56,                            45,                       11,                       0.297814
56,                            46,                       10,                       0.29546
56,                            45,                       11,                       0.306825
56,                            45,                       11,                       0.295923
56,                            46,                       10,                       0.276356
56,                            46,                       10,                       0.265585
56,                            45,                       11,                       0.288386
56,                            46,                       10,                       0.309777
56,                            45,                       11,                       0.294261
56,                            45,                       11,                       0.289902
56,                            45,                       11,                       0.303867
56,                            45,                       11,                       0.24537
56,                            46,                       10,                       0.266459
56,                            46,                       10,                       0.260565
56,                            45,                       11,                       0.269017
56,                            46,                       10,                       0.273601
56,                            45,                       11,                       0.275531
56,                            45,                       11,                       0.254386
56,                            46,                       10,                       0.301173
56,                            46,                       10,                       0.319924
56,                            45,                       11,                       0.293852
56,                            45,                       11,                       0.29608
56,                            47,                       9,                       0.26991
56,                            45,                       11,                       0.247307
56,                            46,                       10,                       0.272685
56,                            47,                       9,                       0.273556
56,                            45,                       11,                       0.283885
56,                            46,                       10,                       0.278971
56,                            46,                       10,                       0.290498
56,                            46,                       10,                       0.292374
56,                            47,                       9,                       0.256754
56,                            45,                       11,                       0.269529
56,                            47,                       9,                       0.256179
56,                            45,                       11,                       0.280234
56,                            46,                       10,                       0.280461
56,                            47,                       9,                       0.276249
56,                            46,                       10,                       0.310072
56,                            46,                       10,                       0.280018
56,                            45,                       11,                       0.281018
56,                            45,                       11,                       0.273981
56,                            46,                       10,                       0.313236
56,                            46,                       10,                       0.275619
56,                            46,                       10,                       0.261973
56,                            46,                       10,                       0.26696
56,                            46,                       10,                       0.267972
56,                            46,                       10,                       0.268898
56,                            46,                       10,                       0.287801
56,                            45,                       11,                       0.296805
56,                            46,                       10,                       0.264951
56,                            45,                       11,                       0.273028
56,                            46,                       10,                       0.263618
56,                            46,                       10,                       0.310011
56,                            46,                       10,                       0.277033
56,                            46,                       10,                       0.30513
56,                            46,                       10,                       0.261549
56,                            45,                       11,                       0.279638
56,                            46,                       10,                       0.258416
56,                            46,                       10,                       0.281056
56,                            46,                       10,                       0.312969
56,                            45,                       11,                       0.269259
56,                            46,                       10,                       0.286503
56,                            45,                       11,                       0.292053
56,                            47,                       9,                       0.258231
56,                            46,                       10,                       0.284136
56,                            46,                       10,                       0.280678
56,                            47,                       9,                       0.296637
56,                            46,                       10,                       0.28572
56,                            45,                       11,                       0.304117
56,                            45,                       11,                       0.253736
56,                            46,                       10,                       0.293763
56,                            46,                       10,                       0.258595
56,                            45,                       11,                       0.286615
56,                            45,                       11,                       0.300478
56,                            45,                       11,                       0.2876
56,                            46,                       10,                       0.271423
56,                            46,                       10,                       0.306496
56,                            47,                       9,                       0.340168
56,                            46,                       10,                       0.289323
56,                            47,                       9,                       0.27056
56,                            45,                       11,                       0.302878
56,                            46,                       10,                       0.275269
56,                            46,                       10,                       0.280819
56,                            46,                       10,                       0.300006
56,                            46,                       10,                       0.282181
56,                            46,                       10,                       0.300108
56,                            47,                       9,                       0.2647
56,                            46,                       10,                       0.279639
56,                            46,                       10,                       0.283861
56,                            45,                       11,                       0.287629
56,                            45,                       11,                       0.268427
56,                            45,                       11,                       0.265851
56,                            45,                       11,                       0.280571
56,                            46,                       10,                       0.266619
56,                            46,                       10,                       0.265735
56,                            47,                       9,                       0.275369
56,                            46,                       10,                       0.286859
56,                            46,                       10,                       0.269562
56,                            46,                       10,                       0.283959
56,                            45,                       11,                       0.293913
56,                            46,                       10,                       0.282957
56,                            47,                       9,                       0.31119
56,                            45,                       11,                       0.289605
56,                            46,                       10,                       0.271521
56,                            47,                       9,                       0.326658
56,                            47,                       9,                       0.282622
56,                            46,                       10,                       0.306027
56,                            47,                       9,                       0.265456
56,                            46,                       10,                       0.313189
56,                            45,                       11,                       0.2917
56,                            47,                       9,                       0.262301
56,                            45,                       11,                       0.28036
56,                            46,                       10,                       0.278599
56,                            46,                       10,                       0.283788
56,                            45,                       11,                       0.268762
56,                            45,                       11,                       0.249064
56,                            45,                       11,                       0.250752
56,                            45,                       11,                       0.279458
56,                            46,                       10,                       0.252803
56,                            47,                       9,                       0.364055
56,                            46,                       10,                       0.312
56,                            46,                       10,                       0.27211
56,                            45,                       11,                       0.290717
56,                            46,                       10,                       0.308956
56,                            46,                       10,                       0.292407
56,                            46,                       10,                       0.322485
56,                            45,                       11,                       0.26278
56,                            45,                       11,                       0.274861
56,                            47,                       9,                       0.281179
56,                            45,                       11,                       0.289789
56,                            47,                       9,                       0.285175
56,                            46,                       10,                       0.295902
56,                            46,                       10,                       0.271895
56,                            46,                       10,                       0.30481
56,                            46,                       10,                       0.295008
56,                            45,                       11,                       0.279694
56,                            45,                       11,                       0.257063
56,                            45,                       11,                       0.294298
56,                            45,                       11,                       0.300832
56,                            46,                       10,                       0.272532
56,                            46,                       10,                       0.284239
56,                            46,                       10,                       0.290171
56,                            46,                       10,                       0.284271
56,                            46,                       10,                       0.27078
56,                            47,                       9,                       0.323018
56,                            46,                       10,                       0.288111
56,                            45,                       11,                       0.313194
56,                            45,                       11,                       0.300863
56,                            46,                       10,                       0.323793
56,                            46,                       10,                       0.279955
56,                            46,                       10,                       0.288351
56,                            47,                       9,                       0.294634
56,                            45,                       11,                       0.295283
56,                            45,                       11,                       0.280183
56,                            46,                       10,                       0.306854
56,                            46,                       10,                       0.286659
56,                            46,                       10,                       0.281589
56,                            45,                       11,                       0.28442
56,                            46,                       10,                       0.279312
56,                            45,                       11,                       0.290481
56,                            46,                       10,                       0.269626
56,                            46,                       10,                       0.291659
56,                            45,                       11,                       0.285431
56,                            46,                       10,                       0.31349
56,                            47,                       9,                       0.310342
56,                            47,                       9,                       0.352583
56,                            45,                       11,                       0.295288
56,                            45,                       11,                       0.268626
56,                            45,                       11,                       0.287024
56,                            45,                       11,                       0.287405
56,                            45,                       11,                       0.280982
56,                            46,                       10,                       0.309371
56,                            46,                       10,                       0.279516
56,                            46,                       10,                       0.263336
56,                            45,                       11,                       0.278342
56,                            46,                       10,                       0.311239
56,                            45,                       11,                       0.308574
56,                            45,                       11,                       0.253513
56,                            45,                       11,                       0.251398
56,                            45,                       11,                       0.301309
56,                            46,                       10,                       0.261256
56,                            45,                       11,                       0.260468
56,                            45,                       11,                       0.30017
56,                            45,                       11,                       0.302662
56,                            46,                       10,                       0.26458
56,                            45,                       11,                       0.252781
56,                            47,                       9,                       0.258448
56,                            46,                       10,                       0.261182
56,                            46,                       10,                       0.28768
56,                            45,                       11,                       0.285084
56,                            46,                       10,                       0.28704
56,                            45,                       11,                       0.293281
56,                            45,                       11,                       0.275612
56,                            45,                       11,                       0.263586
56,                            45,                       11,                       0.285467
56,                            45,                       11,                       0.289392
56,                            45,                       11,                       0.289469
56,                            46,                       10,                       0.284177
56,                            46,                       10,                       0.258478
56,                            45,                       11,                       0.307437
56,                            47,                       9,                       0.254773
56,                            46,                       10,                       0.283199
56,                            46,                       10,                       0.282239
56,                            46,                       10,                       0.27809
56,                            45,                       11,                       0.28654
56,                            47,                       9,                       0.271699
56,                            45,                       11,                       0.280606
56,                            45,                       11,                       0.255282
56,                            45,                       11,                       0.261483
56,                            45,                       11,                       0.260372
56,                            46,                       10,                       0.287228
56,                            45,                       11,                       0.295037
56,                            46,                       10,                       0.274066
56,                            46,                       10,                       0.281533
56,                            46,                       10,                       0.27538
56,                            46,                       10,                       0.28434
56,                            45,                       11,                       0.28445
56,                            46,                       10,                       0.284405
56,                            46,                       10,                       0.270322
56,                            46,                       10,                       0.290357
56,                            45,                       11,                       0.278341
56,                            45,                       11,                       0.286549
56,                            45,                       11,                       0.27539
56,                            46,                       10,                       0.27594
56,                            46,                       10,                       0.27384
56,                            46,                       10,                       0.326674
56,                            46,                       10,                       0.274302
56,                            46,                       10,                       0.285394
56,                            46,                       10,                       0.282572
56,                            47,                       9,                       0.269766
56,                            45,                       11,                       0.304947
56,                            46,                       10,                       0.252474
56,                            46,                       10,                       0.275158
56,                            46,                       10,                       0.281347
56,                            46,                       10,                       0.282018
56,                            46,                       10,                       0.27452
56,                            47,                       9,                       0.277237
56,                            46,                       10,                       0.290131
56,                            45,                       11,                       0.27291
56,                            46,                       10,                       0.281685
56,                            46,                       10,                       0.308607
56,                            46,                       10,                       0.291454
56,                            45,                       11,                       0.285519
56,                            46,                       10,                       0.280487
56,                            46,                       10,                       0.282762
56,                            46,                       10,                       0.268214
56,                            45,                       11,                       0.281034
56,                            46,                       10,                       0.281706
56,                            46,                       10,                       0.25759
56,                            46,                       10,                       0.291354
56,                            47,                       9,                       0.278195
56,                            45,                       11,                       0.285831
56,                            46,                       10,                       0.306684
56,                            46,                       10,                       0.307696
56,                            46,                       10,                       0.266431
56,                            45,                       11,                       0.289398
56,                            46,                       10,                       0.255218
56,                            46,                       10,                       0.275051
56,                            45,                       11,                       0.27894
56,                            45,                       11,                       0.278495
56,                            45,                       11,                       0.294508
56,                            45,                       11,                       0.291555
56,                            45,                       11,                       0.273427
56,                            46,                       10,                       0.329271
56,                            45,                       11,                       0.287166
56,                            45,                       11,                       0.293074
56,                            46,                       10,                       0.257533
56,                            45,                       11,                       0.283665
56,                            45,                       11,                       0.284496
56,                            45,                       11,                       0.279858
56,                            47,                       9,                       0.276182
56,                            46,                       10,                       0.309392
56,                            45,                       11,                       0.308596
56,                            47,                       9,                       0.280663
56,                            46,                       10,                       0.311064
56,                            47,                       9,                       0.260864
56,                            46,                       10,                       0.314417
56,                            47,                       9,                       0.280479
56,                            46,                       10,                       0.291484
56,                            46,                       10,                       0.268263
56,                            45,                       11,                       0.299123
56,                            46,                       10,                       0.269729
