COMMENT : The search result by Simulated-Annealing for Cauchy_Good Fri Jan 26 18:35:55 2018

tech : Cauchy_Good
algorithm : Simulated-Annealing
k : 8
m : 4
w : 4
failed_disk_id : 0
conventional_symbol_number    optimized_symbol_number    reduced_symbol_number    time
32,                            25,                       7,                       0.003621
32,                            25,                       7,                       0.003128
32,                            25,                       7,                       0.003658
32,                            25,                       7,                       0.003312
32,                            25,                       7,                       0.003724
32,                            25,                       7,                       0.003521
32,                            25,                       7,                       0.003432
32,                            25,                       7,                       0.003728
32,                            25,                       7,                       0.003503
32,                            25,                       7,                       0.0035
32,                            25,                       7,                       0.004106
32,                            25,                       7,                       0.003467
32,                            25,                       7,                       0.003255
32,                            25,                       7,                       0.003264
32,                            25,                       7,                       0.004178
32,                            25,                       7,                       0.003225
32,                            25,                       7,                       0.003622
32,                            25,                       7,                       0.004118
32,                            25,                       7,                       0.003556
32,                            25,                       7,                       0.003534
32,                            25,                       7,                       0.003755
32,                            25,                       7,                       0.003491
32,                            25,                       7,                       0.003809
32,                            25,                       7,                       0.003457
32,                            25,                       7,                       0.003355
32,                            25,                       7,                       0.003548
32,                            25,                       7,                       0.00321
32,                            25,                       7,                       0.003347
32,                            25,                       7,                       0.003471
32,                            25,                       7,                       0.003534
32,                            25,                       7,                       0.003502
32,                            25,                       7,                       0.003634
32,                            25,                       7,                       0.003372
32,                            25,                       7,                       0.003322
32,                            25,                       7,                       0.003682
32,                            25,                       7,                       0.003508
32,                            25,                       7,                       0.003233
32,                            25,                       7,                       0.003382
32,                            25,                       7,                       0.003531
32,                            25,                       7,                       0.003448
32,                            25,                       7,                       0.003302
32,                            25,                       7,                       0.003393
32,                            25,                       7,                       0.003352
32,                            25,                       7,                       0.003478
32,                            25,                       7,                       0.003417
32,                            25,                       7,                       0.003762
32,                            25,                       7,                       0.003978
32,                            25,                       7,                       0.003502
32,                            25,                       7,                       0.003259
32,                            25,                       7,                       0.003538
32,                            25,                       7,                       0.003509
32,                            25,                       7,                       0.003472
32,                            25,                       7,                       0.00356
32,                            25,                       7,                       0.003679
32,                            25,                       7,                       0.003419
32,                            25,                       7,                       0.004099
32,                            25,                       7,                       0.00343
32,                            25,                       7,                       0.003403
32,                            25,                       7,                       0.003236
32,                            25,                       7,                       0.003476
32,                            25,                       7,                       0.003512
32,                            25,                       7,                       0.003551
32,                            25,                       7,                       0.003332
32,                            25,                       7,                       0.003252
32,                            25,                       7,                       0.003387
32,                            25,                       7,                       0.00344
32,                            25,                       7,                       0.003454
32,                            26,                       6,                       0.003563
32,                            25,                       7,                       0.003512
32,                            25,                       7,                       0.003263
32,                            25,                       7,                       0.003329
32,                            25,                       7,                       0.003896
32,                            25,                       7,                       0.003427
32,                            25,                       7,                       0.004275
32,                            25,                       7,                       0.00336
32,                            25,                       7,                       0.005558
32,                            25,                       7,                       0.003555
32,                            25,                       7,                       0.003431
32,                            25,                       7,                       0.003821
32,                            25,                       7,                       0.003907
32,                            25,                       7,                       0.004378
32,                            25,                       7,                       0.003772
32,                            25,                       7,                       0.003315
32,                            25,                       7,                       0.003654
32,                            25,                       7,                       0.003499
32,                            25,                       7,                       0.003238
32,                            25,                       7,                       0.003234
32,                            25,                       7,                       0.003302
32,                            25,                       7,                       0.003291
32,                            25,                       7,                       0.003393
32,                            25,                       7,                       0.003334
32,                            25,                       7,                       0.003706
32,                            25,                       7,                       0.003429
32,                            25,                       7,                       0.003267
32,                            25,                       7,                       0.00327
32,                            25,                       7,                       0.003573
32,                            25,                       7,                       0.003312
32,                            25,                       7,                       0.003658
32,                            25,                       7,                       0.003368
32,                            25,                       7,                       0.003939
32,                            25,                       7,                       0.00335
32,                            25,                       7,                       0.003901
32,                            25,                       7,                       0.003245
32,                            25,                       7,                       0.003286
32,                            25,                       7,                       0.003631
32,                            25,                       7,                       0.003613
32,                            25,                       7,                       0.003514
32,                            25,                       7,                       0.003545
32,                            25,                       7,                       0.003579
32,                            25,                       7,                       0.003656
32,                            25,                       7,                       0.003277
32,                            25,                       7,                       0.003484
32,                            25,                       7,                       0.00376
32,                            25,                       7,                       0.003415
32,                            25,                       7,                       0.003533
32,                            25,                       7,                       0.003298
32,                            25,                       7,                       0.003381
32,                            25,                       7,                       0.003509
32,                            25,                       7,                       0.003416
32,                            25,                       7,                       0.00341
32,                            25,                       7,                       0.00405
32,                            25,                       7,                       0.003526
32,                            25,                       7,                       0.003659
32,                            25,                       7,                       0.003403
32,                            25,                       7,                       0.003158
32,                            26,                       6,                       0.003785
32,                            25,                       7,                       0.00348
32,                            25,                       7,                       0.003303
32,                            25,                       7,                       0.003401
32,                            25,                       7,                       0.003328
32,                            25,                       7,                       0.003204
32,                            25,                       7,                       0.003372
32,                            25,                       7,                       0.003797
32,                            25,                       7,                       0.004707
32,                            25,                       7,                       0.003378
32,                            25,                       7,                       0.003383
32,                            25,                       7,                       0.003363
32,                            25,                       7,                       0.003638
32,                            25,                       7,                       0.003391
32,                            25,                       7,                       0.003208
32,                            25,                       7,                       0.003314
32,                            25,                       7,                       0.003478
32,                            25,                       7,                       0.003194
32,                            25,                       7,                       0.003794
32,                            25,                       7,                       0.003335
32,                            25,                       7,                       0.003371
32,                            25,                       7,                       0.00346
32,                            25,                       7,                       0.00351
32,                            25,                       7,                       0.003193
32,                            25,                       7,                       0.003631
32,                            25,                       7,                       0.003351
32,                            25,                       7,                       0.003363
32,                            25,                       7,                       0.003291
32,                            25,                       7,                       0.003443
32,                            25,                       7,                       0.003415
32,                            25,                       7,                       0.003235
32,                            25,                       7,                       0.003484
32,                            25,                       7,                       0.003432
32,                            25,                       7,                       0.00338
32,                            25,                       7,                       0.00351
32,                            25,                       7,                       0.004025
32,                            25,                       7,                       0.003333
32,                            25,                       7,                       0.003565
32,                            25,                       7,                       0.003448
32,                            25,                       7,                       0.003149
32,                            25,                       7,                       0.003319
32,                            25,                       7,                       0.004098
32,                            25,                       7,                       0.003553
32,                            25,                       7,                       0.003239
32,                            25,                       7,                       0.003476
32,                            25,                       7,                       0.00371
32,                            25,                       7,                       0.003402
32,                            25,                       7,                       0.003752
32,                            25,                       7,                       0.003455
32,                            25,                       7,                       0.003271
32,                            25,                       7,                       0.003408
32,                            25,                       7,                       0.00351
32,                            25,                       7,                       0.003314
32,                            25,                       7,                       0.003399
32,                            25,                       7,                       0.003867
32,                            25,                       7,                       0.003808
32,                            25,                       7,                       0.003388
32,                            25,                       7,                       0.003326
32,                            25,                       7,                       0.003315
32,                            25,                       7,                       0.003462
32,                            25,                       7,                       0.003456
32,                            25,                       7,                       0.003966
32,                            25,                       7,                       0.003489
32,                            25,                       7,                       0.003375
32,                            25,                       7,                       0.00339
32,                            25,                       7,                       0.003392
32,                            25,                       7,                       0.003469
32,                            25,                       7,                       0.003175
32,                            25,                       7,                       0.003685
32,                            25,                       7,                       0.003486
32,                            25,                       7,                       0.00437
32,                            25,                       7,                       0.00342
32,                            25,                       7,                       0.003498
32,                            25,                       7,                       0.003157
32,                            25,                       7,                       0.003459
32,                            25,                       7,                       0.004646
32,                            25,                       7,                       0.004069
32,                            25,                       7,                       0.003384
32,                            25,                       7,                       0.003353
32,                            25,                       7,                       0.003295
32,                            25,                       7,                       0.003482
32,                            25,                       7,                       0.003517
32,                            25,                       7,                       0.003267
32,                            25,                       7,                       0.0035
32,                            25,                       7,                       0.003478
32,                            25,                       7,                       0.003639
32,                            25,                       7,                       0.003524
32,                            25,                       7,                       0.003268
32,                            25,                       7,                       0.003392
32,                            25,                       7,                       0.003256
32,                            25,                       7,                       0.003441
32,                            25,                       7,                       0.00329
32,                            25,                       7,                       0.00384
32,                            25,                       7,                       0.0032
32,                            25,                       7,                       0.003377
32,                            25,                       7,                       0.003506
32,                            25,                       7,                       0.003475
32,                            25,                       7,                       0.003554
32,                            25,                       7,                       0.003369
32,                            25,                       7,                       0.003323
32,                            25,                       7,                       0.003428
32,                            25,                       7,                       0.003396
32,                            25,                       7,                       0.00365
32,                            25,                       7,                       0.003577
32,                            25,                       7,                       0.003404
32,                            25,                       7,                       0.003491
32,                            25,                       7,                       0.003391
32,                            25,                       7,                       0.003406
32,                            25,                       7,                       0.003306
32,                            25,                       7,                       0.003451
32,                            25,                       7,                       0.003396
32,                            25,                       7,                       0.003601
32,                            25,                       7,                       0.003428
32,                            25,                       7,                       0.003286
32,                            25,                       7,                       0.003384
32,                            25,                       7,                       0.003533
32,                            25,                       7,                       0.003615
32,                            25,                       7,                       0.003293
32,                            25,                       7,                       0.0035
32,                            25,                       7,                       0.003391
32,                            25,                       7,                       0.003312
32,                            25,                       7,                       0.003943
32,                            25,                       7,                       0.003961
32,                            25,                       7,                       0.00407
32,                            25,                       7,                       0.00395
32,                            25,                       7,                       0.003328
32,                            25,                       7,                       0.003445
32,                            25,                       7,                       0.003623
32,                            25,                       7,                       0.003416
32,                            25,                       7,                       0.003757
32,                            25,                       7,                       0.003247
32,                            25,                       7,                       0.003255
32,                            25,                       7,                       0.003543
32,                            25,                       7,                       0.003917
32,                            25,                       7,                       0.003515
32,                            25,                       7,                       0.004397
32,                            25,                       7,                       0.003515
32,                            25,                       7,                       0.003429
32,                            25,                       7,                       0.003519
32,                            25,                       7,                       0.003255
32,                            25,                       7,                       0.003881
32,                            25,                       7,                       0.003534
32,                            25,                       7,                       0.003429
32,                            25,                       7,                       0.003474
32,                            25,                       7,                       0.003748
32,                            25,                       7,                       0.003557
32,                            25,                       7,                       0.003335
32,                            25,                       7,                       0.003602
32,                            25,                       7,                       0.003339
32,                            25,                       7,                       0.003359
32,                            25,                       7,                       0.003289
32,                            25,                       7,                       0.003344
32,                            25,                       7,                       0.003329
32,                            25,                       7,                       0.003814
32,                            25,                       7,                       0.003773
32,                            25,                       7,                       0.003419
32,                            25,                       7,                       0.003254
32,                            25,                       7,                       0.00337
32,                            25,                       7,                       0.003393
32,                            25,                       7,                       0.003408
32,                            25,                       7,                       0.003735
32,                            25,                       7,                       0.003569
32,                            25,                       7,                       0.003635
32,                            25,                       7,                       0.003473
32,                            25,                       7,                       0.003968
32,                            25,                       7,                       0.003254
32,                            25,                       7,                       0.003782
32,                            25,                       7,                       0.00344
32,                            25,                       7,                       0.003708
32,                            25,                       7,                       0.003169
32,                            25,                       7,                       0.003399
32,                            25,                       7,                       0.003302
32,                            25,                       7,                       0.003467
32,                            25,                       7,                       0.003478
32,                            25,                       7,                       0.003507
