COMMENT : The search result by Simulated-Annealing for Cauchy_Good Wed Jan 31 15:39:50 2018

tech : Cauchy_Good
algorithm : Simulated-Annealing
k : 4
m : 3
w : 10
failed_disk_id : 0
conventional_symbol_number    optimized_symbol_number    reduced_symbol_number    time
40,                            30,                       10,                       1.43974
40,                            31,                       9,                       1.34841
40,                            30,                       10,                       1.42429
40,                            30,                       10,                       1.35195
40,                            30,                       10,                       1.3664
40,                            31,                       9,                       1.32883
40,                            31,                       9,                       1.3647
40,                            30,                       10,                       1.43498
40,                            30,                       10,                       1.42052
40,                            30,                       10,                       1.27224
40,                            31,                       9,                       1.35777
40,                            31,                       9,                       1.42501
40,                            31,                       9,                       1.34692
40,                            30,                       10,                       1.42532
40,                            32,                       8,                       1.34983
40,                            31,                       9,                       1.71353
40,                            31,                       9,                       1.33933
40,                            30,                       10,                       1.31579
40,                            30,                       10,                       1.35075
40,                            31,                       9,                       1.32879
40,                            32,                       8,                       1.36048
40,                            30,                       10,                       1.40035
40,                            30,                       10,                       1.39364
40,                            31,                       9,                       1.72632
40,                            30,                       10,                       1.4056
40,                            30,                       10,                       1.37264
40,                            31,                       9,                       1.31189
40,                            30,                       10,                       1.43108
40,                            31,                       9,                       0.643408
40,                            31,                       9,                       0.709088
40,                            30,                       10,                       1.4412
40,                            32,                       8,                       0.689659
40,                            32,                       8,                       0.689447
40,                            30,                       10,                       1.42693
40,                            31,                       9,                       1.32954
40,                            31,                       9,                       1.3184
40,                            30,                       10,                       1.41965
40,                            31,                       9,                       1.33091
40,                            31,                       9,                       1.35611
40,                            31,                       9,                       1.36769
40,                            32,                       8,                       0.67967
40,                            32,                       8,                       0.662386
40,                            31,                       9,                       0.666438
40,                            31,                       9,                       1.40908
40,                            31,                       9,                       1.32944
40,                            31,                       9,                       1.46782
40,                            31,                       9,                       1.463
40,                            31,                       9,                       1.43232
40,                            30,                       10,                       1.45698
40,                            30,                       10,                       1.32669
40,                            30,                       10,                       1.4041
40,                            31,                       9,                       1.49167
40,                            31,                       9,                       1.3365
40,                            31,                       9,                       1.35002
40,                            30,                       10,                       1.45353
40,                            30,                       10,                       1.4491
40,                            32,                       8,                       0.760897
40,                            30,                       10,                       1.47526
40,                            30,                       10,                       1.43355
40,                            31,                       9,                       1.50381
40,                            32,                       8,                       1.44138
40,                            30,                       10,                       1.54155
40,                            31,                       9,                       1.38501
40,                            31,                       9,                       1.46438
40,                            31,                       9,                       1.46394
40,                            31,                       9,                       1.38982
40,                            30,                       10,                       1.49302
40,                            30,                       10,                       1.65044
40,                            31,                       9,                       1.40652
40,                            31,                       9,                       1.51586
40,                            32,                       8,                       0.726426
40,                            31,                       9,                       1.37245
40,                            30,                       10,                       1.41787
40,                            30,                       10,                       1.368
40,                            31,                       9,                       1.63216
40,                            32,                       8,                       1.38493
40,                            32,                       8,                       1.3646
40,                            31,                       9,                       1.37447
40,                            30,                       10,                       1.45155
40,                            31,                       9,                       1.33565
40,                            31,                       9,                       0.643093
40,                            31,                       9,                       0.658201
40,                            30,                       10,                       1.49238
40,                            31,                       9,                       1.64763
40,                            31,                       9,                       1.40517
40,                            31,                       9,                       1.30817
40,                            30,                       10,                       1.35211
40,                            30,                       10,                       1.53416
40,                            30,                       10,                       1.41693
40,                            31,                       9,                       1.53562
40,                            31,                       9,                       1.36031
40,                            31,                       9,                       1.41372
40,                            31,                       9,                       1.43603
40,                            30,                       10,                       1.38387
40,                            31,                       9,                       1.33906
40,                            32,                       8,                       1.34901
40,                            32,                       8,                       1.32574
40,                            30,                       10,                       1.52772
40,                            31,                       9,                       1.52144
40,                            31,                       9,                       1.46585
40,                            30,                       10,                       1.59397
40,                            31,                       9,                       1.45798
40,                            30,                       10,                       1.46974
40,                            31,                       9,                       1.38107
40,                            30,                       10,                       1.37196
40,                            31,                       9,                       1.36771
40,                            30,                       10,                       1.42677
40,                            31,                       9,                       1.31579
40,                            31,                       9,                       1.43345
40,                            30,                       10,                       1.54447
40,                            31,                       9,                       0.73488
40,                            31,                       9,                       0.692685
40,                            32,                       8,                       1.33417
40,                            30,                       10,                       1.45236
40,                            31,                       9,                       1.43179
40,                            30,                       10,                       1.33379
40,                            31,                       9,                       1.3185
40,                            31,                       9,                       1.35401
40,                            31,                       9,                       1.39268
40,                            31,                       9,                       1.30902
40,                            31,                       9,                       0.702565
40,                            32,                       8,                       1.3156
40,                            31,                       9,                       1.37846
40,                            30,                       10,                       1.44768
40,                            30,                       10,                       1.37131
40,                            31,                       9,                       1.4714
40,                            30,                       10,                       1.38707
40,                            30,                       10,                       1.35658
40,                            30,                       10,                       1.45865
40,                            32,                       8,                       1.31418
40,                            32,                       8,                       1.36097
40,                            32,                       8,                       1.45444
40,                            30,                       10,                       1.39525
40,                            30,                       10,                       1.32732
40,                            31,                       9,                       1.65714
40,                            31,                       9,                       1.76315
40,                            31,                       9,                       1.34283
40,                            30,                       10,                       1.39638
40,                            31,                       9,                       1.32627
40,                            30,                       10,                       1.36027
40,                            30,                       10,                       1.34168
40,                            31,                       9,                       0.734027
40,                            31,                       9,                       1.35311
40,                            30,                       10,                       1.39625
40,                            31,                       9,                       1.33698
40,                            31,                       9,                       1.31216
40,                            31,                       9,                       1.45902
40,                            30,                       10,                       1.37958
40,                            31,                       9,                       1.32242
40,                            30,                       10,                       1.40582
40,                            32,                       8,                       1.33104
40,                            32,                       8,                       0.664323
40,                            31,                       9,                       1.38765
40,                            30,                       10,                       1.34759
40,                            31,                       9,                       1.30264
40,                            30,                       10,                       1.32628
40,                            30,                       10,                       1.32768
40,                            30,                       10,                       1.31698
40,                            30,                       10,                       1.40282
40,                            31,                       9,                       1.3548
40,                            31,                       9,                       1.31103
40,                            30,                       10,                       1.57968
40,                            31,                       9,                       1.30356
40,                            31,                       9,                       1.50694
40,                            31,                       9,                       1.72503
40,                            31,                       9,                       1.48693
40,                            30,                       10,                       1.37341
40,                            31,                       9,                       1.32541
40,                            31,                       9,                       1.71972
40,                            30,                       10,                       1.43345
40,                            31,                       9,                       1.35545
40,                            32,                       8,                       1.34669
40,                            31,                       9,                       1.37554
40,                            31,                       9,                       1.31799
40,                            30,                       10,                       1.31576
40,                            30,                       10,                       1.38646
40,                            30,                       10,                       1.41145
40,                            32,                       8,                       1.34806
40,                            31,                       9,                       1.31633
40,                            31,                       9,                       1.30991
40,                            30,                       10,                       1.32488
40,                            30,                       10,                       1.38774
40,                            31,                       9,                       1.38016
40,                            30,                       10,                       1.38414
40,                            32,                       8,                       1.31142
40,                            31,                       9,                       1.79452
40,                            31,                       9,                       1.42119
40,                            30,                       10,                       1.36436
40,                            30,                       10,                       1.43385
40,                            30,                       10,                       1.46865
40,                            30,                       10,                       1.42362
40,                            31,                       9,                       1.35974
40,                            31,                       9,                       1.42931
40,                            31,                       9,                       1.47336
40,                            30,                       10,                       1.42829
40,                            30,                       10,                       1.43212
40,                            31,                       9,                       1.39728
40,                            31,                       9,                       1.36695
40,                            30,                       10,                       1.35198
40,                            30,                       10,                       1.36619
40,                            31,                       9,                       1.29598
40,                            31,                       9,                       1.34575
40,                            31,                       9,                       1.39588
40,                            31,                       9,                       1.34105
40,                            31,                       9,                       1.36008
40,                            31,                       9,                       1.31922
40,                            31,                       9,                       1.37335
40,                            30,                       10,                       1.43309
40,                            31,                       9,                       1.41743
40,                            31,                       9,                       1.40265
40,                            31,                       9,                       1.90094
40,                            31,                       9,                       1.36151
40,                            30,                       10,                       1.39878
40,                            31,                       9,                       1.41776
40,                            31,                       9,                       1.73423
40,                            31,                       9,                       1.44898
40,                            31,                       9,                       1.49117
40,                            31,                       9,                       1.43762
40,                            31,                       9,                       1.4255
40,                            31,                       9,                       1.45179
40,                            30,                       10,                       1.48791
40,                            31,                       9,                       1.41831
40,                            31,                       9,                       1.32971
40,                            30,                       10,                       1.47212
40,                            31,                       9,                       1.34243
40,                            31,                       9,                       1.33954
40,                            32,                       8,                       1.31096
40,                            31,                       9,                       1.32936
40,                            30,                       10,                       1.38895
40,                            31,                       9,                       1.34675
40,                            32,                       8,                       1.33657
40,                            30,                       10,                       1.34594
40,                            32,                       8,                       0.663723
40,                            30,                       10,                       1.3677
40,                            31,                       9,                       1.32769
40,                            30,                       10,                       1.45755
40,                            30,                       10,                       1.37646
40,                            30,                       10,                       1.414
40,                            31,                       9,                       0.851816
40,                            31,                       9,                       0.839246
40,                            31,                       9,                       1.41394
40,                            30,                       10,                       1.47716
40,                            31,                       9,                       1.40169
40,                            30,                       10,                       1.50772
40,                            30,                       10,                       1.51136
40,                            31,                       9,                       1.35411
40,                            31,                       9,                       1.34659
40,                            30,                       10,                       1.42657
40,                            30,                       10,                       1.33518
40,                            30,                       10,                       1.3617
40,                            30,                       10,                       1.35736
40,                            31,                       9,                       1.53724
40,                            31,                       9,                       1.31408
40,                            31,                       9,                       1.50188
40,                            30,                       10,                       2.18923
40,                            32,                       8,                       0.647603
40,                            32,                       8,                       0.6634
40,                            30,                       10,                       1.44637
40,                            31,                       9,                       1.32549
40,                            30,                       10,                       1.38299
40,                            31,                       9,                       1.35038
40,                            30,                       10,                       1.4521
40,                            30,                       10,                       1.51395
40,                            32,                       8,                       1.38016
40,                            31,                       9,                       1.40635
40,                            31,                       9,                       1.51388
40,                            31,                       9,                       1.30958
40,                            32,                       8,                       1.31723
40,                            31,                       9,                       1.32387
40,                            30,                       10,                       1.38175
40,                            30,                       10,                       1.35997
40,                            31,                       9,                       1.35565
40,                            30,                       10,                       1.49548
40,                            31,                       9,                       1.46761
40,                            31,                       9,                       1.41796
40,                            30,                       10,                       1.3793
40,                            31,                       9,                       1.36383
40,                            31,                       9,                       1.36562
40,                            30,                       10,                       1.35244
40,                            30,                       10,                       1.4472
40,                            31,                       9,                       1.36338
40,                            31,                       9,                       1.32879
40,                            31,                       9,                       1.30733
40,                            31,                       9,                       1.68231
40,                            31,                       9,                       1.37032
40,                            30,                       10,                       1.39915
40,                            30,                       10,                       1.40377
40,                            31,                       9,                       1.37198
40,                            31,                       9,                       1.34844
40,                            30,                       10,                       1.42434
40,                            30,                       10,                       1.39658
40,                            31,                       9,                       0.661104
40,                            31,                       9,                       0.680561
40,                            31,                       9,                       1.36185
40,                            31,                       9,                       1.33656
40,                            31,                       9,                       1.29557
40,                            30,                       10,                       1.35735
40,                            31,                       9,                       1.47928
40,                            31,                       9,                       1.32811
40,                            30,                       10,                       1.37744
40,                            31,                       9,                       1.43341
40,                            30,                       10,                       1.3271
40,                            31,                       9,                       1.30244
40,                            30,                       10,                       1.36062
40,                            31,                       9,                       1.27589
40,                            31,                       9,                       1.3013
40,                            31,                       9,                       1.30871
40,                            32,                       8,                       1.23849
40,                            31,                       9,                       1.28921
40,                            31,                       9,                       1.29832
40,                            30,                       10,                       1.34559
40,                            30,                       10,                       1.31137
40,                            31,                       9,                       1.4522
40,                            30,                       10,                       1.36867
40,                            31,                       9,                       1.64034
40,                            30,                       10,                       1.35559
40,                            30,                       10,                       1.35981
40,                            31,                       9,                       1.48172
40,                            31,                       9,                       1.28316
40,                            30,                       10,                       1.31151
40,                            31,                       9,                       1.29278
40,                            32,                       8,                       0.641313
40,                            31,                       9,                       1.32802
40,                            30,                       10,                       1.34938
40,                            32,                       8,                       1.289
40,                            31,                       9,                       1.30665
40,                            31,                       9,                       1.31143
40,                            30,                       10,                       1.32667
40,                            31,                       9,                       1.27482
40,                            30,                       10,                       1.35407
40,                            32,                       8,                       1.36725
40,                            30,                       10,                       1.31629
40,                            30,                       10,                       1.34529
40,                            30,                       10,                       1.38194
40,                            30,                       10,                       1.31713
40,                            30,                       10,                       1.32248
40,                            31,                       9,                       0.642434
40,                            31,                       9,                       0.646627
40,                            31,                       9,                       1.23258
40,                            31,                       9,                       1.28037
40,                            31,                       9,                       1.30445
40,                            32,                       8,                       1.69728
40,                            31,                       9,                       1.27179
40,                            30,                       10,                       1.31874
40,                            31,                       9,                       1.30579
40,                            30,                       10,                       1.3809
40,                            31,                       9,                       1.65933
40,                            31,                       9,                       1.31128
40,                            32,                       8,                       1.22882
40,                            32,                       8,                       1.27345
40,                            30,                       10,                       1.31759
40,                            32,                       8,                       0.632628
40,                            32,                       8,                       0.628608
40,                            30,                       10,                       1.30458
40,                            31,                       9,                       1.36457
40,                            30,                       10,                       1.3384
40,                            30,                       10,                       1.29684
40,                            31,                       9,                       1.27052
40,                            32,                       8,                       1.23059
40,                            32,                       8,                       0.651889
40,                            32,                       8,                       0.645271
40,                            31,                       9,                       0.666219
40,                            30,                       10,                       1.33058
40,                            31,                       9,                       1.27909
40,                            31,                       9,                       1.46015
40,                            30,                       10,                       1.32489
40,                            32,                       8,                       1.23679
40,                            30,                       10,                       1.36171
40,                            30,                       10,                       1.31991
40,                            31,                       9,                       1.37981
40,                            30,                       10,                       1.61714
40,                            30,                       10,                       1.30373
40,                            30,                       10,                       1.35029
40,                            30,                       10,                       1.36635
40,                            30,                       10,                       1.36416
40,                            31,                       9,                       1.30269
40,                            31,                       9,                       1.47569
40,                            31,                       9,                       1.27006
40,                            31,                       9,                       1.30265
40,                            32,                       8,                       1.29094
40,                            31,                       9,                       1.4638
40,                            32,                       8,                       0.649436
40,                            32,                       8,                       0.6469
40,                            32,                       8,                       1.24349
40,                            30,                       10,                       1.3528
40,                            31,                       9,                       1.25106
40,                            31,                       9,                       1.29855
40,                            31,                       9,                       1.35757
40,                            31,                       9,                       1.28562
40,                            31,                       9,                       1.2749
40,                            31,                       9,                       1.27807
40,                            30,                       10,                       1.31782
40,                            31,                       9,                       1.27812
40,                            30,                       10,                       1.31727
40,                            30,                       10,                       1.31829
40,                            31,                       9,                       1.2738
40,                            31,                       9,                       1.3025
40,                            30,                       10,                       1.39682
40,                            32,                       8,                       0.642594
40,                            32,                       8,                       0.641954
40,                            30,                       10,                       1.30672
40,                            30,                       10,                       1.37353
40,                            30,                       10,                       0.663445
40,                            30,                       10,                       0.66614
40,                            31,                       9,                       1.27643
40,                            31,                       9,                       1.28609
40,                            31,                       9,                       1.27487
40,                            31,                       9,                       1.29196
40,                            32,                       8,                       1.26622
40,                            30,                       10,                       1.29004
40,                            31,                       9,                       1.64821
40,                            30,                       10,                       1.35853
40,                            31,                       9,                       1.31325
40,                            31,                       9,                       1.29859
40,                            30,                       10,                       1.4158
40,                            31,                       9,                       1.2692
40,                            30,                       10,                       1.32582
40,                            30,                       10,                       1.36176
40,                            31,                       9,                       1.28664
40,                            30,                       10,                       1.35175
40,                            30,                       10,                       1.34843
40,                            31,                       9,                       1.28368
40,                            31,                       9,                       1.33248
40,                            31,                       9,                       1.4223
40,                            31,                       9,                       1.30205
40,                            31,                       9,                       1.2703
40,                            31,                       9,                       1.27469
40,                            30,                       10,                       1.36602
40,                            30,                       10,                       1.35516
40,                            31,                       9,                       1.49682
40,                            30,                       10,                       1.38024
40,                            31,                       9,                       1.36241
40,                            31,                       9,                       1.26136
40,                            31,                       9,                       1.30759
40,                            30,                       10,                       1.30865
40,                            30,                       10,                       1.31874
40,                            31,                       9,                       1.36275
40,                            31,                       9,                       1.30676
40,                            31,                       9,                       1.29011
40,                            31,                       9,                       1.26574
40,                            31,                       9,                       1.31003
40,                            30,                       10,                       1.32669
40,                            30,                       10,                       1.3038
40,                            32,                       8,                       0.639595
40,                            31,                       9,                       1.29524
40,                            31,                       9,                       1.27277
40,                            31,                       9,                       1.27856
40,                            32,                       8,                       1.37712
40,                            31,                       9,                       1.35096
40,                            31,                       9,                       1.26854
40,                            31,                       9,                       1.62044
40,                            31,                       9,                       1.29692
40,                            31,                       9,                       1.271
40,                            31,                       9,                       1.35723
40,                            31,                       9,                       1.35406
40,                            30,                       10,                       0.665244
40,                            30,                       10,                       0.666142
40,                            32,                       8,                       1.27117
40,                            30,                       10,                       1.33556
40,                            30,                       10,                       1.31523
40,                            31,                       9,                       1.42366
40,                            31,                       9,                       1.40679
40,                            30,                       10,                       1.31676
40,                            31,                       9,                       1.2715
40,                            31,                       9,                       1.34795
40,                            32,                       8,                       0.649187
40,                            32,                       8,                       0.652998
40,                            30,                       10,                       1.37065
40,                            31,                       9,                       1.26287
40,                            31,                       9,                       1.2723
40,                            32,                       8,                       1.28373
40,                            30,                       10,                       1.33144
40,                            32,                       8,                       1.26756
40,                            30,                       10,                       1.60733
40,                            31,                       9,                       1.27853
40,                            31,                       9,                       1.31344
40,                            31,                       9,                       1.31906
40,                            31,                       9,                       1.27368
40,                            30,                       10,                       1.3162
40,                            31,                       9,                       1.27449
40,                            31,                       9,                       1.30732
40,                            31,                       9,                       0.628847
40,                            31,                       9,                       0.626539
40,                            30,                       10,                       1.34643
40,                            32,                       8,                       1.28118
40,                            30,                       10,                       1.3628
40,                            30,                       10,                       1.35259
40,                            31,                       9,                       1.29961
40,                            31,                       9,                       1.64924
40,                            31,                       9,                       1.29696
40,                            31,                       9,                       1.26388
40,                            32,                       8,                       1.26955
40,                            31,                       9,                       1.27284
40,                            31,                       9,                       1.59098
40,                            30,                       10,                       1.37427
40,                            31,                       9,                       1.30147
40,                            30,                       10,                       1.34797
40,                            31,                       9,                       1.31431
40,                            31,                       9,                       1.26558
40,                            31,                       9,                       1.29572
40,                            31,                       9,                       1.42017
40,                            30,                       10,                       1.31695
40,                            31,                       9,                       1.31022
40,                            31,                       9,                       1.28719
40,                            30,                       10,                       1.36339
40,                            30,                       10,                       1.30422
40,                            31,                       9,                       1.63283
40,                            31,                       9,                       1.29428
40,                            30,                       10,                       1.31113
40,                            31,                       9,                       1.27034
40,                            30,                       10,                       1.35587
40,                            31,                       9,                       1.26959
40,                            30,                       10,                       1.29403
40,                            32,                       8,                       1.28147
40,                            31,                       9,                       1.35825
40,                            31,                       9,                       1.48401
40,                            31,                       9,                       1.35917
40,                            31,                       9,                       1.27102
40,                            31,                       9,                       1.5947
40,                            31,                       9,                       1.26879
40,                            32,                       8,                       1.25004
40,                            31,                       9,                       1.27493
40,                            30,                       10,                       1.3122
40,                            30,                       10,                       1.29431
40,                            30,                       10,                       1.3844
40,                            31,                       9,                       1.30297
40,                            31,                       9,                       1.29299
40,                            31,                       9,                       1.33623
40,                            31,                       9,                       1.35168
40,                            30,                       10,                       1.29302
40,                            30,                       10,                       1.34155
40,                            32,                       8,                       0.641287
40,                            32,                       8,                       0.638762
40,                            31,                       9,                       1.3079
40,                            31,                       9,                       1.27417
40,                            31,                       9,                       1.26785
40,                            31,                       9,                       1.40584
40,                            31,                       9,                       1.29819
40,                            31,                       9,                       1.35873
40,                            32,                       8,                       1.39403
40,                            31,                       9,                       1.27538
40,                            30,                       10,                       1.342
40,                            31,                       9,                       1.30038
40,                            31,                       9,                       1.35352
40,                            31,                       9,                       1.28727
40,                            30,                       10,                       1.33796
40,                            32,                       8,                       0.648237
40,                            30,                       10,                       1.34
40,                            30,                       10,                       1.37314
40,                            31,                       9,                       1.27198
40,                            31,                       9,                       1.30427
40,                            31,                       9,                       1.27837
40,                            30,                       10,                       1.3555
40,                            31,                       9,                       0.651339
40,                            31,                       9,                       1.29431
40,                            31,                       9,                       1.29396
40,                            31,                       9,                       1.29436
40,                            31,                       9,                       1.27885
40,                            30,                       10,                       1.34458
40,                            30,                       10,                       1.37347
40,                            30,                       10,                       1.37554
40,                            31,                       9,                       1.42938
40,                            30,                       10,                       1.30798
40,                            31,                       9,                       1.28528
40,                            31,                       9,                       1.27371
40,                            31,                       9,                       1.27524
40,                            30,                       10,                       1.32679
40,                            31,                       9,                       1.27977
40,                            31,                       9,                       1.28687
40,                            30,                       10,                       1.32034
40,                            32,                       8,                       1.25101
40,                            32,                       8,                       1.27061
40,                            32,                       8,                       1.22687
40,                            31,                       9,                       1.33453
40,                            30,                       10,                       1.31854
40,                            31,                       9,                       1.28714
40,                            30,                       10,                       1.3585
40,                            30,                       10,                       1.35732
40,                            30,                       10,                       1.33959
40,                            31,                       9,                       1.30612
40,                            31,                       9,                       1.38045
40,                            32,                       8,                       1.29109
40,                            30,                       10,                       1.37863
40,                            30,                       10,                       1.36505
40,                            32,                       8,                       0.645651
40,                            32,                       8,                       0.643045
40,                            31,                       9,                       1.29273
40,                            30,                       10,                       1.38932
40,                            32,                       8,                       0.63934
40,                            32,                       8,                       0.639488
40,                            30,                       10,                       1.3783
40,                            31,                       9,                       1.30239
40,                            32,                       8,                       1.25099
40,                            31,                       9,                       1.27962
40,                            31,                       9,                       1.27102
40,                            32,                       8,                       1.26746
40,                            30,                       10,                       1.32352
40,                            30,                       10,                       1.30654
40,                            30,                       10,                       1.34935
40,                            32,                       8,                       1.28486
