COMMENT : The search result by Simulated-Annealing for Cauchy_Good Fri Jan 26 18:35:50 2018

tech : Cauchy_Good
algorithm : Simulated-Annealing
k : 6
m : 4
w : 8
failed_disk_id : 0
conventional_symbol_number    optimized_symbol_number    reduced_symbol_number    time
48,                            37,                       11,                       0.139415
48,                            37,                       11,                       0.139345
48,                            38,                       10,                       0.14164
48,                            37,                       11,                       0.132869
48,                            37,                       11,                       0.142199
48,                            37,                       11,                       0.143447
48,                            37,                       11,                       0.130638
48,                            38,                       10,                       0.136952
48,                            37,                       11,                       0.137409
48,                            38,                       10,                       0.145881
48,                            37,                       11,                       0.141633
48,                            37,                       11,                       0.139183
48,                            37,                       11,                       0.137729
48,                            37,                       11,                       0.138835
48,                            37,                       11,                       0.140052
48,                            38,                       10,                       0.166599
48,                            38,                       10,                       0.135815
48,                            37,                       11,                       0.142127
48,                            37,                       11,                       0.1361
48,                            37,                       11,                       0.134314
48,                            37,                       11,                       0.134816
48,                            37,                       11,                       0.142185
48,                            37,                       11,                       0.138052
48,                            38,                       10,                       0.130941
48,                            38,                       10,                       0.132603
48,                            37,                       11,                       0.130386
48,                            37,                       11,                       0.130015
48,                            37,                       11,                       0.15851
48,                            38,                       10,                       0.125049
48,                            38,                       10,                       0.15235
48,                            38,                       10,                       0.129389
48,                            37,                       11,                       0.129399
48,                            37,                       11,                       0.134351
48,                            38,                       10,                       0.137734
48,                            37,                       11,                       0.133538
48,                            37,                       11,                       0.134828
48,                            37,                       11,                       0.129284
48,                            37,                       11,                       0.121855
48,                            38,                       10,                       0.138778
48,                            37,                       11,                       0.132874
48,                            37,                       11,                       0.131782
48,                            38,                       10,                       0.128548
48,                            37,                       11,                       0.126166
48,                            37,                       11,                       0.135053
48,                            38,                       10,                       0.125967
48,                            37,                       11,                       0.125243
48,                            37,                       11,                       0.13633
48,                            38,                       10,                       0.127015
48,                            37,                       11,                       0.128474
48,                            38,                       10,                       0.127891
48,                            37,                       11,                       0.140872
48,                            38,                       10,                       0.134266
48,                            37,                       11,                       0.131478
48,                            37,                       11,                       0.130481
48,                            37,                       11,                       0.129837
48,                            37,                       11,                       0.129053
48,                            38,                       10,                       0.132398
48,                            37,                       11,                       0.12456
48,                            37,                       11,                       0.14795
48,                            37,                       11,                       0.140402
48,                            37,                       11,                       0.132192
48,                            37,                       11,                       0.122933
48,                            37,                       11,                       0.128056
48,                            37,                       11,                       0.129043
48,                            37,                       11,                       0.127754
48,                            37,                       11,                       0.136268
48,                            37,                       11,                       0.131635
48,                            37,                       11,                       0.128199
48,                            37,                       11,                       0.136232
48,                            37,                       11,                       0.129255
48,                            37,                       11,                       0.134803
48,                            37,                       11,                       0.132923
48,                            37,                       11,                       0.126484
48,                            37,                       11,                       0.137278
48,                            38,                       10,                       0.132469
48,                            37,                       11,                       0.128943
48,                            37,                       11,                       0.128738
48,                            37,                       11,                       0.139922
48,                            38,                       10,                       0.182873
48,                            38,                       10,                       0.136721
48,                            37,                       11,                       0.132253
48,                            37,                       11,                       0.129978
48,                            37,                       11,                       0.139159
48,                            37,                       11,                       0.130265
48,                            37,                       11,                       0.128315
48,                            37,                       11,                       0.131609
48,                            37,                       11,                       0.130847
48,                            38,                       10,                       0.131826
48,                            37,                       11,                       0.129355
48,                            38,                       10,                       0.133863
48,                            37,                       11,                       0.132173
48,                            37,                       11,                       0.129948
48,                            38,                       10,                       0.132776
48,                            37,                       11,                       0.124529
48,                            37,                       11,                       0.133106
48,                            37,                       11,                       0.131583
48,                            37,                       11,                       0.128875
48,                            37,                       11,                       0.132375
48,                            37,                       11,                       0.130033
48,                            37,                       11,                       0.132601
48,                            37,                       11,                       0.128198
48,                            38,                       10,                       0.136958
48,                            37,                       11,                       0.132547
48,                            37,                       11,                       0.13635
48,                            37,                       11,                       0.124935
48,                            38,                       10,                       0.130848
48,                            37,                       11,                       0.138006
48,                            37,                       11,                       0.137377
48,                            37,                       11,                       0.128988
48,                            37,                       11,                       0.133737
48,                            38,                       10,                       0.1452
48,                            38,                       10,                       0.13531
48,                            37,                       11,                       0.129785
48,                            37,                       11,                       0.134199
48,                            37,                       11,                       0.13498
48,                            37,                       11,                       0.135541
48,                            37,                       11,                       0.129673
48,                            37,                       11,                       0.128558
48,                            37,                       11,                       0.135297
48,                            37,                       11,                       0.129759
48,                            37,                       11,                       0.130423
48,                            37,                       11,                       0.128646
48,                            38,                       10,                       0.129271
48,                            38,                       10,                       0.130451
48,                            38,                       10,                       0.128304
48,                            37,                       11,                       0.131046
48,                            37,                       11,                       0.128061
48,                            37,                       11,                       0.130146
48,                            37,                       11,                       0.129826
48,                            37,                       11,                       0.126702
48,                            38,                       10,                       0.132905
48,                            37,                       11,                       0.1329
48,                            38,                       10,                       0.134635
48,                            37,                       11,                       0.135171
48,                            38,                       10,                       0.133924
48,                            38,                       10,                       0.129868
48,                            38,                       10,                       0.131719
48,                            37,                       11,                       0.144439
48,                            37,                       11,                       0.136131
48,                            38,                       10,                       0.128671
48,                            37,                       11,                       0.136861
48,                            37,                       11,                       0.138953
48,                            37,                       11,                       0.129789
48,                            38,                       10,                       0.127382
48,                            38,                       10,                       0.155531
48,                            37,                       11,                       0.135528
48,                            37,                       11,                       0.136503
48,                            37,                       11,                       0.131532
48,                            37,                       11,                       0.137515
48,                            37,                       11,                       0.128857
48,                            37,                       11,                       0.149185
48,                            37,                       11,                       0.130501
48,                            37,                       11,                       0.126335
48,                            38,                       10,                       0.132232
48,                            37,                       11,                       0.129417
48,                            37,                       11,                       0.123552
48,                            37,                       11,                       0.131356
48,                            38,                       10,                       0.129141
48,                            37,                       11,                       0.134761
48,                            38,                       10,                       0.138688
48,                            37,                       11,                       0.134216
48,                            37,                       11,                       0.127034
48,                            37,                       11,                       0.137757
48,                            37,                       11,                       0.132382
48,                            37,                       11,                       0.134987
48,                            37,                       11,                       0.150221
48,                            38,                       10,                       0.181077
48,                            37,                       11,                       0.134972
48,                            37,                       11,                       0.129687
48,                            38,                       10,                       0.16269
48,                            37,                       11,                       0.136802
48,                            37,                       11,                       0.13462
48,                            38,                       10,                       0.134816
48,                            37,                       11,                       0.126434
48,                            37,                       11,                       0.127846
48,                            37,                       11,                       0.133544
48,                            37,                       11,                       0.129726
48,                            37,                       11,                       0.13756
48,                            37,                       11,                       0.124928
48,                            37,                       11,                       0.128876
48,                            39,                       9,                       0.165929
48,                            37,                       11,                       0.134283
48,                            37,                       11,                       0.133925
48,                            37,                       11,                       0.134235
48,                            37,                       11,                       0.128617
48,                            37,                       11,                       0.1294
48,                            37,                       11,                       0.129505
48,                            37,                       11,                       0.137739
48,                            38,                       10,                       0.132327
48,                            38,                       10,                       0.144396
48,                            37,                       11,                       0.128686
48,                            38,                       10,                       0.139498
48,                            37,                       11,                       0.136701
48,                            38,                       10,                       0.147339
48,                            37,                       11,                       0.129784
48,                            37,                       11,                       0.130845
48,                            38,                       10,                       0.127885
48,                            38,                       10,                       0.128334
48,                            37,                       11,                       0.128725
48,                            37,                       11,                       0.13616
48,                            37,                       11,                       0.131602
48,                            37,                       11,                       0.137036
48,                            37,                       11,                       0.129796
48,                            37,                       11,                       0.130088
48,                            37,                       11,                       0.127265
48,                            37,                       11,                       0.13528
48,                            38,                       10,                       0.166887
48,                            37,                       11,                       0.126803
48,                            38,                       10,                       0.136896
48,                            38,                       10,                       0.152786
48,                            37,                       11,                       0.129658
48,                            37,                       11,                       0.123979
48,                            37,                       11,                       0.131114
48,                            37,                       11,                       0.13833
48,                            37,                       11,                       0.135724
48,                            38,                       10,                       0.131183
48,                            38,                       10,                       0.133505
48,                            37,                       11,                       0.132241
48,                            38,                       10,                       0.129853
48,                            38,                       10,                       0.137648
48,                            37,                       11,                       0.130333
48,                            37,                       11,                       0.127915
48,                            37,                       11,                       0.138772
48,                            37,                       11,                       0.132545
48,                            37,                       11,                       0.128181
48,                            37,                       11,                       0.145432
48,                            37,                       11,                       0.134734
48,                            38,                       10,                       0.12862
48,                            37,                       11,                       0.131253
48,                            37,                       11,                       0.133872
48,                            37,                       11,                       0.129513
48,                            37,                       11,                       0.135198
48,                            37,                       11,                       0.12898
48,                            38,                       10,                       0.128583
48,                            37,                       11,                       0.133726
48,                            37,                       11,                       0.131426
48,                            37,                       11,                       0.127455
48,                            37,                       11,                       0.137982
48,                            38,                       10,                       0.178459
48,                            38,                       10,                       0.131877
48,                            37,                       11,                       0.125221
48,                            37,                       11,                       0.144198
48,                            37,                       11,                       0.132166
48,                            37,                       11,                       0.133563
48,                            38,                       10,                       0.136676
48,                            37,                       11,                       0.131755
48,                            37,                       11,                       0.129172
48,                            38,                       10,                       0.123546
48,                            37,                       11,                       0.127856
48,                            38,                       10,                       0.16696
48,                            37,                       11,                       0.133373
48,                            37,                       11,                       0.136773
48,                            37,                       11,                       0.131318
48,                            38,                       10,                       0.136265
48,                            37,                       11,                       0.136141
48,                            37,                       11,                       0.127724
48,                            37,                       11,                       0.122592
48,                            38,                       10,                       0.130601
48,                            37,                       11,                       0.137213
48,                            38,                       10,                       0.136314
48,                            38,                       10,                       0.133123
48,                            37,                       11,                       0.130036
48,                            38,                       10,                       0.128853
48,                            37,                       11,                       0.135998
48,                            37,                       11,                       0.128281
48,                            38,                       10,                       0.131954
48,                            37,                       11,                       0.13038
48,                            37,                       11,                       0.140418
48,                            37,                       11,                       0.135297
48,                            38,                       10,                       0.1634
48,                            37,                       11,                       0.128118
48,                            38,                       10,                       0.126148
48,                            37,                       11,                       0.130171
48,                            37,                       11,                       0.129497
48,                            37,                       11,                       0.138954
48,                            37,                       11,                       0.127711
48,                            37,                       11,                       0.132727
48,                            37,                       11,                       0.130046
48,                            37,                       11,                       0.133386
48,                            37,                       11,                       0.1246
48,                            37,                       11,                       0.1343
48,                            38,                       10,                       0.141601
48,                            37,                       11,                       0.135928
48,                            38,                       10,                       0.128483
48,                            37,                       11,                       0.128592
48,                            37,                       11,                       0.131119
48,                            38,                       10,                       0.129189
48,                            37,                       11,                       0.123402
48,                            37,                       11,                       0.150412
48,                            37,                       11,                       0.13103
48,                            37,                       11,                       0.135717
48,                            37,                       11,                       0.13466
48,                            37,                       11,                       0.129362
48,                            37,                       11,                       0.136065
48,                            37,                       11,                       0.133612
48,                            38,                       10,                       0.135362
48,                            37,                       11,                       0.131969
48,                            38,                       10,                       0.133176
48,                            37,                       11,                       0.134008
48,                            37,                       11,                       0.134551
