COMMENT : The search result by Simulated-Annealing for Cauchy_Good Fri Jan 26 18:35:47 2018

tech : Cauchy_Good
algorithm : Simulated-Annealing
k : 5
m : 3
w : 6
failed_disk_id : 0
conventional_symbol_number    optimized_symbol_number    reduced_symbol_number    time
30,                            25,                       5,                       0.008332
30,                            24,                       6,                       0.008215
30,                            24,                       6,                       0.008451
30,                            24,                       6,                       0.007773
30,                            24,                       6,                       0.008644
30,                            24,                       6,                       0.0086
30,                            25,                       5,                       0.00897
30,                            24,                       6,                       0.008921
30,                            24,                       6,                       0.008513
30,                            25,                       5,                       0.008895
30,                            24,                       6,                       0.00886
30,                            24,                       6,                       0.008434
30,                            24,                       6,                       0.008227
30,                            24,                       6,                       0.008132
30,                            24,                       6,                       0.008164
30,                            24,                       6,                       0.008158
30,                            24,                       6,                       0.008523
30,                            25,                       5,                       0.008134
30,                            24,                       6,                       0.008279
30,                            25,                       5,                       0.009766
30,                            24,                       6,                       0.008585
30,                            25,                       5,                       0.009158
30,                            24,                       6,                       0.007717
30,                            24,                       6,                       0.00796
30,                            24,                       6,                       0.008041
30,                            24,                       6,                       0.00776
30,                            25,                       5,                       0.008241
30,                            24,                       6,                       0.007917
30,                            24,                       6,                       0.008018
30,                            24,                       6,                       0.007925
30,                            24,                       6,                       0.00766
30,                            25,                       5,                       0.008187
30,                            25,                       5,                       0.00867
30,                            24,                       6,                       0.008025
30,                            25,                       5,                       0.00776
30,                            24,                       6,                       0.008179
30,                            25,                       5,                       0.007827
30,                            24,                       6,                       0.008292
30,                            25,                       5,                       0.007888
30,                            24,                       6,                       0.008269
30,                            24,                       6,                       0.00814
30,                            24,                       6,                       0.007506
30,                            24,                       6,                       0.00748
30,                            25,                       5,                       0.007838
30,                            25,                       5,                       0.008608
30,                            24,                       6,                       0.008206
30,                            24,                       6,                       0.00811
30,                            24,                       6,                       0.007955
30,                            24,                       6,                       0.00793
30,                            25,                       5,                       0.008001
30,                            24,                       6,                       0.008044
30,                            25,                       5,                       0.008506
30,                            24,                       6,                       0.008135
30,                            24,                       6,                       0.009511
30,                            26,                       4,                       0.010337
30,                            24,                       6,                       0.007926
30,                            24,                       6,                       0.007794
30,                            25,                       5,                       0.008763
30,                            24,                       6,                       0.007854
30,                            25,                       5,                       0.007667
30,                            25,                       5,                       0.008703
30,                            25,                       5,                       0.00824
30,                            25,                       5,                       0.008073
30,                            25,                       5,                       0.008272
30,                            24,                       6,                       0.008661
30,                            25,                       5,                       0.008063
30,                            24,                       6,                       0.007582
30,                            24,                       6,                       0.007955
30,                            25,                       5,                       0.008084
30,                            24,                       6,                       0.007867
30,                            24,                       6,                       0.007521
30,                            25,                       5,                       0.008729
30,                            25,                       5,                       0.008812
30,                            24,                       6,                       0.007906
30,                            24,                       6,                       0.007993
30,                            24,                       6,                       0.00796
30,                            24,                       6,                       0.008552
30,                            24,                       6,                       0.00854
30,                            24,                       6,                       0.008762
30,                            24,                       6,                       0.009552
30,                            25,                       5,                       0.008771
30,                            24,                       6,                       0.008048
30,                            24,                       6,                       0.008398
30,                            25,                       5,                       0.008872
30,                            25,                       5,                       0.008694
30,                            25,                       5,                       0.007995
30,                            24,                       6,                       0.007774
30,                            25,                       5,                       0.007907
30,                            24,                       6,                       0.008048
30,                            25,                       5,                       0.008007
30,                            24,                       6,                       0.007835
30,                            25,                       5,                       0.008624
30,                            24,                       6,                       0.008502
30,                            24,                       6,                       0.008626
30,                            24,                       6,                       0.008284
30,                            24,                       6,                       0.008279
30,                            25,                       5,                       0.008149
30,                            24,                       6,                       0.009059
30,                            24,                       6,                       0.007782
30,                            25,                       5,                       0.008107
30,                            24,                       6,                       0.007682
30,                            24,                       6,                       0.008242
30,                            25,                       5,                       0.00838
30,                            24,                       6,                       0.008534
30,                            24,                       6,                       0.008145
30,                            24,                       6,                       0.008089
30,                            24,                       6,                       0.007752
30,                            24,                       6,                       0.008309
30,                            25,                       5,                       0.007882
30,                            24,                       6,                       0.007726
30,                            25,                       5,                       0.008075
30,                            24,                       6,                       0.008301
30,                            25,                       5,                       0.008139
30,                            24,                       6,                       0.008091
30,                            25,                       5,                       0.007711
30,                            24,                       6,                       0.008099
30,                            25,                       5,                       0.008015
30,                            24,                       6,                       0.007597
30,                            25,                       5,                       0.007662
30,                            25,                       5,                       0.008395
30,                            25,                       5,                       0.008171
30,                            24,                       6,                       0.007994
30,                            25,                       5,                       0.008547
30,                            24,                       6,                       0.008416
30,                            25,                       5,                       0.008519
30,                            25,                       5,                       0.008887
30,                            25,                       5,                       0.008256
30,                            24,                       6,                       0.008215
30,                            25,                       5,                       0.008414
30,                            24,                       6,                       0.00765
30,                            24,                       6,                       0.008376
30,                            24,                       6,                       0.007975
30,                            24,                       6,                       0.007718
30,                            24,                       6,                       0.00818
30,                            24,                       6,                       0.007795
30,                            26,                       4,                       0.011954
30,                            26,                       4,                       0.012563
30,                            24,                       6,                       0.007681
30,                            24,                       6,                       0.007999
30,                            25,                       5,                       0.007829
30,                            24,                       6,                       0.008032
30,                            25,                       5,                       0.007931
30,                            25,                       5,                       0.007658
30,                            24,                       6,                       0.007795
30,                            24,                       6,                       0.008114
30,                            24,                       6,                       0.007842
30,                            25,                       5,                       0.008573
30,                            24,                       6,                       0.008097
30,                            24,                       6,                       0.007405
30,                            24,                       6,                       0.008039
30,                            25,                       5,                       0.008101
30,                            24,                       6,                       0.008715
30,                            25,                       5,                       0.007898
30,                            25,                       5,                       0.007843
30,                            24,                       6,                       0.00803
30,                            24,                       6,                       0.008107
30,                            25,                       5,                       0.008355
30,                            24,                       6,                       0.007774
30,                            25,                       5,                       0.008448
30,                            25,                       5,                       0.007733
30,                            24,                       6,                       0.008136
30,                            24,                       6,                       0.007762
30,                            24,                       6,                       0.007771
30,                            24,                       6,                       0.007584
30,                            25,                       5,                       0.008317
30,                            24,                       6,                       0.00829
30,                            25,                       5,                       0.008135
30,                            24,                       6,                       0.007667
30,                            25,                       5,                       0.008079
30,                            25,                       5,                       0.007897
30,                            24,                       6,                       0.00846
30,                            24,                       6,                       0.008555
30,                            24,                       6,                       0.007975
30,                            25,                       5,                       0.007654
30,                            24,                       6,                       0.007812
30,                            24,                       6,                       0.008547
30,                            24,                       6,                       0.008208
30,                            24,                       6,                       0.008336
30,                            24,                       6,                       0.008111
30,                            24,                       6,                       0.007813
30,                            25,                       5,                       0.008577
30,                            25,                       5,                       0.008412
30,                            24,                       6,                       0.009011
30,                            25,                       5,                       0.01233
30,                            25,                       5,                       0.008442
30,                            25,                       5,                       0.007717
30,                            25,                       5,                       0.007904
30,                            25,                       5,                       0.008297
30,                            25,                       5,                       0.007934
30,                            24,                       6,                       0.008249
30,                            24,                       6,                       0.00802
30,                            25,                       5,                       0.008475
30,                            25,                       5,                       0.008957
30,                            25,                       5,                       0.008111
30,                            25,                       5,                       0.00815
30,                            25,                       5,                       0.008586
30,                            24,                       6,                       0.00792
30,                            24,                       6,                       0.00776
30,                            24,                       6,                       0.008355
30,                            24,                       6,                       0.008429
30,                            25,                       5,                       0.008206
30,                            25,                       5,                       0.008847
30,                            25,                       5,                       0.008606
30,                            24,                       6,                       0.007609
30,                            24,                       6,                       0.007927
30,                            24,                       6,                       0.0081
30,                            24,                       6,                       0.008122
30,                            25,                       5,                       0.008535
30,                            24,                       6,                       0.008047
30,                            25,                       5,                       0.007971
30,                            25,                       5,                       0.008153
30,                            24,                       6,                       0.007961
30,                            24,                       6,                       0.008132
30,                            24,                       6,                       0.007635
30,                            25,                       5,                       0.00834
30,                            24,                       6,                       0.007458
30,                            24,                       6,                       0.021961
30,                            24,                       6,                       0.008152
30,                            24,                       6,                       0.007721
30,                            25,                       5,                       0.008289
30,                            24,                       6,                       0.008064
30,                            24,                       6,                       0.008078
30,                            25,                       5,                       0.007889
30,                            25,                       5,                       0.008427
30,                            25,                       5,                       0.008135
30,                            24,                       6,                       0.00787
30,                            24,                       6,                       0.0079
30,                            24,                       6,                       0.008213
30,                            24,                       6,                       0.007976
30,                            25,                       5,                       0.008457
30,                            24,                       6,                       0.008011
30,                            25,                       5,                       0.009059
30,                            25,                       5,                       0.008021
30,                            25,                       5,                       0.008279
30,                            24,                       6,                       0.00783
30,                            25,                       5,                       0.007825
30,                            24,                       6,                       0.008249
30,                            24,                       6,                       0.007683
30,                            25,                       5,                       0.008226
30,                            25,                       5,                       0.008406
30,                            25,                       5,                       0.008616
30,                            24,                       6,                       0.007697
30,                            25,                       5,                       0.008376
30,                            24,                       6,                       0.00767
30,                            25,                       5,                       0.008133
30,                            24,                       6,                       0.007987
30,                            25,                       5,                       0.008526
30,                            25,                       5,                       0.008364
30,                            24,                       6,                       0.008288
30,                            25,                       5,                       0.009026
30,                            24,                       6,                       0.00845
30,                            24,                       6,                       0.008144
30,                            24,                       6,                       0.007812
30,                            25,                       5,                       0.008969
30,                            25,                       5,                       0.008302
30,                            24,                       6,                       0.007685
30,                            24,                       6,                       0.007871
30,                            25,                       5,                       0.007938
30,                            25,                       5,                       0.008638
30,                            25,                       5,                       0.008451
30,                            24,                       6,                       0.007987
30,                            24,                       6,                       0.008366
30,                            24,                       6,                       0.008333
30,                            24,                       6,                       0.007775
30,                            24,                       6,                       0.007876
30,                            25,                       5,                       0.008477
30,                            25,                       5,                       0.008776
30,                            25,                       5,                       0.008978
30,                            24,                       6,                       0.008245
30,                            24,                       6,                       0.008583
30,                            24,                       6,                       0.008051
30,                            24,                       6,                       0.008673
30,                            24,                       6,                       0.007828
30,                            25,                       5,                       0.008262
30,                            24,                       6,                       0.008025
30,                            24,                       6,                       0.0082
30,                            24,                       6,                       0.007589
30,                            24,                       6,                       0.008102
30,                            25,                       5,                       0.008109
30,                            24,                       6,                       0.009042
30,                            25,                       5,                       0.008208
30,                            25,                       5,                       0.008373
30,                            24,                       6,                       0.008324
30,                            25,                       5,                       0.007914
30,                            24,                       6,                       0.008055
30,                            25,                       5,                       0.008624
30,                            24,                       6,                       0.009169
30,                            24,                       6,                       0.008502
30,                            24,                       6,                       0.008278
30,                            24,                       6,                       0.007607
30,                            24,                       6,                       0.007834
30,                            24,                       6,                       0.008183
30,                            25,                       5,                       0.008548
30,                            24,                       6,                       0.008246
30,                            25,                       5,                       0.008806
30,                            25,                       5,                       0.008285
30,                            25,                       5,                       0.008529
30,                            25,                       5,                       0.008353
30,                            24,                       6,                       0.009175
30,                            25,                       5,                       0.007771
