COMMENT : The search result by Simulated-Annealing for Cauchy_Good Fri Jan 26 18:35:51 2018

tech : Cauchy_Good
algorithm : Simulated-Annealing
k : 7
m : 2
w : 8
failed_disk_id : 0
conventional_symbol_number    optimized_symbol_number    reduced_symbol_number    time
56,                            44,                       12,                       0.067255
56,                            44,                       12,                       0.063025
56,                            44,                       12,                       0.066992
56,                            44,                       12,                       0.063332
56,                            44,                       12,                       0.063525
56,                            44,                       12,                       0.063146
56,                            44,                       12,                       0.062573
56,                            44,                       12,                       0.06285
56,                            44,                       12,                       0.062336
56,                            44,                       12,                       0.062128
56,                            44,                       12,                       0.063965
56,                            44,                       12,                       0.062161
56,                            44,                       12,                       0.064003
56,                            44,                       12,                       0.064392
56,                            44,                       12,                       0.063505
56,                            44,                       12,                       0.064388
56,                            44,                       12,                       0.063907
56,                            44,                       12,                       0.062718
56,                            44,                       12,                       0.064898
56,                            44,                       12,                       0.062879
56,                            44,                       12,                       0.064147
56,                            44,                       12,                       0.06314
56,                            44,                       12,                       0.062085
56,                            44,                       12,                       0.060702
56,                            44,                       12,                       0.0629
56,                            44,                       12,                       0.062495
56,                            44,                       12,                       0.061992
56,                            44,                       12,                       0.059602
56,                            44,                       12,                       0.060851
56,                            44,                       12,                       0.059355
56,                            44,                       12,                       0.06097
56,                            44,                       12,                       0.059783
56,                            44,                       12,                       0.060002
56,                            44,                       12,                       0.06088
56,                            44,                       12,                       0.060123
56,                            44,                       12,                       0.060008
56,                            44,                       12,                       0.060878
56,                            44,                       12,                       0.061379
56,                            44,                       12,                       0.062928
56,                            44,                       12,                       0.060631
56,                            44,                       12,                       0.059979
56,                            44,                       12,                       0.060659
56,                            44,                       12,                       0.060548
56,                            44,                       12,                       0.060593
56,                            44,                       12,                       0.060701
56,                            44,                       12,                       0.060837
56,                            44,                       12,                       0.05885
56,                            44,                       12,                       0.062277
56,                            44,                       12,                       0.060937
56,                            44,                       12,                       0.061671
56,                            44,                       12,                       0.061912
56,                            44,                       12,                       0.06056
56,                            44,                       12,                       0.059725
56,                            44,                       12,                       0.061211
56,                            44,                       12,                       0.061046
56,                            44,                       12,                       0.065743
56,                            44,                       12,                       0.061416
56,                            44,                       12,                       0.060921
56,                            44,                       12,                       0.060921
56,                            44,                       12,                       0.06111
56,                            44,                       12,                       0.060671
56,                            44,                       12,                       0.061043
56,                            44,                       12,                       0.060845
56,                            44,                       12,                       0.059638
56,                            44,                       12,                       0.060804
56,                            44,                       12,                       0.060343
56,                            44,                       12,                       0.060559
56,                            44,                       12,                       0.060559
56,                            44,                       12,                       0.062688
56,                            44,                       12,                       0.060475
56,                            44,                       12,                       0.059478
56,                            44,                       12,                       0.060909
56,                            44,                       12,                       0.061424
56,                            44,                       12,                       0.061444
56,                            44,                       12,                       0.060864
56,                            44,                       12,                       0.061631
56,                            44,                       12,                       0.06153
56,                            44,                       12,                       0.062932
56,                            44,                       12,                       0.062328
56,                            44,                       12,                       0.073913
56,                            44,                       12,                       0.061773
56,                            44,                       12,                       0.060683
56,                            44,                       12,                       0.063786
56,                            44,                       12,                       0.061802
56,                            44,                       12,                       0.062143
56,                            44,                       12,                       0.061314
56,                            44,                       12,                       0.062279
56,                            44,                       12,                       0.066411
56,                            44,                       12,                       0.063503
56,                            44,                       12,                       0.062197
56,                            44,                       12,                       0.061325
56,                            44,                       12,                       0.060482
56,                            44,                       12,                       0.060789
56,                            44,                       12,                       0.062004
56,                            44,                       12,                       0.061114
56,                            44,                       12,                       0.06096
56,                            44,                       12,                       0.062282
56,                            44,                       12,                       0.062379
56,                            44,                       12,                       0.065679
56,                            44,                       12,                       0.063166
56,                            44,                       12,                       0.061722
56,                            44,                       12,                       0.062023
56,                            44,                       12,                       0.061973
56,                            44,                       12,                       0.061767
56,                            44,                       12,                       0.061193
56,                            44,                       12,                       0.063466
56,                            44,                       12,                       0.062396
56,                            44,                       12,                       0.062452
56,                            44,                       12,                       0.060762
56,                            44,                       12,                       0.060293
56,                            44,                       12,                       0.059698
56,                            44,                       12,                       0.063236
56,                            44,                       12,                       0.061205
56,                            44,                       12,                       0.062772
56,                            44,                       12,                       0.062683
56,                            44,                       12,                       0.062966
56,                            44,                       12,                       0.062449
56,                            44,                       12,                       0.063249
56,                            44,                       12,                       0.061986
56,                            44,                       12,                       0.06279
56,                            44,                       12,                       0.061709
56,                            44,                       12,                       0.063191
56,                            44,                       12,                       0.063517
56,                            44,                       12,                       0.061431
56,                            44,                       12,                       0.059545
56,                            44,                       12,                       0.061626
56,                            44,                       12,                       0.062084
56,                            44,                       12,                       0.061514
56,                            44,                       12,                       0.061806
56,                            44,                       12,                       0.062566
56,                            44,                       12,                       0.062034
56,                            44,                       12,                       0.063787
56,                            44,                       12,                       0.062685
56,                            44,                       12,                       0.062354
56,                            44,                       12,                       0.061963
56,                            44,                       12,                       0.060847
56,                            44,                       12,                       0.063539
56,                            44,                       12,                       0.061406
56,                            44,                       12,                       0.061206
56,                            44,                       12,                       0.060417
56,                            44,                       12,                       0.060081
56,                            44,                       12,                       0.060497
56,                            44,                       12,                       0.060329
56,                            44,                       12,                       0.061767
56,                            44,                       12,                       0.061426
56,                            44,                       12,                       0.060882
56,                            44,                       12,                       0.061074
56,                            44,                       12,                       0.060441
56,                            44,                       12,                       0.061096
56,                            44,                       12,                       0.061115
56,                            44,                       12,                       0.061714
56,                            44,                       12,                       0.060462
56,                            44,                       12,                       0.062465
56,                            44,                       12,                       0.060932
56,                            44,                       12,                       0.061547
56,                            44,                       12,                       0.061625
56,                            44,                       12,                       0.060656
56,                            44,                       12,                       0.061606
56,                            44,                       12,                       0.061348
56,                            44,                       12,                       0.061242
56,                            44,                       12,                       0.061593
56,                            44,                       12,                       0.061899
56,                            44,                       12,                       0.061224
56,                            44,                       12,                       0.0617
56,                            44,                       12,                       0.061692
56,                            44,                       12,                       0.059059
56,                            44,                       12,                       0.061288
56,                            44,                       12,                       0.062942
56,                            44,                       12,                       0.060448
56,                            44,                       12,                       0.061999
56,                            44,                       12,                       0.060935
56,                            44,                       12,                       0.061166
56,                            44,                       12,                       0.062475
56,                            44,                       12,                       0.062654
56,                            44,                       12,                       0.059658
56,                            44,                       12,                       0.060931
56,                            44,                       12,                       0.061267
56,                            44,                       12,                       0.061604
56,                            44,                       12,                       0.061647
56,                            44,                       12,                       0.061181
56,                            44,                       12,                       0.061031
56,                            44,                       12,                       0.060719
56,                            44,                       12,                       0.061625
56,                            44,                       12,                       0.062002
56,                            44,                       12,                       0.061773
56,                            44,                       12,                       0.061407
56,                            44,                       12,                       0.060953
56,                            44,                       12,                       0.060787
56,                            44,                       12,                       0.061208
56,                            44,                       12,                       0.061238
56,                            44,                       12,                       0.061027
56,                            44,                       12,                       0.06241
56,                            44,                       12,                       0.062048
56,                            44,                       12,                       0.061142
56,                            44,                       12,                       0.061715
56,                            44,                       12,                       0.062977
56,                            44,                       12,                       0.060966
56,                            44,                       12,                       0.061666
56,                            44,                       12,                       0.060234
56,                            44,                       12,                       0.062186
56,                            44,                       12,                       0.06362
56,                            44,                       12,                       0.064234
56,                            44,                       12,                       0.061192
56,                            44,                       12,                       0.061215
56,                            44,                       12,                       0.062005
56,                            44,                       12,                       0.061359
56,                            44,                       12,                       0.061283
56,                            44,                       12,                       0.060659
56,                            44,                       12,                       0.060839
56,                            44,                       12,                       0.061671
56,                            44,                       12,                       0.061187
56,                            44,                       12,                       0.070666
56,                            44,                       12,                       0.060695
56,                            44,                       12,                       0.061053
56,                            44,                       12,                       0.061195
56,                            44,                       12,                       0.063052
56,                            44,                       12,                       0.060779
56,                            44,                       12,                       0.061149
56,                            44,                       12,                       0.061924
56,                            44,                       12,                       0.060721
56,                            44,                       12,                       0.062758
56,                            44,                       12,                       0.062665
56,                            44,                       12,                       0.060378
56,                            44,                       12,                       0.062114
56,                            44,                       12,                       0.062355
56,                            44,                       12,                       0.060971
56,                            44,                       12,                       0.060891
56,                            44,                       12,                       0.059651
56,                            44,                       12,                       0.061462
56,                            44,                       12,                       0.060332
56,                            44,                       12,                       0.060484
56,                            44,                       12,                       0.062893
56,                            44,                       12,                       0.063246
56,                            44,                       12,                       0.061358
56,                            44,                       12,                       0.061361
56,                            44,                       12,                       0.060176
56,                            44,                       12,                       0.061273
56,                            44,                       12,                       0.059712
56,                            44,                       12,                       0.06356
56,                            44,                       12,                       0.061975
56,                            44,                       12,                       0.061256
56,                            44,                       12,                       0.059413
56,                            44,                       12,                       0.06087
56,                            44,                       12,                       0.060738
56,                            44,                       12,                       0.06138
56,                            44,                       12,                       0.061165
56,                            44,                       12,                       0.061498
56,                            44,                       12,                       0.061338
56,                            44,                       12,                       0.060695
56,                            44,                       12,                       0.061916
56,                            44,                       12,                       0.06023
56,                            44,                       12,                       0.060901
56,                            44,                       12,                       0.060795
56,                            44,                       12,                       0.060518
56,                            44,                       12,                       0.063288
56,                            44,                       12,                       0.06241
56,                            44,                       12,                       0.060773
56,                            44,                       12,                       0.059704
56,                            44,                       12,                       0.06151
56,                            44,                       12,                       0.079641
56,                            44,                       12,                       0.060849
56,                            44,                       12,                       0.060357
56,                            44,                       12,                       0.060335
56,                            44,                       12,                       0.06344
56,                            44,                       12,                       0.062053
56,                            44,                       12,                       0.060744
56,                            44,                       12,                       0.060835
56,                            44,                       12,                       0.061086
56,                            44,                       12,                       0.060594
56,                            44,                       12,                       0.06164
56,                            44,                       12,                       0.061684
56,                            44,                       12,                       0.06109
56,                            44,                       12,                       0.062226
56,                            44,                       12,                       0.060755
56,                            44,                       12,                       0.063325
56,                            44,                       12,                       0.060922
56,                            44,                       12,                       0.062416
56,                            44,                       12,                       0.061277
56,                            44,                       12,                       0.060855
56,                            44,                       12,                       0.062318
56,                            44,                       12,                       0.061305
56,                            44,                       12,                       0.06159
56,                            44,                       12,                       0.061798
56,                            44,                       12,                       0.062338
56,                            44,                       12,                       0.062594
56,                            44,                       12,                       0.061315
56,                            44,                       12,                       0.060706
56,                            44,                       12,                       0.061162
56,                            44,                       12,                       0.06078
56,                            44,                       12,                       0.060522
56,                            44,                       12,                       0.06025
56,                            44,                       12,                       0.059372
56,                            44,                       12,                       0.061502
56,                            44,                       12,                       0.060581
56,                            44,                       12,                       0.060874
56,                            44,                       12,                       0.062
56,                            44,                       12,                       0.06158
56,                            44,                       12,                       0.059034
56,                            44,                       12,                       0.062169
56,                            44,                       12,                       0.060746
