COMMENT : The search result by Simulated-Annealing for Cauchy_Good Thu Jan 25 17:14:19 2018

tech : Cauchy_Good
algorithm : Simulated-Annealing
k : 2
m : 2
w : 10
failed_disk_id : 0
conventional_symbol_number    optimized_symbol_number    reduced_symbol_number    time
20,                            15,                       5,                       0.39
20,                            15,                       5,                       0.38
20,                            15,                       5,                       0.38
20,                            15,                       5,                       0.39
20,                            15,                       5,                       0.38
20,                            15,                       5,                       0.26
20,                            15,                       5,                       0.27
20,                            15,                       5,                       0.26
20,                            15,                       5,                       0.39
20,                            15,                       5,                       0.38
20,                            15,                       5,                       0.26
20,                            15,                       5,                       0.26
20,                            15,                       5,                       0.26
20,                            15,                       5,                       0.26
20,                            16,                       4,                       0.38
20,                            15,                       5,                       0.25
20,                            15,                       5,                       0.26
20,                            15,                       5,                       0.26
20,                            15,                       5,                       0.26
20,                            15,                       5,                       0.25
20,                            15,                       5,                       0.25
20,                            15,                       5,                       0.25
20,                            15,                       5,                       0.25
20,                            15,                       5,                       0.25
20,                            15,                       5,                       0.25
20,                            15,                       5,                       0.25
20,                            15,                       5,                       0.26
20,                            15,                       5,                       0.26
20,                            15,                       5,                       0.25
20,                            15,                       5,                       0.25
20,                            15,                       5,                       0.26
20,                            15,                       5,                       0.25
20,                            15,                       5,                       0.25
20,                            15,                       5,                       0.26
20,                            15,                       5,                       0.25
20,                            15,                       5,                       0.26
20,                            15,                       5,                       0.26
20,                            15,                       5,                       0.26
20,                            15,                       5,                       0.25
20,                            15,                       5,                       0.25
20,                            15,                       5,                       0.26
20,                            15,                       5,                       0.25
20,                            15,                       5,                       0.25
20,                            15,                       5,                       0.25
20,                            15,                       5,                       0.25
20,                            15,                       5,                       0.25
20,                            15,                       5,                       0.25
20,                            15,                       5,                       0.25
20,                            15,                       5,                       0.38
20,                            15,                       5,                       0.25
20,                            15,                       5,                       0.25
20,                            15,                       5,                       0.25
20,                            15,                       5,                       0.39
20,                            15,                       5,                       0.38
20,                            15,                       5,                       0.25
20,                            15,                       5,                       0.38
20,                            15,                       5,                       0.38
20,                            15,                       5,                       0.25
20,                            15,                       5,                       0.25
20,                            15,                       5,                       0.25
20,                            15,                       5,                       0.25
20,                            15,                       5,                       0.26
20,                            15,                       5,                       0.25
20,                            15,                       5,                       0.25
20,                            15,                       5,                       0.25
20,                            15,                       5,                       0.39
20,                            15,                       5,                       0.38
20,                            16,                       4,                       0.38
20,                            16,                       4,                       0.38
20,                            16,                       4,                       0.38
20,                            15,                       5,                       0.25
20,                            15,                       5,                       0.26
20,                            15,                       5,                       0.25
20,                            15,                       5,                       0.25
20,                            15,                       5,                       0.25
20,                            15,                       5,                       0.25
20,                            15,                       5,                       0.25
20,                            15,                       5,                       0.25
20,                            15,                       5,                       0.38
20,                            15,                       5,                       0.38
20,                            15,                       5,                       0.25
20,                            15,                       5,                       0.25
20,                            15,                       5,                       0.26
20,                            15,                       5,                       0.26
20,                            15,                       5,                       0.25
20,                            15,                       5,                       0.38
20,                            15,                       5,                       0.38
20,                            15,                       5,                       0.25
20,                            15,                       5,                       0.26
20,                            15,                       5,                       0.26
20,                            15,                       5,                       0.26
20,                            15,                       5,                       0.25
20,                            15,                       5,                       0.25
20,                            15,                       5,                       0.25
20,                            15,                       5,                       0.25
20,                            15,                       5,                       0.38
20,                            15,                       5,                       0.38
20,                            15,                       5,                       0.26
20,                            15,                       5,                       0.39
20,                            15,                       5,                       0.38
