COMMENT : The search result by Simulated-Annealing for Cauchy_Good Fri Jan 26 18:35:59 2018

tech : Cauchy_Good
algorithm : Simulated-Annealing
k : 8
m : 8
w : 6
failed_disk_id : 0
conventional_symbol_number    optimized_symbol_number    reduced_symbol_number    time
48,                            38,                       10,                       0.0621
48,                            37,                       11,                       0.067076
48,                            37,                       11,                       0.065418
48,                            37,                       11,                       0.066301
48,                            37,                       11,                       0.069798
48,                            38,                       10,                       0.066454
48,                            37,                       11,                       0.06586
48,                            38,                       10,                       0.066153
48,                            37,                       11,                       0.065626
48,                            37,                       11,                       0.075684
48,                            37,                       11,                       0.065025
48,                            37,                       11,                       0.064153
48,                            37,                       11,                       0.062516
48,                            37,                       11,                       0.073994
48,                            37,                       11,                       0.069782
48,                            37,                       11,                       0.063398
48,                            37,                       11,                       0.066021
48,                            38,                       10,                       0.073616
48,                            37,                       11,                       0.068766
48,                            38,                       10,                       0.065061
48,                            37,                       11,                       0.072749
48,                            37,                       11,                       0.066579
48,                            37,                       11,                       0.062615
48,                            37,                       11,                       0.062106
48,                            37,                       11,                       0.0591
48,                            37,                       11,                       0.059097
48,                            38,                       10,                       0.059749
48,                            37,                       11,                       0.062223
48,                            37,                       11,                       0.06246
48,                            37,                       11,                       0.062136
48,                            37,                       11,                       0.064382
48,                            37,                       11,                       0.062932
48,                            37,                       11,                       0.066591
48,                            38,                       10,                       0.064268
48,                            38,                       10,                       0.062898
48,                            37,                       11,                       0.060395
48,                            37,                       11,                       0.061234
48,                            37,                       11,                       0.063076
48,                            37,                       11,                       0.065146
48,                            37,                       11,                       0.059377
48,                            37,                       11,                       0.063012
48,                            37,                       11,                       0.064611
48,                            37,                       11,                       0.064969
48,                            37,                       11,                       0.06883
48,                            37,                       11,                       0.066783
48,                            37,                       11,                       0.057806
48,                            37,                       11,                       0.059731
48,                            37,                       11,                       0.06844
48,                            37,                       11,                       0.06478
48,                            38,                       10,                       0.057628
48,                            37,                       11,                       0.061835
48,                            37,                       11,                       0.057955
48,                            37,                       11,                       0.071805
48,                            37,                       11,                       0.064422
48,                            37,                       11,                       0.059299
48,                            37,                       11,                       0.063862
48,                            37,                       11,                       0.058521
48,                            37,                       11,                       0.061262
48,                            37,                       11,                       0.064572
48,                            37,                       11,                       0.057487
48,                            37,                       11,                       0.059148
48,                            37,                       11,                       0.063223
48,                            38,                       10,                       0.058851
48,                            38,                       10,                       0.058941
48,                            37,                       11,                       0.065226
48,                            37,                       11,                       0.064236
48,                            37,                       11,                       0.063306
48,                            38,                       10,                       0.058527
48,                            37,                       11,                       0.065203
48,                            38,                       10,                       0.065982
48,                            37,                       11,                       0.061404
48,                            37,                       11,                       0.063334
48,                            38,                       10,                       0.06361
48,                            37,                       11,                       0.061909
48,                            38,                       10,                       0.059299
48,                            37,                       11,                       0.065975
48,                            37,                       11,                       0.062536
48,                            38,                       10,                       0.065063
48,                            37,                       11,                       0.067411
48,                            37,                       11,                       0.063529
48,                            37,                       11,                       0.061642
48,                            37,                       11,                       0.06463
48,                            38,                       10,                       0.069453
48,                            37,                       11,                       0.06175
48,                            38,                       10,                       0.061536
48,                            37,                       11,                       0.06279
48,                            38,                       10,                       0.059487
48,                            37,                       11,                       0.0652
48,                            37,                       11,                       0.063753
48,                            37,                       11,                       0.070931
48,                            37,                       11,                       0.065489
48,                            37,                       11,                       0.063664
48,                            37,                       11,                       0.061215
48,                            37,                       11,                       0.065294
48,                            38,                       10,                       0.068234
48,                            37,                       11,                       0.066403
48,                            37,                       11,                       0.065163
48,                            38,                       10,                       0.061218
48,                            37,                       11,                       0.066673
48,                            37,                       11,                       0.066744
48,                            37,                       11,                       0.063254
48,                            37,                       11,                       0.063829
48,                            39,                       9,                       0.056433
48,                            38,                       10,                       0.061652
48,                            37,                       11,                       0.060505
48,                            38,                       10,                       0.068116
48,                            38,                       10,                       0.064548
48,                            37,                       11,                       0.06432
48,                            37,                       11,                       0.063147
48,                            37,                       11,                       0.072264
48,                            38,                       10,                       0.05465
48,                            37,                       11,                       0.064786
48,                            37,                       11,                       0.065253
48,                            37,                       11,                       0.061492
48,                            38,                       10,                       0.066402
48,                            39,                       9,                       0.061003
48,                            37,                       11,                       0.062246
48,                            37,                       11,                       0.064112
48,                            37,                       11,                       0.065398
48,                            37,                       11,                       0.064625
48,                            37,                       11,                       0.063258
48,                            37,                       11,                       0.065148
48,                            37,                       11,                       0.061724
48,                            37,                       11,                       0.063317
48,                            37,                       11,                       0.064386
48,                            37,                       11,                       0.06836
48,                            37,                       11,                       0.059292
48,                            37,                       11,                       0.064909
48,                            37,                       11,                       0.06842
48,                            37,                       11,                       0.065791
48,                            37,                       11,                       0.066028
48,                            38,                       10,                       0.061127
48,                            37,                       11,                       0.060809
48,                            37,                       11,                       0.065889
48,                            37,                       11,                       0.062306
48,                            37,                       11,                       0.063556
48,                            37,                       11,                       0.064622
48,                            37,                       11,                       0.063104
48,                            37,                       11,                       0.062683
48,                            37,                       11,                       0.060377
48,                            37,                       11,                       0.064864
48,                            38,                       10,                       0.060035
48,                            37,                       11,                       0.062681
48,                            37,                       11,                       0.062578
48,                            37,                       11,                       0.062261
48,                            37,                       11,                       0.062367
48,                            38,                       10,                       0.06596
48,                            37,                       11,                       0.063395
48,                            37,                       11,                       0.065998
48,                            38,                       10,                       0.065316
48,                            37,                       11,                       0.057947
48,                            37,                       11,                       0.05949
48,                            37,                       11,                       0.067917
48,                            37,                       11,                       0.063148
48,                            37,                       11,                       0.06259
48,                            37,                       11,                       0.068899
48,                            37,                       11,                       0.070315
48,                            37,                       11,                       0.063584
48,                            37,                       11,                       0.068328
48,                            37,                       11,                       0.066107
48,                            38,                       10,                       0.060809
48,                            37,                       11,                       0.064029
48,                            37,                       11,                       0.066034
48,                            37,                       11,                       0.063934
48,                            37,                       11,                       0.071636
48,                            38,                       10,                       0.062794
48,                            37,                       11,                       0.063234
48,                            37,                       11,                       0.06624
48,                            37,                       11,                       0.062346
48,                            37,                       11,                       0.059777
48,                            37,                       11,                       0.064561
48,                            37,                       11,                       0.061401
48,                            37,                       11,                       0.058433
48,                            37,                       11,                       0.067875
48,                            37,                       11,                       0.057033
48,                            37,                       11,                       0.062077
48,                            37,                       11,                       0.064999
48,                            37,                       11,                       0.064255
48,                            37,                       11,                       0.067614
48,                            37,                       11,                       0.066066
48,                            38,                       10,                       0.061724
48,                            37,                       11,                       0.065155
48,                            37,                       11,                       0.063905
48,                            37,                       11,                       0.063145
48,                            37,                       11,                       0.066079
48,                            38,                       10,                       0.061593
48,                            37,                       11,                       0.06355
48,                            37,                       11,                       0.063524
48,                            37,                       11,                       0.064592
48,                            37,                       11,                       0.064614
48,                            37,                       11,                       0.06277
48,                            37,                       11,                       0.063982
48,                            37,                       11,                       0.061626
48,                            37,                       11,                       0.063857
48,                            37,                       11,                       0.069051
48,                            37,                       11,                       0.063314
48,                            37,                       11,                       0.064222
48,                            37,                       11,                       0.064843
48,                            37,                       11,                       0.069735
48,                            37,                       11,                       0.064693
48,                            38,                       10,                       0.062889
48,                            37,                       11,                       0.065459
48,                            37,                       11,                       0.062756
48,                            37,                       11,                       0.066996
48,                            37,                       11,                       0.067976
48,                            37,                       11,                       0.062913
48,                            37,                       11,                       0.062932
48,                            38,                       10,                       0.062733
48,                            37,                       11,                       0.065638
48,                            38,                       10,                       0.061845
48,                            38,                       10,                       0.067533
48,                            37,                       11,                       0.059476
48,                            37,                       11,                       0.062845
48,                            37,                       11,                       0.06052
48,                            38,                       10,                       0.062671
48,                            37,                       11,                       0.064864
48,                            37,                       11,                       0.072597
48,                            37,                       11,                       0.064533
48,                            37,                       11,                       0.063621
48,                            37,                       11,                       0.063669
48,                            38,                       10,                       0.059428
48,                            37,                       11,                       0.062573
48,                            39,                       9,                       0.061577
48,                            38,                       10,                       0.062756
48,                            37,                       11,                       0.063812
48,                            37,                       11,                       0.062872
48,                            37,                       11,                       0.063107
48,                            37,                       11,                       0.064533
48,                            38,                       10,                       0.060193
48,                            37,                       11,                       0.063598
48,                            37,                       11,                       0.063942
48,                            37,                       11,                       0.064283
48,                            37,                       11,                       0.063402
48,                            37,                       11,                       0.063771
48,                            37,                       11,                       0.062845
48,                            37,                       11,                       0.065131
48,                            38,                       10,                       0.060503
48,                            37,                       11,                       0.060318
48,                            38,                       10,                       0.067964
48,                            39,                       9,                       0.058309
48,                            37,                       11,                       0.071598
48,                            37,                       11,                       0.068417
48,                            38,                       10,                       0.058832
48,                            38,                       10,                       0.05903
48,                            37,                       11,                       0.062761
48,                            39,                       9,                       0.061956
48,                            38,                       10,                       0.058587
48,                            37,                       11,                       0.065447
48,                            37,                       11,                       0.063904
48,                            38,                       10,                       0.066858
48,                            37,                       11,                       0.058245
48,                            38,                       10,                       0.062183
48,                            38,                       10,                       0.061739
48,                            37,                       11,                       0.066697
48,                            37,                       11,                       0.059794
48,                            37,                       11,                       0.06384
48,                            38,                       10,                       0.065671
48,                            38,                       10,                       0.071379
48,                            37,                       11,                       0.062175
48,                            37,                       11,                       0.064895
48,                            37,                       11,                       0.065219
48,                            38,                       10,                       0.056852
48,                            37,                       11,                       0.065608
48,                            37,                       11,                       0.068957
48,                            37,                       11,                       0.064084
48,                            37,                       11,                       0.063981
48,                            37,                       11,                       0.063958
48,                            37,                       11,                       0.066042
48,                            37,                       11,                       0.065963
48,                            37,                       11,                       0.068127
48,                            37,                       11,                       0.063041
48,                            37,                       11,                       0.062465
48,                            37,                       11,                       0.065255
48,                            37,                       11,                       0.065503
48,                            38,                       10,                       0.060094
48,                            38,                       10,                       0.060943
48,                            37,                       11,                       0.062583
48,                            37,                       11,                       0.061777
48,                            38,                       10,                       0.060082
48,                            38,                       10,                       0.061886
48,                            38,                       10,                       0.059679
48,                            37,                       11,                       0.063891
48,                            37,                       11,                       0.06265
48,                            37,                       11,                       0.059297
48,                            37,                       11,                       0.065115
48,                            37,                       11,                       0.072504
48,                            37,                       11,                       0.062568
48,                            38,                       10,                       0.066774
48,                            39,                       9,                       0.061717
48,                            37,                       11,                       0.062069
48,                            39,                       9,                       0.05975
48,                            38,                       10,                       0.065943
48,                            39,                       9,                       0.057973
48,                            37,                       11,                       0.068916
48,                            38,                       10,                       0.059509
48,                            37,                       11,                       0.065592
48,                            37,                       11,                       0.066073
48,                            38,                       10,                       0.061618
48,                            37,                       11,                       0.063778
48,                            37,                       11,                       0.06265
