COMMENT : The search result by Simulated-Annealing for Cauchy_Good Fri Jan 26 18:35:47 2018

tech : Cauchy_Good
algorithm : Simulated-Annealing
k : 4
m : 4
w : 6
failed_disk_id : 0
conventional_symbol_number    optimized_symbol_number    reduced_symbol_number    time
24,                            17,                       7,                       0.011004
24,                            18,                       6,                       0.01034
24,                            18,                       6,                       0.010722
24,                            18,                       6,                       0.010582
24,                            18,                       6,                       0.010488
24,                            17,                       7,                       0.01046
24,                            18,                       6,                       0.010633
24,                            18,                       6,                       0.010245
24,                            18,                       6,                       0.010569
24,                            18,                       6,                       0.010553
24,                            18,                       6,                       0.010164
24,                            18,                       6,                       0.013473
24,                            17,                       7,                       0.009679
24,                            17,                       7,                       0.010184
24,                            17,                       7,                       0.010309
24,                            17,                       7,                       0.00959
24,                            17,                       7,                       0.010289
24,                            17,                       7,                       0.010309
24,                            17,                       7,                       0.010276
24,                            17,                       7,                       0.009838
24,                            17,                       7,                       0.010884
24,                            18,                       6,                       0.009895
24,                            18,                       6,                       0.010825
24,                            18,                       6,                       0.01007
24,                            17,                       7,                       0.011605
24,                            17,                       7,                       0.010673
24,                            17,                       7,                       0.009289
24,                            17,                       7,                       0.009911
24,                            18,                       6,                       0.009957
24,                            17,                       7,                       0.010288
24,                            18,                       6,                       0.010029
24,                            17,                       7,                       0.01099
24,                            18,                       6,                       0.009606
24,                            17,                       7,                       0.009908
24,                            18,                       6,                       0.010014
24,                            18,                       6,                       0.009443
24,                            18,                       6,                       0.010222
24,                            17,                       7,                       0.009131
24,                            18,                       6,                       0.010338
24,                            17,                       7,                       0.00946
24,                            17,                       7,                       0.009639
24,                            18,                       6,                       0.009507
24,                            17,                       7,                       0.010112
24,                            18,                       6,                       0.010081
24,                            18,                       6,                       0.009942
24,                            17,                       7,                       0.009273
24,                            18,                       6,                       0.009427
24,                            17,                       7,                       0.009985
24,                            18,                       6,                       0.010525
24,                            17,                       7,                       0.010947
24,                            17,                       7,                       0.009944
24,                            17,                       7,                       0.009974
24,                            17,                       7,                       0.011722
24,                            17,                       7,                       0.009463
24,                            17,                       7,                       0.009609
24,                            18,                       6,                       0.010472
24,                            17,                       7,                       0.00942
24,                            17,                       7,                       0.01131
24,                            17,                       7,                       0.010075
24,                            17,                       7,                       0.009278
24,                            18,                       6,                       0.01063
24,                            17,                       7,                       0.009428
24,                            17,                       7,                       0.009697
24,                            17,                       7,                       0.010494
24,                            18,                       6,                       0.01024
24,                            18,                       6,                       0.010231
24,                            17,                       7,                       0.009463
24,                            18,                       6,                       0.010608
24,                            18,                       6,                       0.009373
24,                            17,                       7,                       0.009248
24,                            17,                       7,                       0.009695
24,                            18,                       6,                       0.010347
24,                            17,                       7,                       0.010099
24,                            17,                       7,                       0.010502
24,                            17,                       7,                       0.009897
24,                            17,                       7,                       0.011166
24,                            17,                       7,                       0.009779
24,                            18,                       6,                       0.009932
24,                            18,                       6,                       0.010914
24,                            18,                       6,                       0.010565
24,                            17,                       7,                       0.010939
24,                            18,                       6,                       0.010413
24,                            18,                       6,                       0.009955
24,                            17,                       7,                       0.010004
24,                            17,                       7,                       0.009076
24,                            17,                       7,                       0.009756
24,                            17,                       7,                       0.010151
24,                            17,                       7,                       0.009505
24,                            18,                       6,                       0.010084
24,                            17,                       7,                       0.009873
24,                            18,                       6,                       0.010472
24,                            17,                       7,                       0.009605
24,                            18,                       6,                       0.009337
24,                            17,                       7,                       0.009934
24,                            17,                       7,                       0.010218
24,                            17,                       7,                       0.010763
24,                            17,                       7,                       0.009563
24,                            18,                       6,                       0.010086
24,                            17,                       7,                       0.009548
24,                            18,                       6,                       0.009908
24,                            17,                       7,                       0.009402
24,                            18,                       6,                       0.010296
24,                            18,                       6,                       0.009853
24,                            18,                       6,                       0.009675
24,                            17,                       7,                       0.00887
24,                            18,                       6,                       0.00995
24,                            18,                       6,                       0.009944
24,                            18,                       6,                       0.01003
24,                            17,                       7,                       0.009616
24,                            18,                       6,                       0.010066
24,                            17,                       7,                       0.010944
24,                            18,                       6,                       0.009864
24,                            18,                       6,                       0.009948
24,                            18,                       6,                       0.010617
24,                            17,                       7,                       0.010044
24,                            17,                       7,                       0.00963
24,                            18,                       6,                       0.01047
24,                            17,                       7,                       0.009844
24,                            18,                       6,                       0.010294
24,                            17,                       7,                       0.010285
24,                            17,                       7,                       0.00975
24,                            17,                       7,                       0.010158
24,                            17,                       7,                       0.009964
24,                            18,                       6,                       0.011003
24,                            17,                       7,                       0.010365
24,                            17,                       7,                       0.010555
24,                            17,                       7,                       0.010268
24,                            17,                       7,                       0.009886
24,                            17,                       7,                       0.009931
24,                            17,                       7,                       0.010587
24,                            18,                       6,                       0.009781
24,                            18,                       6,                       0.011297
24,                            18,                       6,                       0.010691
24,                            18,                       6,                       0.010051
24,                            18,                       6,                       0.010255
24,                            17,                       7,                       0.009698
24,                            17,                       7,                       0.010048
24,                            18,                       6,                       0.010712
24,                            18,                       6,                       0.010486
24,                            18,                       6,                       0.009982
24,                            18,                       6,                       0.010378
24,                            18,                       6,                       0.009813
24,                            17,                       7,                       0.010711
24,                            18,                       6,                       0.010843
24,                            18,                       6,                       0.010972
24,                            18,                       6,                       0.010317
24,                            18,                       6,                       0.009893
24,                            18,                       6,                       0.010553
24,                            17,                       7,                       0.010414
24,                            18,                       6,                       0.010174
24,                            17,                       7,                       0.01091
24,                            18,                       6,                       0.011085
24,                            18,                       6,                       0.009916
24,                            18,                       6,                       0.010452
24,                            17,                       7,                       0.009195
24,                            17,                       7,                       0.010178
24,                            18,                       6,                       0.010068
24,                            17,                       7,                       0.009312
24,                            17,                       7,                       0.009738
24,                            17,                       7,                       0.009718
24,                            18,                       6,                       0.010562
24,                            17,                       7,                       0.009271
24,                            18,                       6,                       0.010764
24,                            17,                       7,                       0.010833
24,                            18,                       6,                       0.009945
24,                            18,                       6,                       0.010596
24,                            18,                       6,                       0.010178
24,                            18,                       6,                       0.009993
24,                            17,                       7,                       0.010514
24,                            17,                       7,                       0.010137
24,                            18,                       6,                       0.00966
24,                            17,                       7,                       0.009535
24,                            18,                       6,                       0.010603
24,                            17,                       7,                       0.010692
24,                            17,                       7,                       0.009566
24,                            17,                       7,                       0.009963
24,                            18,                       6,                       0.011151
24,                            17,                       7,                       0.010826
24,                            18,                       6,                       0.010362
24,                            17,                       7,                       0.010537
24,                            18,                       6,                       0.009742
24,                            18,                       6,                       0.010127
24,                            18,                       6,                       0.010138
24,                            18,                       6,                       0.011784
24,                            18,                       6,                       0.009789
24,                            17,                       7,                       0.010719
24,                            17,                       7,                       0.009957
24,                            18,                       6,                       0.010167
24,                            17,                       7,                       0.010361
24,                            18,                       6,                       0.01075
24,                            18,                       6,                       0.010107
24,                            18,                       6,                       0.01029
24,                            18,                       6,                       0.01042
24,                            18,                       6,                       0.009914
24,                            18,                       6,                       0.010212
24,                            17,                       7,                       0.010292
24,                            18,                       6,                       0.009764
24,                            17,                       7,                       0.011422
24,                            17,                       7,                       0.010158
24,                            18,                       6,                       0.010163
24,                            18,                       6,                       0.01058
24,                            18,                       6,                       0.010731
24,                            18,                       6,                       0.010607
24,                            18,                       6,                       0.009948
24,                            17,                       7,                       0.009831
24,                            17,                       7,                       0.009932
24,                            18,                       6,                       0.009911
24,                            17,                       7,                       0.010008
24,                            18,                       6,                       0.009441
24,                            18,                       6,                       0.010039
24,                            17,                       7,                       0.009735
24,                            17,                       7,                       0.01067
24,                            18,                       6,                       0.010639
24,                            18,                       6,                       0.010186
24,                            17,                       7,                       0.009733
24,                            17,                       7,                       0.010679
24,                            17,                       7,                       0.009769
24,                            18,                       6,                       0.010086
24,                            18,                       6,                       0.010263
24,                            18,                       6,                       0.009548
24,                            17,                       7,                       0.010715
24,                            18,                       6,                       0.009984
24,                            17,                       7,                       0.010088
24,                            18,                       6,                       0.010076
24,                            17,                       7,                       0.01006
24,                            17,                       7,                       0.009816
24,                            17,                       7,                       0.010658
24,                            18,                       6,                       0.010772
24,                            17,                       7,                       0.010346
24,                            18,                       6,                       0.009676
24,                            18,                       6,                       0.009343
24,                            17,                       7,                       0.010189
24,                            17,                       7,                       0.01063
24,                            18,                       6,                       0.010176
24,                            17,                       7,                       0.009644
24,                            17,                       7,                       0.01039
24,                            18,                       6,                       0.010028
24,                            17,                       7,                       0.010262
24,                            18,                       6,                       0.010716
24,                            17,                       7,                       0.009628
24,                            18,                       6,                       0.009341
24,                            17,                       7,                       0.00959
24,                            17,                       7,                       0.010126
24,                            17,                       7,                       0.010206
24,                            17,                       7,                       0.00991
24,                            18,                       6,                       0.010339
24,                            18,                       6,                       0.010746
24,                            17,                       7,                       0.009352
24,                            18,                       6,                       0.00974
24,                            17,                       7,                       0.009555
24,                            17,                       7,                       0.01021
24,                            18,                       6,                       0.010964
24,                            17,                       7,                       0.010459
24,                            18,                       6,                       0.009661
24,                            17,                       7,                       0.009394
24,                            17,                       7,                       0.010868
24,                            18,                       6,                       0.01086
24,                            17,                       7,                       0.010483
24,                            17,                       7,                       0.010164
24,                            17,                       7,                       0.010113
24,                            18,                       6,                       0.010652
24,                            18,                       6,                       0.010289
24,                            18,                       6,                       0.009728
24,                            17,                       7,                       0.00935
24,                            18,                       6,                       0.010873
24,                            17,                       7,                       0.01099
24,                            17,                       7,                       0.010153
24,                            18,                       6,                       0.010391
24,                            18,                       6,                       0.010783
24,                            17,                       7,                       0.010231
24,                            17,                       7,                       0.010661
24,                            17,                       7,                       0.010464
24,                            17,                       7,                       0.010512
24,                            17,                       7,                       0.009875
24,                            17,                       7,                       0.010804
24,                            18,                       6,                       0.010421
24,                            17,                       7,                       0.010503
24,                            17,                       7,                       0.009866
24,                            17,                       7,                       0.011292
24,                            18,                       6,                       0.012382
24,                            18,                       6,                       0.010272
24,                            18,                       6,                       0.010742
24,                            17,                       7,                       0.009873
24,                            18,                       6,                       0.009926
24,                            17,                       7,                       0.011798
24,                            17,                       7,                       0.010669
24,                            18,                       6,                       0.009326
24,                            18,                       6,                       0.009898
24,                            18,                       6,                       0.010013
24,                            17,                       7,                       0.009657
24,                            17,                       7,                       0.010074
24,                            17,                       7,                       0.01064
24,                            18,                       6,                       0.009767
24,                            17,                       7,                       0.010645
24,                            17,                       7,                       0.009365
24,                            18,                       6,                       0.010055
24,                            18,                       6,                       0.010349
24,                            18,                       6,                       0.010526
24,                            17,                       7,                       0.011227
24,                            18,                       6,                       0.010991
