COMMENT : The search result by Simulated-Annealing for Cauchy_Good Fri Jan 26 18:35:48 2018

tech : Cauchy_Good
algorithm : Simulated-Annealing
k : 5
m : 4
w : 4
failed_disk_id : 0
conventional_symbol_number    optimized_symbol_number    reduced_symbol_number    time
20,                            15,                       5,                       0.002317
20,                            15,                       5,                       0.002256
20,                            15,                       5,                       0.002178
20,                            15,                       5,                       0.002228
20,                            15,                       5,                       0.002339
20,                            15,                       5,                       0.002764
20,                            15,                       5,                       0.0021
20,                            15,                       5,                       0.001532
20,                            15,                       5,                       0.002564
20,                            15,                       5,                       0.002191
20,                            15,                       5,                       0.002257
20,                            15,                       5,                       0.002351
20,                            15,                       5,                       0.003014
20,                            15,                       5,                       0.002245
20,                            15,                       5,                       0.002217
20,                            15,                       5,                       0.002246
20,                            15,                       5,                       0.001539
20,                            15,                       5,                       0.002354
20,                            15,                       5,                       0.002364
20,                            15,                       5,                       0.002728
20,                            15,                       5,                       0.002059
20,                            15,                       5,                       0.002106
20,                            15,                       5,                       0.002152
20,                            15,                       5,                       0.00224
20,                            15,                       5,                       0.00217
20,                            15,                       5,                       0.002173
20,                            15,                       5,                       0.002293
20,                            15,                       5,                       0.002269
20,                            15,                       5,                       0.002042
20,                            15,                       5,                       0.002215
20,                            15,                       5,                       0.002284
20,                            15,                       5,                       0.002237
20,                            15,                       5,                       0.002188
20,                            15,                       5,                       0.002223
20,                            15,                       5,                       0.002088
20,                            15,                       5,                       0.00213
20,                            15,                       5,                       0.002204
20,                            15,                       5,                       0.002223
20,                            15,                       5,                       0.00245
20,                            15,                       5,                       0.002173
20,                            15,                       5,                       0.002212
20,                            15,                       5,                       0.002104
20,                            15,                       5,                       0.002154
20,                            15,                       5,                       0.002105
20,                            15,                       5,                       0.002313
20,                            15,                       5,                       0.00215
20,                            15,                       5,                       0.002263
20,                            15,                       5,                       0.00217
20,                            15,                       5,                       0.00219
20,                            15,                       5,                       0.002218
20,                            15,                       5,                       0.002162
20,                            15,                       5,                       0.002226
20,                            15,                       5,                       0.002295
20,                            15,                       5,                       0.002161
20,                            15,                       5,                       0.002109
20,                            15,                       5,                       0.002165
20,                            15,                       5,                       0.002249
20,                            15,                       5,                       0.002157
20,                            15,                       5,                       0.002191
20,                            15,                       5,                       0.001524
20,                            15,                       5,                       0.002167
20,                            15,                       5,                       0.002207
20,                            15,                       5,                       0.002161
20,                            15,                       5,                       0.002131
20,                            15,                       5,                       0.00221
20,                            15,                       5,                       0.002245
20,                            15,                       5,                       0.002189
20,                            15,                       5,                       0.00219
20,                            15,                       5,                       0.002247
20,                            15,                       5,                       0.002319
20,                            15,                       5,                       0.002206
20,                            15,                       5,                       0.002198
20,                            15,                       5,                       0.002262
20,                            15,                       5,                       0.00223
20,                            15,                       5,                       0.002129
20,                            15,                       5,                       0.002116
20,                            15,                       5,                       0.002113
20,                            15,                       5,                       0.002763
20,                            15,                       5,                       0.002273
20,                            15,                       5,                       0.002244
20,                            15,                       5,                       0.002184
20,                            15,                       5,                       0.002179
20,                            15,                       5,                       0.001511
20,                            15,                       5,                       0.001981
20,                            15,                       5,                       0.002261
20,                            15,                       5,                       0.002128
20,                            15,                       5,                       0.002474
20,                            15,                       5,                       0.002224
20,                            15,                       5,                       0.002511
20,                            15,                       5,                       0.002187
20,                            15,                       5,                       0.002083
20,                            15,                       5,                       0.002035
20,                            15,                       5,                       0.002119
20,                            15,                       5,                       0.002287
20,                            15,                       5,                       0.00228
20,                            15,                       5,                       0.002304
20,                            15,                       5,                       0.002268
20,                            15,                       5,                       0.002563
20,                            15,                       5,                       0.002596
20,                            15,                       5,                       0.002177
20,                            15,                       5,                       0.002804
20,                            15,                       5,                       0.00212
20,                            15,                       5,                       0.002135
20,                            15,                       5,                       0.002238
20,                            15,                       5,                       0.002199
20,                            15,                       5,                       0.002133
20,                            15,                       5,                       0.002256
20,                            15,                       5,                       0.002126
20,                            15,                       5,                       0.002412
20,                            15,                       5,                       0.002286
20,                            15,                       5,                       0.002571
20,                            15,                       5,                       0.002193
20,                            15,                       5,                       0.002343
20,                            15,                       5,                       0.002128
20,                            15,                       5,                       0.002135
20,                            15,                       5,                       0.002389
20,                            15,                       5,                       0.002101
20,                            15,                       5,                       0.002107
20,                            15,                       5,                       0.002108
20,                            15,                       5,                       0.002308
20,                            15,                       5,                       0.002299
20,                            15,                       5,                       0.002393
20,                            15,                       5,                       0.002193
20,                            15,                       5,                       0.002244
20,                            15,                       5,                       0.002201
20,                            15,                       5,                       0.002129
20,                            15,                       5,                       0.002095
20,                            15,                       5,                       0.002205
20,                            15,                       5,                       0.002458
20,                            15,                       5,                       0.002199
20,                            15,                       5,                       0.002182
20,                            15,                       5,                       0.002304
20,                            15,                       5,                       0.002224
20,                            15,                       5,                       0.002513
20,                            15,                       5,                       0.002018
20,                            15,                       5,                       0.002262
20,                            15,                       5,                       0.002185
20,                            15,                       5,                       0.002302
20,                            15,                       5,                       0.00217
20,                            15,                       5,                       0.00279
20,                            15,                       5,                       0.002082
20,                            15,                       5,                       0.00214
20,                            15,                       5,                       0.002076
20,                            15,                       5,                       0.002185
20,                            15,                       5,                       0.002199
20,                            15,                       5,                       0.002176
20,                            15,                       5,                       0.00222
20,                            15,                       5,                       0.002659
20,                            15,                       5,                       0.002239
20,                            15,                       5,                       0.002364
20,                            15,                       5,                       0.002185
20,                            15,                       5,                       0.002389
20,                            15,                       5,                       0.00225
20,                            15,                       5,                       0.002227
20,                            15,                       5,                       0.002208
20,                            15,                       5,                       0.002126
20,                            15,                       5,                       0.002397
20,                            15,                       5,                       0.002172
20,                            15,                       5,                       0.002244
20,                            15,                       5,                       0.002133
20,                            15,                       5,                       0.002154
20,                            15,                       5,                       0.002103
20,                            15,                       5,                       0.002071
20,                            15,                       5,                       0.00222
20,                            15,                       5,                       0.002333
20,                            15,                       5,                       0.002175
20,                            15,                       5,                       0.002245
20,                            15,                       5,                       0.002317
20,                            15,                       5,                       0.002202
20,                            15,                       5,                       0.002342
20,                            15,                       5,                       0.002268
20,                            15,                       5,                       0.002156
20,                            15,                       5,                       0.002174
20,                            15,                       5,                       0.002042
20,                            15,                       5,                       0.002186
20,                            15,                       5,                       0.002447
20,                            15,                       5,                       0.002187
20,                            15,                       5,                       0.002172
20,                            15,                       5,                       0.002191
20,                            15,                       5,                       0.002011
20,                            15,                       5,                       0.00217
20,                            15,                       5,                       0.002207
20,                            15,                       5,                       0.002183
20,                            15,                       5,                       0.002233
20,                            15,                       5,                       0.002109
20,                            15,                       5,                       0.002085
20,                            15,                       5,                       0.002139
20,                            15,                       5,                       0.00212
20,                            15,                       5,                       0.002167
20,                            15,                       5,                       0.002046
20,                            15,                       5,                       0.00213
20,                            15,                       5,                       0.002221
20,                            15,                       5,                       0.002119
20,                            15,                       5,                       0.002109
20,                            15,                       5,                       0.002151
20,                            15,                       5,                       0.002315
20,                            15,                       5,                       0.002137
20,                            15,                       5,                       0.00213
20,                            15,                       5,                       0.002426
20,                            15,                       5,                       0.002183
20,                            15,                       5,                       0.002161
20,                            15,                       5,                       0.001974
20,                            15,                       5,                       0.002452
20,                            15,                       5,                       0.00223
20,                            15,                       5,                       0.002126
20,                            15,                       5,                       0.002051
20,                            15,                       5,                       0.002099
20,                            15,                       5,                       0.00241
20,                            15,                       5,                       0.001531
20,                            15,                       5,                       0.002126
20,                            15,                       5,                       0.00222
20,                            15,                       5,                       0.002119
20,                            15,                       5,                       0.002105
20,                            15,                       5,                       0.00146
20,                            15,                       5,                       0.002499
20,                            15,                       5,                       0.002197
20,                            15,                       5,                       0.002075
20,                            15,                       5,                       0.002112
20,                            15,                       5,                       0.002151
20,                            15,                       5,                       0.001486
20,                            15,                       5,                       0.002143
20,                            15,                       5,                       0.002357
20,                            15,                       5,                       0.00212
20,                            15,                       5,                       0.002456
20,                            15,                       5,                       0.002162
20,                            15,                       5,                       0.002111
20,                            15,                       5,                       0.002094
20,                            15,                       5,                       0.003013
20,                            15,                       5,                       0.002281
20,                            15,                       5,                       0.002675
20,                            15,                       5,                       0.002156
20,                            15,                       5,                       0.002095
20,                            15,                       5,                       0.002085
20,                            15,                       5,                       0.002131
20,                            15,                       5,                       0.002211
20,                            15,                       5,                       0.00209
20,                            15,                       5,                       0.002152
20,                            15,                       5,                       0.002527
20,                            15,                       5,                       0.002129
20,                            15,                       5,                       0.00211
20,                            15,                       5,                       0.002258
20,                            15,                       5,                       0.002099
20,                            15,                       5,                       0.002252
20,                            15,                       5,                       0.002406
20,                            15,                       5,                       0.002557
20,                            15,                       5,                       0.00221
20,                            15,                       5,                       0.001511
20,                            15,                       5,                       0.002161
20,                            15,                       5,                       0.002292
20,                            15,                       5,                       0.002032
20,                            15,                       5,                       0.002133
20,                            15,                       5,                       0.002216
20,                            15,                       5,                       0.002149
20,                            15,                       5,                       0.002089
20,                            15,                       5,                       0.002107
20,                            15,                       5,                       0.002158
20,                            15,                       5,                       0.002031
20,                            15,                       5,                       0.002151
20,                            15,                       5,                       0.002165
20,                            15,                       5,                       0.00284
20,                            15,                       5,                       0.002138
20,                            15,                       5,                       0.002181
20,                            15,                       5,                       0.002289
20,                            15,                       5,                       0.002095
20,                            15,                       5,                       0.002162
20,                            15,                       5,                       0.002684
20,                            15,                       5,                       0.001485
20,                            15,                       5,                       0.002191
20,                            15,                       5,                       0.002342
20,                            15,                       5,                       0.002102
20,                            15,                       5,                       0.002291
20,                            15,                       5,                       0.002101
20,                            15,                       5,                       0.002221
20,                            15,                       5,                       0.002048
20,                            15,                       5,                       0.002126
20,                            15,                       5,                       0.002193
20,                            15,                       5,                       0.002162
20,                            15,                       5,                       0.002384
20,                            15,                       5,                       0.002144
20,                            15,                       5,                       0.001566
20,                            15,                       5,                       0.002051
20,                            15,                       5,                       0.002257
20,                            15,                       5,                       0.002199
20,                            15,                       5,                       0.002145
20,                            15,                       5,                       0.002712
20,                            15,                       5,                       0.00221
20,                            15,                       5,                       0.0021
20,                            15,                       5,                       0.002209
20,                            15,                       5,                       0.002167
20,                            15,                       5,                       0.002655
20,                            15,                       5,                       0.00226
20,                            15,                       5,                       0.002107
20,                            15,                       5,                       0.002147
20,                            15,                       5,                       0.002187
20,                            15,                       5,                       0.002239
20,                            15,                       5,                       0.002128
20,                            15,                       5,                       0.002137
20,                            15,                       5,                       0.002262
20,                            15,                       5,                       0.002159
20,                            15,                       5,                       0.002148
