COMMENT : The search result by Simulated-Annealing for Cauchy_Good Wed Jan 31 15:56:35 2018

tech : Cauchy_Good
algorithm : Simulated-Annealing
k : 6
m : 3
w : 10
failed_disk_id : 0
conventional_symbol_number    optimized_symbol_number    reduced_symbol_number    time
60,                            48,                       12,                       2.46296
60,                            47,                       13,                       2.13313
60,                            47,                       13,                       1.05503
60,                            46,                       14,                       1.09609
60,                            47,                       13,                       2.09019
60,                            49,                       11,                       2.2445
60,                            46,                       14,                       2.12792
60,                            46,                       14,                       2.12134
60,                            47,                       13,                       2.50372
60,                            47,                       13,                       1.10605
60,                            47,                       13,                       2.39196
60,                            48,                       12,                       3.38285
60,                            47,                       13,                       2.4424
60,                            46,                       14,                       2.33388
60,                            46,                       14,                       2.12535
60,                            47,                       13,                       2.32315
60,                            48,                       12,                       2.33443
60,                            48,                       12,                       2.37579
60,                            47,                       13,                       1.05148
60,                            47,                       13,                       2.17056
60,                            47,                       13,                       2.13281
60,                            46,                       14,                       2.10586
60,                            47,                       13,                       1.08072
60,                            46,                       14,                       2.0617
60,                            47,                       13,                       2.69181
60,                            47,                       13,                       1.2154
60,                            47,                       13,                       1.02456
60,                            46,                       14,                       1.05862
60,                            47,                       13,                       1.08198
60,                            47,                       13,                       1.10031
60,                            47,                       13,                       2.14493
60,                            46,                       14,                       2.38167
60,                            46,                       14,                       2.41143
60,                            47,                       13,                       2.28245
60,                            47,                       13,                       1.07669
60,                            48,                       12,                       2.32293
60,                            48,                       12,                       2.36231
60,                            47,                       13,                       2.23952
60,                            46,                       14,                       2.28626
60,                            46,                       14,                       2.46294
60,                            47,                       13,                       1.09424
60,                            47,                       13,                       2.08993
60,                            46,                       14,                       2.38673
60,                            47,                       13,                       2.13058
60,                            46,                       14,                       2.06605
60,                            46,                       14,                       2.06069
60,                            46,                       14,                       2.10155
60,                            47,                       13,                       1.09727
60,                            47,                       13,                       1.05651
60,                            47,                       13,                       1.07095
60,                            48,                       12,                       3.14644
60,                            48,                       12,                       2.46542
60,                            46,                       14,                       2.04739
60,                            46,                       14,                       2.40219
60,                            47,                       13,                       2.17264
60,                            48,                       12,                       1.19203
60,                            46,                       14,                       1.99872
60,                            47,                       13,                       2.13376
60,                            47,                       13,                       1.07384
60,                            46,                       14,                       2.07352
60,                            47,                       13,                       1.0875
60,                            47,                       13,                       2.12437
60,                            47,                       13,                       2.24464
60,                            47,                       13,                       2.12527
60,                            48,                       12,                       2.41431
60,                            48,                       12,                       2.26918
60,                            47,                       13,                       1.06458
60,                            46,                       14,                       2.03045
60,                            49,                       11,                       2.30622
60,                            47,                       13,                       2.08144
60,                            47,                       13,                       1.06322
60,                            48,                       12,                       2.46916
60,                            47,                       13,                       1.06395
60,                            47,                       13,                       1.06352
60,                            46,                       14,                       2.09361
60,                            47,                       13,                       1.08587
60,                            47,                       13,                       1.23676
60,                            47,                       13,                       1.08231
60,                            48,                       12,                       2.33403
60,                            48,                       12,                       2.41718
60,                            46,                       14,                       2.39033
60,                            46,                       14,                       2.04646
60,                            47,                       13,                       1.07369
60,                            47,                       13,                       2.36101
60,                            47,                       13,                       1.25276
60,                            47,                       13,                       1.10812
60,                            47,                       13,                       1.08381
60,                            46,                       14,                       2.09426
60,                            47,                       13,                       2.15892
60,                            47,                       13,                       1.19691
60,                            47,                       13,                       2.64644
60,                            47,                       13,                       2.41017
60,                            48,                       12,                       2.63328
60,                            47,                       13,                       1.09029
60,                            47,                       13,                       2.19896
60,                            47,                       13,                       1.04401
60,                            47,                       13,                       2.14882
60,                            47,                       13,                       1.09265
60,                            47,                       13,                       1.08267
60,                            47,                       13,                       1.05205
60,                            47,                       13,                       2.10629
60,                            47,                       13,                       2.3624
60,                            47,                       13,                       2.51508
60,                            47,                       13,                       2.1412
60,                            47,                       13,                       2.15797
60,                            47,                       13,                       2.21914
60,                            48,                       12,                       3.19934
60,                            47,                       13,                       1.02756
60,                            46,                       14,                       2.25643
60,                            47,                       13,                       1.03333
60,                            46,                       14,                       2.38168
60,                            48,                       12,                       2.58033
60,                            47,                       13,                       2.17065
60,                            47,                       13,                       1.19868
60,                            46,                       14,                       2.10303
60,                            47,                       13,                       1.09661
60,                            47,                       13,                       1.08388
60,                            47,                       13,                       1.13017
60,                            47,                       13,                       1.06274
60,                            47,                       13,                       1.0927
60,                            48,                       12,                       2.38559
60,                            47,                       13,                       1.1146
60,                            48,                       12,                       3.20374
60,                            46,                       14,                       1.12612
60,                            47,                       13,                       1.21439
60,                            47,                       13,                       2.42129
60,                            47,                       13,                       2.19709
60,                            47,                       13,                       1.11803
60,                            48,                       12,                       2.7002
60,                            47,                       13,                       2.28823
60,                            47,                       13,                       1.23795
60,                            46,                       14,                       2.4902
60,                            47,                       13,                       2.27131
60,                            46,                       14,                       2.16844
60,                            47,                       13,                       2.1579
60,                            48,                       12,                       2.6162
60,                            47,                       13,                       2.80127
60,                            47,                       13,                       2.17353
60,                            47,                       13,                       2.50662
60,                            48,                       12,                       2.64364
60,                            47,                       13,                       2.88894
60,                            46,                       14,                       2.05834
60,                            47,                       13,                       2.29503
60,                            47,                       13,                       1.08233
60,                            49,                       11,                       2.34818
60,                            49,                       11,                       1.10761
60,                            47,                       13,                       2.10303
60,                            46,                       14,                       2.15287
60,                            47,                       13,                       1.07399
60,                            48,                       12,                       1.23197
60,                            46,                       14,                       2.40039
60,                            46,                       14,                       2.5266
60,                            47,                       13,                       1.24822
60,                            47,                       13,                       2.42758
60,                            47,                       13,                       1.07021
60,                            47,                       13,                       1.03297
60,                            47,                       13,                       3.05081
60,                            47,                       13,                       2.12092
60,                            47,                       13,                       1.04518
60,                            47,                       13,                       2.74969
60,                            46,                       14,                       1.98845
60,                            46,                       14,                       2.20543
60,                            47,                       13,                       1.25861
60,                            46,                       14,                       2.14409
60,                            47,                       13,                       1.09666
60,                            46,                       14,                       2.06823
60,                            47,                       13,                       1.07322
60,                            47,                       13,                       2.18689
60,                            47,                       13,                       2.20674
60,                            46,                       14,                       2.20398
60,                            46,                       14,                       2.13703
60,                            46,                       14,                       1.97817
60,                            47,                       13,                       2.11444
60,                            49,                       11,                       2.43603
60,                            47,                       13,                       1.07299
60,                            47,                       13,                       1.05874
60,                            46,                       14,                       2.17737
60,                            47,                       13,                       2.15348
60,                            46,                       14,                       1.07943
60,                            47,                       13,                       2.14895
60,                            47,                       13,                       2.14357
60,                            46,                       14,                       2.04722
60,                            47,                       13,                       1.09692
60,                            47,                       13,                       1.06841
60,                            46,                       14,                       2.1854
60,                            46,                       14,                       2.11566
60,                            47,                       13,                       1.06062
60,                            46,                       14,                       1.98308
60,                            46,                       14,                       2.01861
60,                            47,                       13,                       1.11139
60,                            47,                       13,                       1.10111
60,                            47,                       13,                       1.21377
60,                            48,                       12,                       2.35493
60,                            48,                       12,                       2.3229
60,                            47,                       13,                       2.18529
60,                            48,                       12,                       2.49491
60,                            47,                       13,                       1.12616
60,                            47,                       13,                       2.14153
60,                            46,                       14,                       2.10492
60,                            46,                       14,                       2.41278
60,                            46,                       14,                       2.07378
60,                            47,                       13,                       1.08167
60,                            47,                       13,                       1.09677
60,                            48,                       12,                       2.34358
60,                            47,                       13,                       2.09174
60,                            47,                       13,                       2.15525
60,                            47,                       13,                       1.05717
60,                            47,                       13,                       2.30337
60,                            46,                       14,                       2.05333
60,                            47,                       13,                       2.16464
60,                            46,                       14,                       2.14547
60,                            47,                       13,                       1.06855
60,                            47,                       13,                       1.23096
60,                            46,                       14,                       2.04075
60,                            47,                       13,                       1.09056
60,                            47,                       13,                       2.19057
60,                            46,                       14,                       2.04164
60,                            47,                       13,                       2.20512
60,                            48,                       12,                       2.31892
60,                            47,                       13,                       1.23249
60,                            46,                       14,                       2.38537
60,                            47,                       13,                       1.07216
60,                            47,                       13,                       1.09126
60,                            48,                       12,                       3.13846
60,                            47,                       13,                       2.07383
60,                            46,                       14,                       2.36445
60,                            46,                       14,                       1.03517
60,                            47,                       13,                       1.07086
60,                            46,                       14,                       2.07914
60,                            46,                       14,                       1.10056
60,                            47,                       13,                       2.24776
60,                            47,                       13,                       2.10962
60,                            47,                       13,                       1.09634
60,                            46,                       14,                       2.34785
60,                            47,                       13,                       1.09423
60,                            46,                       14,                       2.52843
60,                            47,                       13,                       1.05431
60,                            47,                       13,                       2.13054
60,                            47,                       13,                       1.21843
60,                            47,                       13,                       2.10414
60,                            46,                       14,                       2.04053
60,                            46,                       14,                       2.05814
60,                            47,                       13,                       2.12446
60,                            47,                       13,                       1.07112
60,                            47,                       13,                       1.05385
60,                            47,                       13,                       1.07969
60,                            47,                       13,                       2.17746
60,                            46,                       14,                       2.18438
60,                            48,                       12,                       1.21984
60,                            47,                       13,                       2.41071
60,                            46,                       14,                       2.36417
60,                            47,                       13,                       2.14773
60,                            46,                       14,                       2.04725
60,                            46,                       14,                       2.03785
60,                            47,                       13,                       2.28291
60,                            46,                       14,                       2.05998
60,                            49,                       11,                       1.10752
60,                            47,                       13,                       1.07852
60,                            46,                       14,                       2.06033
60,                            47,                       13,                       2.26865
60,                            47,                       13,                       2.17233
60,                            47,                       13,                       1.07821
60,                            47,                       13,                       1.08658
60,                            47,                       13,                       1.0943
60,                            47,                       13,                       1.08664
60,                            47,                       13,                       1.08989
60,                            47,                       13,                       1.06081
60,                            47,                       13,                       2.20571
60,                            46,                       14,                       2.07019
60,                            46,                       14,                       2.0831
60,                            47,                       13,                       2.11814
60,                            48,                       12,                       2.33984
60,                            48,                       12,                       1.10591
60,                            48,                       12,                       2.38127
60,                            49,                       11,                       1.11879
60,                            46,                       14,                       1.97653
60,                            47,                       13,                       1.07133
60,                            47,                       13,                       2.42449
60,                            46,                       14,                       1.21446
60,                            47,                       13,                       3.16018
60,                            47,                       13,                       2.33792
60,                            48,                       12,                       2.4211
60,                            48,                       12,                       1.22839
60,                            47,                       13,                       1.08387
60,                            47,                       13,                       2.16108
60,                            46,                       14,                       2.40629
60,                            47,                       13,                       1.27691
60,                            47,                       13,                       1.11324
60,                            48,                       12,                       2.29126
60,                            46,                       14,                       2.03059
60,                            47,                       13,                       1.22602
60,                            47,                       13,                       1.08322
60,                            47,                       13,                       1.09062
60,                            47,                       13,                       1.23355
60,                            46,                       14,                       2.08061
60,                            47,                       13,                       2.32041
60,                            47,                       13,                       1.09607
60,                            46,                       14,                       2.37291
60,                            47,                       13,                       2.11126
60,                            48,                       12,                       3.43934
