COMMENT : The search result by Simulated-Annealing for Cauchy_Good Fri Jan 26 18:35:58 2018

tech : Cauchy_Good
algorithm : Simulated-Annealing
k : 8
m : 7
w : 5
failed_disk_id : 0
conventional_symbol_number    optimized_symbol_number    reduced_symbol_number    time
40,                            30,                       10,                       0.019746
40,                            31,                       9,                       0.01884
40,                            30,                       10,                       0.02108
40,                            30,                       10,                       0.018379
40,                            31,                       9,                       0.018819
40,                            30,                       10,                       0.019885
40,                            30,                       10,                       0.017748
40,                            31,                       9,                       0.018929
40,                            31,                       9,                       0.018534
40,                            30,                       10,                       0.023652
40,                            30,                       10,                       0.019067
40,                            30,                       10,                       0.018267
40,                            31,                       9,                       0.01997
40,                            32,                       8,                       0.020108
40,                            30,                       10,                       0.017937
40,                            31,                       9,                       0.018552
40,                            32,                       8,                       0.01891
40,                            31,                       9,                       0.02173
40,                            32,                       8,                       0.019937
40,                            30,                       10,                       0.020081
40,                            31,                       9,                       0.019134
40,                            30,                       10,                       0.020775
40,                            33,                       7,                       0.018572
40,                            31,                       9,                       0.02318
40,                            31,                       9,                       0.017632
40,                            30,                       10,                       0.018073
40,                            30,                       10,                       0.01912
40,                            31,                       9,                       0.019289
40,                            30,                       10,                       0.017702
40,                            30,                       10,                       0.020044
40,                            30,                       10,                       0.018107
40,                            30,                       10,                       0.017835
40,                            31,                       9,                       0.017324
40,                            30,                       10,                       0.018176
40,                            30,                       10,                       0.017427
40,                            30,                       10,                       0.020222
40,                            30,                       10,                       0.017881
40,                            30,                       10,                       0.018136
40,                            30,                       10,                       0.019208
40,                            30,                       10,                       0.019321
40,                            30,                       10,                       0.018989
40,                            30,                       10,                       0.019467
40,                            30,                       10,                       0.018228
40,                            30,                       10,                       0.017957
40,                            32,                       8,                       0.019145
40,                            30,                       10,                       0.019534
40,                            31,                       9,                       0.017449
40,                            30,                       10,                       0.019171
40,                            30,                       10,                       0.017536
40,                            30,                       10,                       0.019138
40,                            30,                       10,                       0.017457
40,                            30,                       10,                       0.019213
40,                            30,                       10,                       0.017941
40,                            30,                       10,                       0.018516
40,                            30,                       10,                       0.018062
40,                            30,                       10,                       0.018835
40,                            31,                       9,                       0.018417
40,                            30,                       10,                       0.018789
40,                            30,                       10,                       0.017032
40,                            30,                       10,                       0.017991
40,                            30,                       10,                       0.017412
40,                            30,                       10,                       0.018493
40,                            30,                       10,                       0.017671
40,                            30,                       10,                       0.019674
40,                            30,                       10,                       0.018789
40,                            30,                       10,                       0.02052
40,                            31,                       9,                       0.017821
40,                            30,                       10,                       0.020205
40,                            31,                       9,                       0.018074
40,                            30,                       10,                       0.020306
40,                            30,                       10,                       0.017735
40,                            32,                       8,                       0.020215
40,                            30,                       10,                       0.017925
40,                            30,                       10,                       0.018459
40,                            30,                       10,                       0.017213
40,                            30,                       10,                       0.018948
40,                            30,                       10,                       0.019482
40,                            30,                       10,                       0.018809
40,                            30,                       10,                       0.01947
40,                            30,                       10,                       0.020256
40,                            31,                       9,                       0.021913
40,                            30,                       10,                       0.017325
40,                            30,                       10,                       0.018177
40,                            30,                       10,                       0.019042
40,                            30,                       10,                       0.018478
40,                            32,                       8,                       0.017702
40,                            30,                       10,                       0.018922
40,                            31,                       9,                       0.017863
40,                            30,                       10,                       0.019108
40,                            31,                       9,                       0.018286
40,                            30,                       10,                       0.019265
40,                            30,                       10,                       0.018429
40,                            30,                       10,                       0.018595
40,                            30,                       10,                       0.017563
40,                            30,                       10,                       0.019634
40,                            30,                       10,                       0.018029
40,                            30,                       10,                       0.019606
40,                            30,                       10,                       0.019805
40,                            30,                       10,                       0.01742
40,                            32,                       8,                       0.019446
40,                            30,                       10,                       0.017726
40,                            32,                       8,                       0.019554
40,                            30,                       10,                       0.017926
40,                            30,                       10,                       0.017923
40,                            31,                       9,                       0.018156
40,                            30,                       10,                       0.021351
40,                            30,                       10,                       0.017852
40,                            30,                       10,                       0.019247
40,                            30,                       10,                       0.019085
40,                            30,                       10,                       0.019459
40,                            30,                       10,                       0.018196
40,                            30,                       10,                       0.018316
40,                            30,                       10,                       0.019941
40,                            30,                       10,                       0.018433
40,                            31,                       9,                       0.01913
40,                            30,                       10,                       0.018534
40,                            31,                       9,                       0.018073
40,                            30,                       10,                       0.017708
40,                            30,                       10,                       0.01799
40,                            32,                       8,                       0.017051
40,                            30,                       10,                       0.018727
40,                            30,                       10,                       0.018867
40,                            30,                       10,                       0.018445
40,                            30,                       10,                       0.019318
40,                            30,                       10,                       0.019842
40,                            30,                       10,                       0.018845
40,                            30,                       10,                       0.018017
40,                            30,                       10,                       0.018738
40,                            31,                       9,                       0.018209
40,                            30,                       10,                       0.019628
40,                            32,                       8,                       0.01827
40,                            30,                       10,                       0.017568
40,                            30,                       10,                       0.018382
40,                            31,                       9,                       0.018304
40,                            30,                       10,                       0.019383
40,                            30,                       10,                       0.019096
40,                            30,                       10,                       0.017443
40,                            30,                       10,                       0.018929
40,                            30,                       10,                       0.017892
40,                            30,                       10,                       0.018961
40,                            30,                       10,                       0.017484
40,                            30,                       10,                       0.019353
40,                            31,                       9,                       0.018137
40,                            31,                       9,                       0.017979
40,                            31,                       9,                       0.018693
40,                            30,                       10,                       0.017232
40,                            30,                       10,                       0.018951
40,                            32,                       8,                       0.019144
40,                            31,                       9,                       0.01793
40,                            32,                       8,                       0.018638
40,                            30,                       10,                       0.017836
40,                            30,                       10,                       0.019253
40,                            32,                       8,                       0.017247
40,                            30,                       10,                       0.017568
40,                            31,                       9,                       0.018281
40,                            30,                       10,                       0.018886
40,                            30,                       10,                       0.018297
40,                            32,                       8,                       0.01865
40,                            31,                       9,                       0.018652
40,                            30,                       10,                       0.018285
40,                            30,                       10,                       0.018193
40,                            30,                       10,                       0.017356
40,                            30,                       10,                       0.019152
40,                            30,                       10,                       0.018051
40,                            31,                       9,                       0.018667
40,                            32,                       8,                       0.02021
40,                            30,                       10,                       0.018694
40,                            30,                       10,                       0.018734
40,                            30,                       10,                       0.018102
40,                            30,                       10,                       0.018851
40,                            30,                       10,                       0.019028
40,                            30,                       10,                       0.02024
40,                            30,                       10,                       0.018348
40,                            30,                       10,                       0.019009
40,                            30,                       10,                       0.017849
40,                            30,                       10,                       0.017933
40,                            30,                       10,                       0.017825
40,                            31,                       9,                       0.018531
40,                            30,                       10,                       0.019011
40,                            30,                       10,                       0.019196
40,                            30,                       10,                       0.018561
40,                            30,                       10,                       0.019562
40,                            30,                       10,                       0.019563
40,                            32,                       8,                       0.018384
40,                            30,                       10,                       0.017731
40,                            30,                       10,                       0.01945
40,                            30,                       10,                       0.019209
40,                            30,                       10,                       0.017343
40,                            30,                       10,                       0.019531
40,                            30,                       10,                       0.018733
40,                            30,                       10,                       0.019038
40,                            30,                       10,                       0.018318
40,                            30,                       10,                       0.018502
40,                            30,                       10,                       0.019033
40,                            30,                       10,                       0.02049
40,                            32,                       8,                       0.017878
40,                            31,                       9,                       0.017814
40,                            31,                       9,                       0.0188
40,                            30,                       10,                       0.018854
40,                            30,                       10,                       0.018863
40,                            31,                       9,                       0.01884
40,                            30,                       10,                       0.018403
40,                            30,                       10,                       0.017924
40,                            33,                       7,                       0.019658
40,                            30,                       10,                       0.017923
40,                            30,                       10,                       0.018163
40,                            31,                       9,                       0.018301
40,                            31,                       9,                       0.018104
40,                            32,                       8,                       0.018424
40,                            30,                       10,                       0.018194
40,                            30,                       10,                       0.018567
40,                            30,                       10,                       0.019837
40,                            30,                       10,                       0.017352
40,                            30,                       10,                       0.017977
40,                            31,                       9,                       0.018546
40,                            30,                       10,                       0.019063
40,                            30,                       10,                       0.01859
40,                            30,                       10,                       0.018946
40,                            31,                       9,                       0.017777
40,                            30,                       10,                       0.017915
40,                            30,                       10,                       0.018642
40,                            30,                       10,                       0.018312
40,                            30,                       10,                       0.020079
40,                            30,                       10,                       0.019968
40,                            30,                       10,                       0.018481
40,                            30,                       10,                       0.02023
40,                            33,                       7,                       0.019072
40,                            30,                       10,                       0.018463
40,                            30,                       10,                       0.01929
40,                            31,                       9,                       0.017257
40,                            30,                       10,                       0.018089
40,                            30,                       10,                       0.018554
40,                            30,                       10,                       0.019326
40,                            32,                       8,                       0.019229
40,                            30,                       10,                       0.018624
40,                            30,                       10,                       0.018318
40,                            32,                       8,                       0.017512
40,                            30,                       10,                       0.018035
40,                            31,                       9,                       0.017548
40,                            30,                       10,                       0.018047
40,                            30,                       10,                       0.019125
40,                            30,                       10,                       0.018859
40,                            30,                       10,                       0.019396
40,                            30,                       10,                       0.019259
40,                            30,                       10,                       0.01881
40,                            30,                       10,                       0.019324
40,                            30,                       10,                       0.018569
40,                            30,                       10,                       0.019215
40,                            30,                       10,                       0.019198
40,                            30,                       10,                       0.018561
40,                            30,                       10,                       0.017918
40,                            30,                       10,                       0.018415
40,                            31,                       9,                       0.018485
40,                            30,                       10,                       0.018008
40,                            30,                       10,                       0.019486
40,                            30,                       10,                       0.017512
40,                            30,                       10,                       0.019036
40,                            30,                       10,                       0.017892
40,                            32,                       8,                       0.01824
40,                            30,                       10,                       0.020169
40,                            30,                       10,                       0.018501
40,                            30,                       10,                       0.019163
40,                            30,                       10,                       0.017591
40,                            32,                       8,                       0.017733
40,                            30,                       10,                       0.018379
40,                            30,                       10,                       0.018743
40,                            30,                       10,                       0.019053
40,                            30,                       10,                       0.018054
40,                            30,                       10,                       0.017941
40,                            30,                       10,                       0.019165
40,                            30,                       10,                       0.01807
40,                            30,                       10,                       0.019555
40,                            30,                       10,                       0.018902
40,                            30,                       10,                       0.01855
40,                            30,                       10,                       0.018966
40,                            30,                       10,                       0.018542
40,                            32,                       8,                       0.019936
40,                            30,                       10,                       0.019405
40,                            30,                       10,                       0.017728
40,                            30,                       10,                       0.018186
40,                            30,                       10,                       0.01849
40,                            30,                       10,                       0.019223
40,                            31,                       9,                       0.017747
40,                            30,                       10,                       0.019543
40,                            30,                       10,                       0.017515
40,                            30,                       10,                       0.018941
40,                            30,                       10,                       0.018471
40,                            30,                       10,                       0.019122
40,                            30,                       10,                       0.018585
40,                            31,                       9,                       0.017709
40,                            30,                       10,                       0.018611
40,                            30,                       10,                       0.018456
40,                            30,                       10,                       0.019323
40,                            30,                       10,                       0.021678
40,                            30,                       10,                       0.020116
40,                            31,                       9,                       0.018359
40,                            30,                       10,                       0.018556
40,                            31,                       9,                       0.01762
40,                            30,                       10,                       0.018792
40,                            31,                       9,                       0.018287
