COMMENT : The search result by Simulated-Annealing for Cauchy_Good Fri Jan 26 18:35:54 2018

tech : Cauchy_Good
algorithm : Simulated-Annealing
k : 8
m : 2
w : 4
failed_disk_id : 0
conventional_symbol_number    optimized_symbol_number    reduced_symbol_number    time
32,                            26,                       6,                       0.001634
32,                            26,                       6,                       0.001665
32,                            26,                       6,                       0.001655
32,                            26,                       6,                       0.001615
32,                            26,                       6,                       0.001651
32,                            26,                       6,                       0.001615
32,                            26,                       6,                       0.001631
32,                            26,                       6,                       0.002149
32,                            26,                       6,                       0.001596
32,                            26,                       6,                       0.00161
32,                            26,                       6,                       0.001663
32,                            26,                       6,                       0.002519
32,                            26,                       6,                       0.001896
32,                            26,                       6,                       0.001618
32,                            26,                       6,                       0.001622
32,                            26,                       6,                       0.001631
32,                            26,                       6,                       0.001616
32,                            26,                       6,                       0.001617
32,                            26,                       6,                       0.001699
32,                            26,                       6,                       0.001533
32,                            26,                       6,                       0.002115
32,                            26,                       6,                       0.001611
32,                            26,                       6,                       0.001538
32,                            26,                       6,                       0.001632
32,                            26,                       6,                       0.001778
32,                            26,                       6,                       0.001617
32,                            26,                       6,                       0.001605
32,                            26,                       6,                       0.001636
32,                            26,                       6,                       0.001558
32,                            26,                       6,                       0.001874
32,                            26,                       6,                       0.001537
32,                            26,                       6,                       0.001857
32,                            26,                       6,                       0.001512
32,                            26,                       6,                       0.001526
32,                            26,                       6,                       0.001689
32,                            26,                       6,                       0.001634
32,                            26,                       6,                       0.001626
32,                            26,                       6,                       0.001544
32,                            26,                       6,                       0.001597
32,                            26,                       6,                       0.001531
32,                            26,                       6,                       0.001563
32,                            26,                       6,                       0.001649
32,                            26,                       6,                       0.001684
32,                            26,                       6,                       0.001659
32,                            26,                       6,                       0.00159
32,                            26,                       6,                       0.0016
32,                            26,                       6,                       0.001593
32,                            26,                       6,                       0.00156
32,                            26,                       6,                       0.001528
32,                            26,                       6,                       0.001639
32,                            26,                       6,                       0.001608
32,                            26,                       6,                       0.001584
32,                            26,                       6,                       0.001635
32,                            26,                       6,                       0.001541
32,                            26,                       6,                       0.001582
32,                            26,                       6,                       0.001634
32,                            26,                       6,                       0.001625
32,                            26,                       6,                       0.00154
32,                            26,                       6,                       0.001799
32,                            26,                       6,                       0.001629
32,                            26,                       6,                       0.001559
32,                            26,                       6,                       0.001982
32,                            26,                       6,                       0.001655
32,                            26,                       6,                       0.001579
32,                            26,                       6,                       0.001687
32,                            26,                       6,                       0.001603
32,                            26,                       6,                       0.001635
32,                            26,                       6,                       0.00159
32,                            26,                       6,                       0.001583
32,                            26,                       6,                       0.002407
32,                            26,                       6,                       0.001599
32,                            26,                       6,                       0.001591
32,                            26,                       6,                       0.001593
32,                            26,                       6,                       0.001568
32,                            26,                       6,                       0.001604
32,                            26,                       6,                       0.001548
32,                            26,                       6,                       0.001621
32,                            26,                       6,                       0.00164
32,                            26,                       6,                       0.001643
32,                            26,                       6,                       0.001619
32,                            26,                       6,                       0.001625
32,                            26,                       6,                       0.001766
32,                            26,                       6,                       0.001584
32,                            26,                       6,                       0.001742
32,                            26,                       6,                       0.00158
32,                            26,                       6,                       0.001653
32,                            26,                       6,                       0.001553
32,                            26,                       6,                       0.001617
32,                            26,                       6,                       0.001554
32,                            26,                       6,                       0.00164
32,                            26,                       6,                       0.001656
32,                            26,                       6,                       0.001575
32,                            26,                       6,                       0.00174
32,                            26,                       6,                       0.001612
32,                            26,                       6,                       0.001558
32,                            26,                       6,                       0.001695
32,                            26,                       6,                       0.001748
32,                            26,                       6,                       0.001616
32,                            26,                       6,                       0.002073
32,                            26,                       6,                       0.001613
32,                            26,                       6,                       0.001571
32,                            26,                       6,                       0.00161
32,                            26,                       6,                       0.001585
32,                            26,                       6,                       0.001604
32,                            26,                       6,                       0.001617
32,                            26,                       6,                       0.00162
32,                            26,                       6,                       0.00159
32,                            26,                       6,                       0.001561
32,                            26,                       6,                       0.001598
32,                            26,                       6,                       0.001565
32,                            26,                       6,                       0.001613
32,                            26,                       6,                       0.001639
32,                            26,                       6,                       0.001674
32,                            26,                       6,                       0.001788
32,                            26,                       6,                       0.001601
32,                            26,                       6,                       0.001617
32,                            26,                       6,                       0.002091
32,                            26,                       6,                       0.001648
32,                            26,                       6,                       0.001585
32,                            26,                       6,                       0.001698
32,                            26,                       6,                       0.001551
32,                            26,                       6,                       0.001743
32,                            26,                       6,                       0.001822
32,                            26,                       6,                       0.001797
32,                            26,                       6,                       0.00164
32,                            26,                       6,                       0.001582
32,                            26,                       6,                       0.001542
32,                            26,                       6,                       0.001639
32,                            26,                       6,                       0.001611
32,                            26,                       6,                       0.001607
32,                            26,                       6,                       0.001585
32,                            26,                       6,                       0.001632
32,                            26,                       6,                       0.00225
32,                            26,                       6,                       0.001633
32,                            26,                       6,                       0.001946
32,                            26,                       6,                       0.001947
32,                            26,                       6,                       0.001525
32,                            26,                       6,                       0.001515
32,                            26,                       6,                       0.001651
32,                            26,                       6,                       0.001643
32,                            26,                       6,                       0.001586
32,                            26,                       6,                       0.001849
32,                            26,                       6,                       0.001628
32,                            26,                       6,                       0.001593
32,                            26,                       6,                       0.001633
32,                            26,                       6,                       0.001588
32,                            26,                       6,                       0.001613
32,                            26,                       6,                       0.00155
32,                            26,                       6,                       0.001546
32,                            26,                       6,                       0.001641
32,                            26,                       6,                       0.00164
32,                            26,                       6,                       0.001576
32,                            26,                       6,                       0.001592
32,                            26,                       6,                       0.001616
32,                            26,                       6,                       0.00162
32,                            26,                       6,                       0.001639
32,                            26,                       6,                       0.001709
32,                            26,                       6,                       0.0016
32,                            26,                       6,                       0.001664
32,                            26,                       6,                       0.001629
32,                            26,                       6,                       0.001609
32,                            26,                       6,                       0.001547
32,                            26,                       6,                       0.001677
32,                            26,                       6,                       0.001664
32,                            26,                       6,                       0.001542
32,                            26,                       6,                       0.001947
32,                            26,                       6,                       0.00157
32,                            26,                       6,                       0.001623
32,                            26,                       6,                       0.001544
32,                            26,                       6,                       0.00157
32,                            26,                       6,                       0.001584
32,                            26,                       6,                       0.001569
32,                            26,                       6,                       0.001545
32,                            26,                       6,                       0.002062
32,                            26,                       6,                       0.001651
32,                            26,                       6,                       0.001559
32,                            26,                       6,                       0.001575
32,                            26,                       6,                       0.001584
32,                            26,                       6,                       0.001582
32,                            26,                       6,                       0.00183
32,                            26,                       6,                       0.001542
32,                            26,                       6,                       0.001657
32,                            26,                       6,                       0.00159
32,                            26,                       6,                       0.001641
32,                            26,                       6,                       0.001578
32,                            26,                       6,                       0.001582
32,                            26,                       6,                       0.001605
32,                            26,                       6,                       0.001577
32,                            26,                       6,                       0.0019
32,                            26,                       6,                       0.001597
32,                            26,                       6,                       0.001573
32,                            26,                       6,                       0.001569
32,                            26,                       6,                       0.001533
32,                            26,                       6,                       0.001692
32,                            26,                       6,                       0.001624
32,                            26,                       6,                       0.001607
32,                            26,                       6,                       0.001561
32,                            26,                       6,                       0.001594
32,                            26,                       6,                       0.00157
32,                            26,                       6,                       0.002137
32,                            26,                       6,                       0.00194
32,                            26,                       6,                       0.001534
32,                            26,                       6,                       0.002033
32,                            26,                       6,                       0.001542
32,                            26,                       6,                       0.00162
32,                            26,                       6,                       0.00194
32,                            26,                       6,                       0.001587
32,                            26,                       6,                       0.001622
32,                            26,                       6,                       0.001655
32,                            26,                       6,                       0.001537
32,                            26,                       6,                       0.001633
32,                            26,                       6,                       0.002088
32,                            26,                       6,                       0.001547
32,                            26,                       6,                       0.001484
32,                            26,                       6,                       0.001606
32,                            26,                       6,                       0.001791
32,                            26,                       6,                       0.001621
32,                            26,                       6,                       0.001579
32,                            26,                       6,                       0.001626
32,                            26,                       6,                       0.001543
32,                            26,                       6,                       0.001561
32,                            26,                       6,                       0.001565
32,                            26,                       6,                       0.001586
32,                            26,                       6,                       0.001643
32,                            26,                       6,                       0.001499
32,                            26,                       6,                       0.001558
32,                            26,                       6,                       0.001586
32,                            26,                       6,                       0.001627
32,                            26,                       6,                       0.001631
32,                            26,                       6,                       0.001614
32,                            26,                       6,                       0.001498
32,                            26,                       6,                       0.001527
32,                            26,                       6,                       0.001677
32,                            26,                       6,                       0.001817
32,                            26,                       6,                       0.001714
32,                            26,                       6,                       0.001606
32,                            26,                       6,                       0.001601
32,                            26,                       6,                       0.001558
32,                            26,                       6,                       0.002049
32,                            26,                       6,                       0.001632
32,                            26,                       6,                       0.001616
32,                            26,                       6,                       0.001538
32,                            26,                       6,                       0.001525
32,                            26,                       6,                       0.001657
32,                            26,                       6,                       0.001634
32,                            26,                       6,                       0.001567
32,                            26,                       6,                       0.001611
32,                            26,                       6,                       0.001671
32,                            26,                       6,                       0.001646
32,                            26,                       6,                       0.001605
32,                            26,                       6,                       0.001615
32,                            26,                       6,                       0.001566
32,                            26,                       6,                       0.00158
32,                            26,                       6,                       0.00161
32,                            26,                       6,                       0.001561
32,                            26,                       6,                       0.001939
32,                            26,                       6,                       0.0016
32,                            26,                       6,                       0.001545
32,                            26,                       6,                       0.001608
32,                            26,                       6,                       0.001555
32,                            26,                       6,                       0.001625
32,                            26,                       6,                       0.001568
32,                            26,                       6,                       0.001576
32,                            26,                       6,                       0.001629
32,                            26,                       6,                       0.001646
32,                            26,                       6,                       0.001537
32,                            26,                       6,                       0.001684
32,                            26,                       6,                       0.001549
32,                            26,                       6,                       0.001657
32,                            26,                       6,                       0.001698
32,                            26,                       6,                       0.001546
32,                            26,                       6,                       0.001549
32,                            26,                       6,                       0.00192
32,                            26,                       6,                       0.001614
32,                            26,                       6,                       0.001536
32,                            26,                       6,                       0.00155
32,                            26,                       6,                       0.001609
32,                            26,                       6,                       0.001636
32,                            26,                       6,                       0.001566
32,                            26,                       6,                       0.001555
32,                            26,                       6,                       0.001546
32,                            26,                       6,                       0.001614
32,                            26,                       6,                       0.001919
32,                            26,                       6,                       0.001565
32,                            26,                       6,                       0.001646
32,                            26,                       6,                       0.001538
32,                            26,                       6,                       0.001634
32,                            26,                       6,                       0.001592
32,                            26,                       6,                       0.001812
32,                            26,                       6,                       0.001629
32,                            26,                       6,                       0.001595
32,                            26,                       6,                       0.001877
32,                            26,                       6,                       0.001558
32,                            26,                       6,                       0.001553
32,                            26,                       6,                       0.001586
32,                            26,                       6,                       0.001523
32,                            26,                       6,                       0.001556
32,                            26,                       6,                       0.001708
32,                            26,                       6,                       0.001623
32,                            26,                       6,                       0.001643
