COMMENT : The search result by Simulated-Annealing for Cauchy_Good Fri Jan 26 18:35:51 2018

tech : Cauchy_Good
algorithm : Simulated-Annealing
k : 7
m : 3
w : 5
failed_disk_id : 0
conventional_symbol_number    optimized_symbol_number    reduced_symbol_number    time
35,                            28,                       7,                       0.005561
35,                            28,                       7,                       0.004565
35,                            28,                       7,                       0.0047
35,                            28,                       7,                       0.00502
35,                            28,                       7,                       0.0051
35,                            28,                       7,                       0.004456
35,                            28,                       7,                       0.004776
35,                            28,                       7,                       0.004862
35,                            28,                       7,                       0.005012
35,                            28,                       7,                       0.004794
35,                            28,                       7,                       0.004748
35,                            28,                       7,                       0.005367
35,                            28,                       7,                       0.004785
35,                            28,                       7,                       0.005571
35,                            28,                       7,                       0.005271
35,                            28,                       7,                       0.004721
35,                            28,                       7,                       0.004774
35,                            28,                       7,                       0.005014
35,                            28,                       7,                       0.004719
35,                            28,                       7,                       0.00504
35,                            28,                       7,                       0.00509
35,                            28,                       7,                       0.004823
35,                            28,                       7,                       0.004674
35,                            28,                       7,                       0.004663
35,                            28,                       7,                       0.00456
35,                            28,                       7,                       0.005218
35,                            28,                       7,                       0.00483
35,                            28,                       7,                       0.005479
35,                            28,                       7,                       0.004686
35,                            28,                       7,                       0.004739
35,                            28,                       7,                       0.004662
35,                            28,                       7,                       0.004478
35,                            28,                       7,                       0.004725
35,                            28,                       7,                       0.004595
35,                            28,                       7,                       0.00461
35,                            28,                       7,                       0.004641
35,                            28,                       7,                       0.004606
35,                            28,                       7,                       0.004878
35,                            28,                       7,                       0.004622
35,                            28,                       7,                       0.00506
35,                            28,                       7,                       0.005144
35,                            28,                       7,                       0.004554
35,                            28,                       7,                       0.004503
35,                            28,                       7,                       0.004496
35,                            28,                       7,                       0.00491
35,                            28,                       7,                       0.005137
35,                            28,                       7,                       0.004775
35,                            28,                       7,                       0.004494
35,                            28,                       7,                       0.004612
35,                            28,                       7,                       0.004615
35,                            28,                       7,                       0.00474
35,                            28,                       7,                       0.004642
35,                            28,                       7,                       0.004594
35,                            28,                       7,                       0.004362
35,                            28,                       7,                       0.004745
35,                            28,                       7,                       0.004805
35,                            28,                       7,                       0.004765
35,                            28,                       7,                       0.004937
35,                            28,                       7,                       0.004652
35,                            28,                       7,                       0.00462
35,                            28,                       7,                       0.004975
35,                            28,                       7,                       0.004608
35,                            28,                       7,                       0.004488
35,                            28,                       7,                       0.004704
35,                            28,                       7,                       0.004537
35,                            28,                       7,                       0.004572
35,                            28,                       7,                       0.004743
35,                            28,                       7,                       0.004805
35,                            28,                       7,                       0.004545
35,                            28,                       7,                       0.004792
35,                            28,                       7,                       0.004685
35,                            28,                       7,                       0.004715
35,                            28,                       7,                       0.004732
35,                            28,                       7,                       0.004472
35,                            28,                       7,                       0.004556
35,                            28,                       7,                       0.004517
35,                            28,                       7,                       0.004555
35,                            28,                       7,                       0.004774
35,                            28,                       7,                       0.004809
35,                            28,                       7,                       0.004648
35,                            28,                       7,                       0.005119
35,                            28,                       7,                       0.004606
35,                            28,                       7,                       0.004657
35,                            28,                       7,                       0.005175
35,                            28,                       7,                       0.005148
35,                            28,                       7,                       0.00501
35,                            28,                       7,                       0.00461
35,                            28,                       7,                       0.004524
35,                            28,                       7,                       0.004612
35,                            28,                       7,                       0.0047
35,                            28,                       7,                       0.004493
35,                            28,                       7,                       0.004663
35,                            28,                       7,                       0.004972
35,                            28,                       7,                       0.004691
35,                            29,                       6,                       0.004967
35,                            28,                       7,                       0.004506
35,                            28,                       7,                       0.004975
35,                            28,                       7,                       0.004933
35,                            28,                       7,                       0.004691
35,                            28,                       7,                       0.005013
35,                            28,                       7,                       0.004517
35,                            28,                       7,                       0.005162
35,                            28,                       7,                       0.00465
35,                            28,                       7,                       0.00451
35,                            28,                       7,                       0.004468
35,                            28,                       7,                       0.00467
35,                            28,                       7,                       0.004635
35,                            29,                       6,                       0.004685
35,                            28,                       7,                       0.004495
35,                            28,                       7,                       0.004812
35,                            28,                       7,                       0.004693
35,                            28,                       7,                       0.004431
35,                            28,                       7,                       0.004758
35,                            28,                       7,                       0.004534
35,                            28,                       7,                       0.005006
35,                            28,                       7,                       0.004657
35,                            28,                       7,                       0.004671
35,                            28,                       7,                       0.004956
35,                            28,                       7,                       0.004903
35,                            28,                       7,                       0.004651
35,                            28,                       7,                       0.004814
35,                            28,                       7,                       0.004582
35,                            28,                       7,                       0.004727
35,                            28,                       7,                       0.00452
35,                            28,                       7,                       0.004596
35,                            28,                       7,                       0.004774
35,                            28,                       7,                       0.004932
35,                            28,                       7,                       0.004483
35,                            28,                       7,                       0.004797
35,                            28,                       7,                       0.004472
35,                            28,                       7,                       0.005005
35,                            28,                       7,                       0.004722
35,                            28,                       7,                       0.004714
35,                            28,                       7,                       0.004666
35,                            28,                       7,                       0.004964
35,                            28,                       7,                       0.004765
35,                            28,                       7,                       0.004929
35,                            28,                       7,                       0.004453
35,                            28,                       7,                       0.004541
35,                            28,                       7,                       0.004494
35,                            28,                       7,                       0.004421
35,                            28,                       7,                       0.005093
35,                            28,                       7,                       0.004642
35,                            28,                       7,                       0.004719
35,                            28,                       7,                       0.004824
35,                            28,                       7,                       0.0047
35,                            28,                       7,                       0.004821
35,                            28,                       7,                       0.004763
35,                            28,                       7,                       0.004613
35,                            28,                       7,                       0.004651
35,                            28,                       7,                       0.004993
35,                            28,                       7,                       0.00449
35,                            28,                       7,                       0.004563
35,                            28,                       7,                       0.004986
35,                            28,                       7,                       0.004534
35,                            28,                       7,                       0.004628
35,                            28,                       7,                       0.004506
35,                            28,                       7,                       0.005183
35,                            28,                       7,                       0.004545
35,                            28,                       7,                       0.004555
35,                            28,                       7,                       0.004777
35,                            28,                       7,                       0.004833
35,                            28,                       7,                       0.005496
35,                            28,                       7,                       0.005313
35,                            28,                       7,                       0.00438
35,                            28,                       7,                       0.004814
35,                            28,                       7,                       0.004925
35,                            28,                       7,                       0.004455
35,                            28,                       7,                       0.004938
35,                            28,                       7,                       0.004388
35,                            28,                       7,                       0.00449
35,                            28,                       7,                       0.005172
35,                            28,                       7,                       0.004618
35,                            28,                       7,                       0.004397
35,                            28,                       7,                       0.005182
35,                            28,                       7,                       0.004657
35,                            28,                       7,                       0.005007
35,                            28,                       7,                       0.004999
35,                            28,                       7,                       0.004711
35,                            28,                       7,                       0.004656
35,                            28,                       7,                       0.004588
35,                            28,                       7,                       0.004609
35,                            28,                       7,                       0.004649
35,                            28,                       7,                       0.004683
35,                            28,                       7,                       0.004572
35,                            28,                       7,                       0.004652
35,                            29,                       6,                       0.00467
35,                            28,                       7,                       0.004585
35,                            28,                       7,                       0.004714
35,                            28,                       7,                       0.004825
35,                            28,                       7,                       0.004699
35,                            28,                       7,                       0.004672
35,                            28,                       7,                       0.00462
35,                            28,                       7,                       0.004728
35,                            28,                       7,                       0.00496
35,                            28,                       7,                       0.004571
35,                            28,                       7,                       0.005614
35,                            28,                       7,                       0.004432
35,                            29,                       6,                       0.004462
35,                            28,                       7,                       0.00479
35,                            28,                       7,                       0.004613
35,                            28,                       7,                       0.00471
35,                            28,                       7,                       0.004592
35,                            28,                       7,                       0.004724
35,                            28,                       7,                       0.005086
35,                            28,                       7,                       0.004455
35,                            28,                       7,                       0.005262
35,                            28,                       7,                       0.004541
35,                            28,                       7,                       0.004722
35,                            28,                       7,                       0.005884
35,                            28,                       7,                       0.004612
35,                            28,                       7,                       0.005339
35,                            28,                       7,                       0.0045
35,                            28,                       7,                       0.004631
35,                            28,                       7,                       0.004658
35,                            28,                       7,                       0.004778
35,                            28,                       7,                       0.004486
35,                            29,                       6,                       0.004533
35,                            28,                       7,                       0.004529
35,                            28,                       7,                       0.005053
35,                            28,                       7,                       0.004552
35,                            28,                       7,                       0.004646
35,                            28,                       7,                       0.004471
35,                            28,                       7,                       0.004485
35,                            28,                       7,                       0.004779
35,                            28,                       7,                       0.005105
35,                            28,                       7,                       0.004608
35,                            28,                       7,                       0.004529
35,                            28,                       7,                       0.004961
35,                            29,                       6,                       0.004559
35,                            28,                       7,                       0.004784
35,                            28,                       7,                       0.00506
35,                            28,                       7,                       0.004705
35,                            28,                       7,                       0.005114
35,                            28,                       7,                       0.004766
35,                            28,                       7,                       0.004952
35,                            28,                       7,                       0.004546
35,                            28,                       7,                       0.004564
35,                            28,                       7,                       0.005844
35,                            28,                       7,                       0.004711
35,                            28,                       7,                       0.004548
35,                            28,                       7,                       0.004427
35,                            28,                       7,                       0.004709
35,                            28,                       7,                       0.0047
35,                            28,                       7,                       0.00458
35,                            28,                       7,                       0.004787
35,                            28,                       7,                       0.004623
35,                            28,                       7,                       0.004987
35,                            28,                       7,                       0.004475
35,                            28,                       7,                       0.005171
35,                            28,                       7,                       0.004656
35,                            28,                       7,                       0.004614
35,                            28,                       7,                       0.004434
35,                            28,                       7,                       0.00504
35,                            28,                       7,                       0.004815
35,                            28,                       7,                       0.004741
35,                            28,                       7,                       0.004893
35,                            28,                       7,                       0.004519
35,                            28,                       7,                       0.004666
35,                            28,                       7,                       0.005123
35,                            28,                       7,                       0.00441
35,                            28,                       7,                       0.004353
35,                            28,                       7,                       0.004727
35,                            28,                       7,                       0.005007
35,                            28,                       7,                       0.004657
35,                            28,                       7,                       0.004655
35,                            28,                       7,                       0.004626
35,                            28,                       7,                       0.004718
35,                            28,                       7,                       0.004579
35,                            28,                       7,                       0.004753
35,                            28,                       7,                       0.005374
35,                            28,                       7,                       0.004676
35,                            28,                       7,                       0.004746
35,                            28,                       7,                       0.004864
35,                            28,                       7,                       0.004371
35,                            28,                       7,                       0.004918
35,                            28,                       7,                       0.004622
35,                            28,                       7,                       0.004415
35,                            28,                       7,                       0.004628
35,                            28,                       7,                       0.004584
35,                            28,                       7,                       0.004599
35,                            28,                       7,                       0.005492
35,                            28,                       7,                       0.005111
35,                            28,                       7,                       0.004548
35,                            28,                       7,                       0.004631
35,                            28,                       7,                       0.004912
35,                            28,                       7,                       0.004476
35,                            28,                       7,                       0.004417
35,                            28,                       7,                       0.004579
35,                            28,                       7,                       0.004741
35,                            28,                       7,                       0.005257
35,                            28,                       7,                       0.004409
35,                            28,                       7,                       0.004606
35,                            28,                       7,                       0.005032
35,                            28,                       7,                       0.004723
35,                            28,                       7,                       0.004612
35,                            28,                       7,                       0.004397
35,                            28,                       7,                       0.00463
35,                            28,                       7,                       0.004906
35,                            28,                       7,                       0.004738
