COMMENT : The search result by Simulated-Annealing for Cauchy_Good Fri Jan 26 18:35:46 2018

tech : Cauchy_Good
algorithm : Simulated-Annealing
k : 4
m : 3
w : 5
failed_disk_id : 0
conventional_symbol_number    optimized_symbol_number    reduced_symbol_number    time
20,                            15,                       5,                       0.00325
20,                            15,                       5,                       0.003126
20,                            15,                       5,                       0.003106
20,                            15,                       5,                       0.003016
20,                            15,                       5,                       0.00308
20,                            15,                       5,                       0.002916
20,                            15,                       5,                       0.003107
20,                            15,                       5,                       0.002986
20,                            15,                       5,                       0.002991
20,                            15,                       5,                       0.002994
20,                            15,                       5,                       0.003004
20,                            15,                       5,                       0.003475
20,                            15,                       5,                       0.002977
20,                            15,                       5,                       0.002958
20,                            15,                       5,                       0.003264
20,                            15,                       5,                       0.003004
20,                            15,                       5,                       0.003044
20,                            15,                       5,                       0.00297
20,                            15,                       5,                       0.002991
20,                            15,                       5,                       0.003404
20,                            15,                       5,                       0.003469
20,                            15,                       5,                       0.003044
20,                            15,                       5,                       0.003442
20,                            15,                       5,                       0.002885
20,                            15,                       5,                       0.002961
20,                            15,                       5,                       0.003124
20,                            15,                       5,                       0.003241
20,                            15,                       5,                       0.003211
20,                            15,                       5,                       0.003396
20,                            15,                       5,                       0.003046
20,                            15,                       5,                       0.002962
20,                            15,                       5,                       0.003053
20,                            15,                       5,                       0.003081
20,                            15,                       5,                       0.003036
20,                            15,                       5,                       0.003121
20,                            15,                       5,                       0.002983
20,                            15,                       5,                       0.003024
20,                            15,                       5,                       0.002929
20,                            15,                       5,                       0.002936
20,                            15,                       5,                       0.002956
20,                            15,                       5,                       0.003113
20,                            15,                       5,                       0.003033
20,                            15,                       5,                       0.002951
20,                            15,                       5,                       0.003008
20,                            15,                       5,                       0.003057
20,                            15,                       5,                       0.003101
20,                            15,                       5,                       0.002856
20,                            15,                       5,                       0.003131
20,                            15,                       5,                       0.003024
20,                            15,                       5,                       0.003094
20,                            15,                       5,                       0.003042
20,                            15,                       5,                       0.003087
20,                            15,                       5,                       0.003096
20,                            15,                       5,                       0.003197
20,                            15,                       5,                       0.00296
20,                            15,                       5,                       0.003045
20,                            15,                       5,                       0.003014
20,                            15,                       5,                       0.002867
20,                            15,                       5,                       0.002988
20,                            15,                       5,                       0.002967
20,                            15,                       5,                       0.00297
20,                            15,                       5,                       0.002962
20,                            15,                       5,                       0.003213
20,                            15,                       5,                       0.002953
20,                            15,                       5,                       0.003016
20,                            15,                       5,                       0.002992
20,                            15,                       5,                       0.002979
20,                            15,                       5,                       0.003166
20,                            15,                       5,                       0.003044
20,                            15,                       5,                       0.002962
20,                            15,                       5,                       0.003151
20,                            15,                       5,                       0.002974
20,                            15,                       5,                       0.003005
20,                            15,                       5,                       0.002991
20,                            15,                       5,                       0.003092
20,                            15,                       5,                       0.003132
20,                            15,                       5,                       0.003192
20,                            15,                       5,                       0.003072
20,                            15,                       5,                       0.002927
20,                            15,                       5,                       0.002964
20,                            15,                       5,                       0.003079
20,                            15,                       5,                       0.003044
20,                            15,                       5,                       0.003231
20,                            15,                       5,                       0.003008
20,                            15,                       5,                       0.003011
20,                            15,                       5,                       0.003006
20,                            15,                       5,                       0.002969
20,                            15,                       5,                       0.002858
20,                            15,                       5,                       0.002964
20,                            15,                       5,                       0.003248
20,                            15,                       5,                       0.003332
20,                            15,                       5,                       0.003127
20,                            15,                       5,                       0.003078
20,                            15,                       5,                       0.002972
20,                            15,                       5,                       0.002934
20,                            15,                       5,                       0.003113
20,                            15,                       5,                       0.00319
20,                            15,                       5,                       0.003068
20,                            15,                       5,                       0.003007
20,                            15,                       5,                       0.003003
20,                            15,                       5,                       0.003021
20,                            15,                       5,                       0.002935
20,                            15,                       5,                       0.002969
20,                            15,                       5,                       0.003022
20,                            15,                       5,                       0.003163
20,                            15,                       5,                       0.002978
20,                            15,                       5,                       0.002907
20,                            15,                       5,                       0.002935
20,                            15,                       5,                       0.003244
20,                            15,                       5,                       0.002949
20,                            15,                       5,                       0.002975
20,                            15,                       5,                       0.002977
20,                            15,                       5,                       0.002984
20,                            15,                       5,                       0.002898
20,                            15,                       5,                       0.002961
20,                            15,                       5,                       0.002982
20,                            15,                       5,                       0.00283
20,                            15,                       5,                       0.002975
20,                            15,                       5,                       0.002973
20,                            15,                       5,                       0.003022
20,                            15,                       5,                       0.003205
20,                            15,                       5,                       0.002987
20,                            15,                       5,                       0.002984
20,                            15,                       5,                       0.002917
20,                            15,                       5,                       0.003116
20,                            15,                       5,                       0.003051
20,                            15,                       5,                       0.003226
20,                            15,                       5,                       0.002958
20,                            15,                       5,                       0.002844
20,                            15,                       5,                       0.003015
20,                            15,                       5,                       0.003256
20,                            15,                       5,                       0.002873
20,                            15,                       5,                       0.003088
20,                            15,                       5,                       0.003004
20,                            15,                       5,                       0.002992
20,                            15,                       5,                       0.003165
20,                            15,                       5,                       0.00304
20,                            15,                       5,                       0.00288
20,                            15,                       5,                       0.003025
20,                            15,                       5,                       0.003076
20,                            15,                       5,                       0.002919
20,                            15,                       5,                       0.003004
20,                            15,                       5,                       0.002944
20,                            15,                       5,                       0.002999
20,                            15,                       5,                       0.00296
20,                            15,                       5,                       0.00288
20,                            15,                       5,                       0.003197
20,                            15,                       5,                       0.002933
20,                            15,                       5,                       0.003155
20,                            15,                       5,                       0.002927
20,                            15,                       5,                       0.002912
20,                            15,                       5,                       0.00303
20,                            15,                       5,                       0.003155
20,                            15,                       5,                       0.003093
20,                            15,                       5,                       0.003128
20,                            15,                       5,                       0.002933
20,                            15,                       5,                       0.002998
20,                            15,                       5,                       0.003008
20,                            15,                       5,                       0.002922
20,                            15,                       5,                       0.002944
20,                            15,                       5,                       0.003002
20,                            15,                       5,                       0.002879
20,                            15,                       5,                       0.002994
20,                            15,                       5,                       0.003034
20,                            15,                       5,                       0.00286
20,                            15,                       5,                       0.003138
20,                            15,                       5,                       0.00291
20,                            15,                       5,                       0.003206
20,                            15,                       5,                       0.003152
20,                            15,                       5,                       0.00292
20,                            15,                       5,                       0.003019
20,                            15,                       5,                       0.003072
20,                            15,                       5,                       0.002938
20,                            15,                       5,                       0.003301
20,                            15,                       5,                       0.003342
20,                            15,                       5,                       0.002938
20,                            15,                       5,                       0.003024
20,                            15,                       5,                       0.003173
20,                            15,                       5,                       0.003212
20,                            15,                       5,                       0.003168
20,                            15,                       5,                       0.003194
20,                            15,                       5,                       0.00294
20,                            15,                       5,                       0.003004
20,                            15,                       5,                       0.003071
20,                            15,                       5,                       0.003149
20,                            15,                       5,                       0.002971
20,                            15,                       5,                       0.003406
20,                            15,                       5,                       0.002992
20,                            15,                       5,                       0.002832
20,                            15,                       5,                       0.002947
20,                            15,                       5,                       0.003142
20,                            15,                       5,                       0.003164
20,                            15,                       5,                       0.002986
20,                            15,                       5,                       0.002915
20,                            15,                       5,                       0.00292
20,                            15,                       5,                       0.002869
20,                            15,                       5,                       0.002918
20,                            15,                       5,                       0.002882
20,                            15,                       5,                       0.003032
20,                            15,                       5,                       0.003127
20,                            15,                       5,                       0.002996
20,                            15,                       5,                       0.002952
20,                            15,                       5,                       0.002997
20,                            15,                       5,                       0.003156
20,                            15,                       5,                       0.003024
20,                            15,                       5,                       0.00291
20,                            15,                       5,                       0.003064
20,                            15,                       5,                       0.00352
20,                            15,                       5,                       0.003118
20,                            15,                       5,                       0.003381
20,                            15,                       5,                       0.003024
20,                            15,                       5,                       0.002937
20,                            15,                       5,                       0.003348
20,                            15,                       5,                       0.002979
20,                            15,                       5,                       0.003062
20,                            15,                       5,                       0.003246
20,                            15,                       5,                       0.003054
20,                            15,                       5,                       0.00335
20,                            15,                       5,                       0.002965
20,                            15,                       5,                       0.003001
20,                            15,                       5,                       0.003267
20,                            15,                       5,                       0.002993
20,                            15,                       5,                       0.003171
20,                            15,                       5,                       0.00321
20,                            15,                       5,                       0.003034
20,                            15,                       5,                       0.003086
20,                            15,                       5,                       0.003235
20,                            15,                       5,                       0.003051
20,                            15,                       5,                       0.002968
20,                            15,                       5,                       0.003016
20,                            15,                       5,                       0.004234
20,                            15,                       5,                       0.003275
20,                            15,                       5,                       0.003196
20,                            15,                       5,                       0.00603
20,                            15,                       5,                       0.003143
20,                            15,                       5,                       0.003028
20,                            15,                       5,                       0.00307
20,                            15,                       5,                       0.003327
20,                            15,                       5,                       0.003283
20,                            15,                       5,                       0.003147
20,                            15,                       5,                       0.002923
20,                            15,                       5,                       0.003072
20,                            15,                       5,                       0.00335
20,                            15,                       5,                       0.00295
20,                            15,                       5,                       0.003399
20,                            15,                       5,                       0.003004
20,                            15,                       5,                       0.003073
20,                            15,                       5,                       0.003143
20,                            15,                       5,                       0.003596
20,                            15,                       5,                       0.002907
20,                            15,                       5,                       0.002979
20,                            15,                       5,                       0.002892
20,                            15,                       5,                       0.003048
20,                            15,                       5,                       0.003026
20,                            15,                       5,                       0.003476
20,                            15,                       5,                       0.002942
20,                            15,                       5,                       0.00314
20,                            15,                       5,                       0.003043
20,                            15,                       5,                       0.003093
20,                            15,                       5,                       0.00304
20,                            15,                       5,                       0.003119
20,                            15,                       5,                       0.002938
20,                            15,                       5,                       0.00293
20,                            15,                       5,                       0.002988
20,                            15,                       5,                       0.003227
20,                            15,                       5,                       0.003484
20,                            15,                       5,                       0.003505
20,                            15,                       5,                       0.003078
20,                            15,                       5,                       0.002937
20,                            15,                       5,                       0.003017
20,                            15,                       5,                       0.003244
20,                            15,                       5,                       0.002952
20,                            15,                       5,                       0.003037
20,                            15,                       5,                       0.003051
20,                            15,                       5,                       0.002888
20,                            15,                       5,                       0.003339
20,                            15,                       5,                       0.002056
20,                            15,                       5,                       0.003104
20,                            15,                       5,                       0.002972
20,                            15,                       5,                       0.00305
20,                            15,                       5,                       0.003038
20,                            15,                       5,                       0.003123
20,                            15,                       5,                       0.003111
20,                            15,                       5,                       0.002931
20,                            15,                       5,                       0.003233
20,                            15,                       5,                       0.003035
20,                            15,                       5,                       0.0031
20,                            15,                       5,                       0.002935
20,                            15,                       5,                       0.003496
20,                            15,                       5,                       0.003404
20,                            15,                       5,                       0.003033
20,                            15,                       5,                       0.002838
20,                            15,                       5,                       0.002948
20,                            15,                       5,                       0.002933
20,                            15,                       5,                       0.002896
20,                            15,                       5,                       0.002876
20,                            15,                       5,                       0.003013
20,                            15,                       5,                       0.002955
20,                            15,                       5,                       0.003062
20,                            15,                       5,                       0.003006
