COMMENT : The search result by Simulated-Annealing for Cauchy_Good Fri Jan 26 18:35:45 2018

tech : Cauchy_Good
algorithm : Simulated-Annealing
k : 2
m : 2
w : 8
failed_disk_id : 0
conventional_symbol_number    optimized_symbol_number    reduced_symbol_number    time
16,                            12,                       4,                       0.025512
16,                            12,                       4,                       0.024063
16,                            12,                       4,                       0.024584
16,                            12,                       4,                       0.024395
16,                            12,                       4,                       0.024065
16,                            12,                       4,                       0.024941
16,                            12,                       4,                       0.024827
16,                            12,                       4,                       0.024952
16,                            12,                       4,                       0.024333
16,                            12,                       4,                       0.024258
16,                            12,                       4,                       0.024652
16,                            12,                       4,                       0.023997
16,                            12,                       4,                       0.024088
16,                            12,                       4,                       0.023735
16,                            12,                       4,                       0.023952
16,                            12,                       4,                       0.02413
16,                            12,                       4,                       0.024564
16,                            12,                       4,                       0.024726
16,                            12,                       4,                       0.024707
16,                            12,                       4,                       0.024935
16,                            12,                       4,                       0.024827
16,                            12,                       4,                       0.025011
16,                            12,                       4,                       0.02519
16,                            12,                       4,                       0.02287
16,                            12,                       4,                       0.026639
16,                            12,                       4,                       0.02268
16,                            12,                       4,                       0.023312
16,                            13,                       3,                       0.023612
16,                            12,                       4,                       0.023159
16,                            12,                       4,                       0.023299
16,                            12,                       4,                       0.024631
16,                            12,                       4,                       0.024659
16,                            12,                       4,                       0.024594
16,                            12,                       4,                       0.023079
16,                            12,                       4,                       0.023102
16,                            12,                       4,                       0.023225
16,                            12,                       4,                       0.023586
16,                            13,                       3,                       0.023746
16,                            12,                       4,                       0.022612
16,                            12,                       4,                       0.0232
16,                            12,                       4,                       0.023715
16,                            12,                       4,                       0.0245
16,                            12,                       4,                       0.022998
16,                            12,                       4,                       0.023256
16,                            12,                       4,                       0.023268
16,                            12,                       4,                       0.022691
16,                            12,                       4,                       0.023032
16,                            12,                       4,                       0.024759
16,                            12,                       4,                       0.02348
16,                            12,                       4,                       0.024233
16,                            12,                       4,                       0.023171
16,                            12,                       4,                       0.023528
16,                            12,                       4,                       0.022685
16,                            12,                       4,                       0.023802
16,                            12,                       4,                       0.022909
16,                            12,                       4,                       0.02319
16,                            12,                       4,                       0.024481
16,                            12,                       4,                       0.023168
16,                            12,                       4,                       0.022891
16,                            12,                       4,                       0.023283
16,                            12,                       4,                       0.023442
16,                            12,                       4,                       0.022958
16,                            12,                       4,                       0.023605
16,                            12,                       4,                       0.023065
16,                            12,                       4,                       0.024424
16,                            12,                       4,                       0.02305
16,                            12,                       4,                       0.023527
16,                            12,                       4,                       0.022985
16,                            12,                       4,                       0.024979
16,                            12,                       4,                       0.022994
16,                            12,                       4,                       0.02344
16,                            12,                       4,                       0.023493
16,                            12,                       4,                       0.023077
16,                            12,                       4,                       0.022996
16,                            12,                       4,                       0.023259
16,                            12,                       4,                       0.024036
16,                            12,                       4,                       0.023702
16,                            12,                       4,                       0.023092
16,                            12,                       4,                       0.024091
16,                            12,                       4,                       0.024508
16,                            12,                       4,                       0.025217
16,                            12,                       4,                       0.023985
16,                            12,                       4,                       0.02506
16,                            12,                       4,                       0.023823
16,                            12,                       4,                       0.022896
16,                            12,                       4,                       0.023188
16,                            12,                       4,                       0.023345
16,                            12,                       4,                       0.022709
16,                            12,                       4,                       0.023403
16,                            12,                       4,                       0.022872
16,                            12,                       4,                       0.023199
16,                            12,                       4,                       0.02315
16,                            12,                       4,                       0.026213
16,                            12,                       4,                       0.023552
16,                            12,                       4,                       0.023711
16,                            12,                       4,                       0.023489
16,                            12,                       4,                       0.023112
16,                            12,                       4,                       0.023924
16,                            12,                       4,                       0.023778
16,                            12,                       4,                       0.023279
16,                            12,                       4,                       0.02307
16,                            12,                       4,                       0.02317
16,                            12,                       4,                       0.02465
16,                            12,                       4,                       0.023535
16,                            12,                       4,                       0.024531
16,                            12,                       4,                       0.023516
16,                            12,                       4,                       0.02366
16,                            12,                       4,                       0.02342
16,                            12,                       4,                       0.023018
16,                            12,                       4,                       0.022827
16,                            12,                       4,                       0.024056
16,                            12,                       4,                       0.023476
16,                            12,                       4,                       0.023419
16,                            12,                       4,                       0.023851
16,                            12,                       4,                       0.023459
16,                            12,                       4,                       0.023548
16,                            12,                       4,                       0.023476
16,                            12,                       4,                       0.024078
16,                            12,                       4,                       0.023455
16,                            12,                       4,                       0.024049
16,                            12,                       4,                       0.022817
16,                            12,                       4,                       0.022935
16,                            12,                       4,                       0.023461
16,                            12,                       4,                       0.023287
16,                            12,                       4,                       0.023668
16,                            12,                       4,                       0.023567
16,                            12,                       4,                       0.023577
16,                            12,                       4,                       0.022732
16,                            12,                       4,                       0.023585
16,                            12,                       4,                       0.023851
16,                            12,                       4,                       0.023766
16,                            12,                       4,                       0.023726
16,                            12,                       4,                       0.023171
16,                            12,                       4,                       0.024206
16,                            12,                       4,                       0.023442
16,                            12,                       4,                       0.023024
16,                            12,                       4,                       0.023527
16,                            12,                       4,                       0.022714
16,                            12,                       4,                       0.023421
16,                            12,                       4,                       0.023404
16,                            12,                       4,                       0.024537
16,                            12,                       4,                       0.023714
16,                            12,                       4,                       0.023299
16,                            12,                       4,                       0.023374
16,                            12,                       4,                       0.023092
16,                            12,                       4,                       0.023624
16,                            12,                       4,                       0.023843
16,                            12,                       4,                       0.023346
16,                            12,                       4,                       0.022865
16,                            12,                       4,                       0.023484
16,                            12,                       4,                       0.023868
16,                            12,                       4,                       0.023083
16,                            12,                       4,                       0.02364
16,                            12,                       4,                       0.023955
16,                            13,                       3,                       0.024631
16,                            12,                       4,                       0.023968
16,                            12,                       4,                       0.024573
16,                            12,                       4,                       0.023681
16,                            12,                       4,                       0.024299
16,                            12,                       4,                       0.022842
16,                            12,                       4,                       0.023438
16,                            12,                       4,                       0.022554
16,                            12,                       4,                       0.023588
16,                            12,                       4,                       0.025508
16,                            12,                       4,                       0.023375
16,                            12,                       4,                       0.023446
16,                            12,                       4,                       0.024008
16,                            12,                       4,                       0.023327
16,                            12,                       4,                       0.023751
16,                            12,                       4,                       0.02392
16,                            12,                       4,                       0.024348
16,                            12,                       4,                       0.023414
16,                            12,                       4,                       0.023855
16,                            12,                       4,                       0.023729
16,                            12,                       4,                       0.024551
16,                            12,                       4,                       0.024186
16,                            12,                       4,                       0.023744
16,                            12,                       4,                       0.025136
16,                            12,                       4,                       0.023795
16,                            12,                       4,                       0.023303
16,                            12,                       4,                       0.024238
16,                            12,                       4,                       0.023144
16,                            12,                       4,                       0.023756
16,                            12,                       4,                       0.023358
16,                            12,                       4,                       0.023587
16,                            12,                       4,                       0.02423
16,                            12,                       4,                       0.023925
16,                            12,                       4,                       0.023472
16,                            12,                       4,                       0.023019
16,                            12,                       4,                       0.024026
16,                            12,                       4,                       0.023443
16,                            12,                       4,                       0.024121
16,                            12,                       4,                       0.0239
16,                            12,                       4,                       0.023029
16,                            12,                       4,                       0.023929
16,                            12,                       4,                       0.023463
16,                            12,                       4,                       0.023216
16,                            12,                       4,                       0.023396
16,                            12,                       4,                       0.023822
16,                            12,                       4,                       0.023512
16,                            12,                       4,                       0.023515
16,                            12,                       4,                       0.023606
16,                            12,                       4,                       0.023372
16,                            12,                       4,                       0.023362
16,                            12,                       4,                       0.024623
16,                            12,                       4,                       0.023592
16,                            12,                       4,                       0.023916
16,                            12,                       4,                       0.023392
16,                            12,                       4,                       0.024241
16,                            12,                       4,                       0.024081
16,                            12,                       4,                       0.022929
16,                            12,                       4,                       0.023603
16,                            12,                       4,                       0.023911
16,                            12,                       4,                       0.023416
16,                            12,                       4,                       0.02418
16,                            12,                       4,                       0.024579
16,                            12,                       4,                       0.025672
16,                            12,                       4,                       0.023653
16,                            12,                       4,                       0.023297
16,                            12,                       4,                       0.023667
16,                            12,                       4,                       0.024282
16,                            12,                       4,                       0.023486
16,                            12,                       4,                       0.023016
16,                            12,                       4,                       0.023963
16,                            12,                       4,                       0.023464
16,                            12,                       4,                       0.023172
16,                            12,                       4,                       0.024436
16,                            12,                       4,                       0.023661
16,                            12,                       4,                       0.023771
16,                            12,                       4,                       0.024008
16,                            12,                       4,                       0.023007
16,                            12,                       4,                       0.024526
16,                            12,                       4,                       0.023347
16,                            12,                       4,                       0.023214
16,                            12,                       4,                       0.023558
16,                            12,                       4,                       0.023536
16,                            12,                       4,                       0.023846
16,                            12,                       4,                       0.023328
16,                            12,                       4,                       0.023529
16,                            12,                       4,                       0.023111
16,                            12,                       4,                       0.024077
16,                            12,                       4,                       0.02304
16,                            12,                       4,                       0.023693
16,                            12,                       4,                       0.023844
16,                            12,                       4,                       0.023117
16,                            12,                       4,                       0.023566
16,                            12,                       4,                       0.023248
16,                            12,                       4,                       0.02333
16,                            12,                       4,                       0.023445
16,                            12,                       4,                       0.023228
16,                            12,                       4,                       0.023074
16,                            12,                       4,                       0.023501
16,                            12,                       4,                       0.023708
16,                            12,                       4,                       0.023944
16,                            12,                       4,                       0.023623
16,                            12,                       4,                       0.024754
16,                            12,                       4,                       0.023201
16,                            12,                       4,                       0.023369
16,                            12,                       4,                       0.0232
16,                            12,                       4,                       0.0238
16,                            12,                       4,                       0.023867
16,                            12,                       4,                       0.022966
16,                            12,                       4,                       0.023612
16,                            12,                       4,                       0.023805
16,                            12,                       4,                       0.024269
16,                            12,                       4,                       0.023389
16,                            12,                       4,                       0.023399
16,                            12,                       4,                       0.024063
16,                            12,                       4,                       0.024188
16,                            12,                       4,                       0.023194
16,                            12,                       4,                       0.023037
16,                            12,                       4,                       0.023022
16,                            12,                       4,                       0.023205
16,                            12,                       4,                       0.023948
16,                            12,                       4,                       0.024035
16,                            12,                       4,                       0.02339
16,                            12,                       4,                       0.023677
16,                            12,                       4,                       0.023812
16,                            12,                       4,                       0.023932
16,                            12,                       4,                       0.023133
16,                            12,                       4,                       0.023959
16,                            12,                       4,                       0.023541
16,                            12,                       4,                       0.024264
16,                            12,                       4,                       0.023459
16,                            12,                       4,                       0.023944
16,                            12,                       4,                       0.023337
16,                            12,                       4,                       0.023257
16,                            12,                       4,                       0.023576
16,                            12,                       4,                       0.023139
16,                            12,                       4,                       0.023679
16,                            12,                       4,                       0.023044
16,                            12,                       4,                       0.023664
16,                            12,                       4,                       0.023866
16,                            12,                       4,                       0.026016
16,                            12,                       4,                       0.023549
16,                            12,                       4,                       0.024521
16,                            12,                       4,                       0.023059
16,                            12,                       4,                       0.024269
16,                            12,                       4,                       0.023176
16,                            12,                       4,                       0.023569
