COMMENT : The search result by Simulated-Annealing for Cauchy_Good Fri Jan 26 18:35:46 2018

tech : Cauchy_Good
algorithm : Simulated-Annealing
k : 3
m : 3
w : 4
failed_disk_id : 0
conventional_symbol_number    optimized_symbol_number    reduced_symbol_number    time
12,                            8,                       4,                       0.000913
12,                            8,                       4,                       0.000782
12,                            8,                       4,                       0.000843
12,                            8,                       4,                       0.00072
12,                            8,                       4,                       0.000797
12,                            8,                       4,                       0.000778
12,                            8,                       4,                       0.000778
12,                            8,                       4,                       0.001033
12,                            8,                       4,                       0.001224
12,                            8,                       4,                       0.000733
12,                            8,                       4,                       0.000774
12,                            8,                       4,                       0.000747
12,                            8,                       4,                       0.000767
12,                            8,                       4,                       0.001082
12,                            8,                       4,                       0.000765
12,                            8,                       4,                       0.000799
12,                            8,                       4,                       0.000706
12,                            8,                       4,                       0.000802
12,                            8,                       4,                       0.000761
12,                            8,                       4,                       0.000977
12,                            8,                       4,                       0.000867
12,                            8,                       4,                       0.000829
12,                            8,                       4,                       0.000769
12,                            8,                       4,                       0.001285
12,                            8,                       4,                       0.00077
12,                            8,                       4,                       0.000765
12,                            8,                       4,                       0.000795
12,                            8,                       4,                       0.000737
12,                            8,                       4,                       0.000752
12,                            8,                       4,                       0.000789
12,                            9,                       3,                       0.000759
12,                            8,                       4,                       0.000722
12,                            8,                       4,                       0.000854
12,                            8,                       4,                       0.000969
12,                            8,                       4,                       0.000736
12,                            8,                       4,                       0.000716
12,                            8,                       4,                       0.001009
12,                            8,                       4,                       0.00077
12,                            8,                       4,                       0.000748
12,                            8,                       4,                       0.000763
12,                            8,                       4,                       0.000869
12,                            8,                       4,                       0.000767
12,                            8,                       4,                       0.00074
12,                            8,                       4,                       0.000773
12,                            8,                       4,                       0.000782
12,                            8,                       4,                       0.000792
12,                            8,                       4,                       0.000769
12,                            8,                       4,                       0.000731
12,                            8,                       4,                       0.00076
12,                            8,                       4,                       0.000843
12,                            8,                       4,                       0.000767
12,                            8,                       4,                       0.000768
12,                            8,                       4,                       0.000776
12,                            8,                       4,                       0.000746
12,                            8,                       4,                       0.000717
12,                            8,                       4,                       0.000696
12,                            8,                       4,                       0.000712
12,                            8,                       4,                       0.000723
12,                            8,                       4,                       0.000762
12,                            8,                       4,                       0.000693
12,                            8,                       4,                       0.000772
12,                            8,                       4,                       0.00075
12,                            8,                       4,                       0.000788
12,                            8,                       4,                       0.000985
12,                            8,                       4,                       0.000962
12,                            8,                       4,                       0.000786
12,                            8,                       4,                       0.000729
12,                            8,                       4,                       0.000777
12,                            8,                       4,                       0.000889
12,                            8,                       4,                       0.000718
12,                            8,                       4,                       0.001003
12,                            8,                       4,                       0.000776
12,                            8,                       4,                       0.000717
12,                            8,                       4,                       0.000871
12,                            8,                       4,                       0.000804
12,                            8,                       4,                       0.00076
12,                            8,                       4,                       0.000724
12,                            8,                       4,                       0.000771
12,                            8,                       4,                       0.00074
12,                            8,                       4,                       0.001039
12,                            8,                       4,                       0.000795
12,                            8,                       4,                       0.001026
12,                            8,                       4,                       0.000797
12,                            8,                       4,                       0.0008
12,                            8,                       4,                       0.000775
12,                            8,                       4,                       0.00074
12,                            8,                       4,                       0.000761
12,                            8,                       4,                       0.00071
12,                            8,                       4,                       0.000986
12,                            8,                       4,                       0.000746
12,                            8,                       4,                       0.000768
12,                            8,                       4,                       0.000707
12,                            8,                       4,                       0.00077
12,                            8,                       4,                       0.000719
12,                            8,                       4,                       0.000715
12,                            8,                       4,                       0.000707
12,                            8,                       4,                       0.000884
12,                            8,                       4,                       0.000781
12,                            8,                       4,                       0.000782
12,                            8,                       4,                       0.000692
12,                            8,                       4,                       0.000742
12,                            8,                       4,                       0.000907
12,                            8,                       4,                       0.000811
12,                            8,                       4,                       0.000704
12,                            8,                       4,                       0.000824
12,                            8,                       4,                       0.000702
12,                            8,                       4,                       0.000758
12,                            8,                       4,                       0.000765
12,                            8,                       4,                       0.000713
12,                            8,                       4,                       0.000858
12,                            8,                       4,                       0.001014
12,                            8,                       4,                       0.000764
12,                            9,                       3,                       0.000767
12,                            8,                       4,                       0.000795
12,                            8,                       4,                       0.000756
12,                            8,                       4,                       0.000785
12,                            8,                       4,                       0.000761
12,                            8,                       4,                       0.000733
12,                            8,                       4,                       0.000709
12,                            8,                       4,                       0.000853
12,                            8,                       4,                       0.000781
12,                            8,                       4,                       0.000729
12,                            8,                       4,                       0.000768
12,                            8,                       4,                       0.000765
12,                            8,                       4,                       0.000724
12,                            8,                       4,                       0.000713
12,                            8,                       4,                       0.000784
12,                            8,                       4,                       0.000777
12,                            8,                       4,                       0.000788
12,                            8,                       4,                       0.00077
12,                            8,                       4,                       0.000801
12,                            8,                       4,                       0.000846
12,                            8,                       4,                       0.000762
12,                            8,                       4,                       0.000759
12,                            9,                       3,                       0.000759
12,                            8,                       4,                       0.000744
12,                            8,                       4,                       0.000953
12,                            8,                       4,                       0.000788
12,                            8,                       4,                       0.000735
12,                            8,                       4,                       0.000987
12,                            8,                       4,                       0.000758
12,                            8,                       4,                       0.000743
12,                            8,                       4,                       0.000961
12,                            9,                       3,                       0.000724
12,                            8,                       4,                       0.000779
12,                            9,                       3,                       0.00076
12,                            8,                       4,                       0.000747
12,                            8,                       4,                       0.000767
12,                            8,                       4,                       0.000765
12,                            9,                       3,                       0.000773
12,                            9,                       3,                       0.001021
12,                            8,                       4,                       0.000757
12,                            8,                       4,                       0.000768
12,                            8,                       4,                       0.000964
12,                            8,                       4,                       0.000702
12,                            8,                       4,                       0.000774
12,                            8,                       4,                       0.000744
12,                            8,                       4,                       0.000786
12,                            8,                       4,                       0.000802
12,                            8,                       4,                       0.000743
12,                            8,                       4,                       0.000816
12,                            8,                       4,                       0.000709
12,                            8,                       4,                       0.00097
12,                            8,                       4,                       0.001159
12,                            8,                       4,                       0.000972
12,                            8,                       4,                       0.000768
12,                            8,                       4,                       0.000743
12,                            8,                       4,                       0.000771
12,                            8,                       4,                       0.000778
12,                            8,                       4,                       0.000828
12,                            8,                       4,                       0.000821
12,                            8,                       4,                       0.000801
12,                            8,                       4,                       0.00072
12,                            8,                       4,                       0.000773
12,                            8,                       4,                       0.000896
12,                            8,                       4,                       0.000724
12,                            8,                       4,                       0.000766
12,                            8,                       4,                       0.000725
12,                            8,                       4,                       0.000791
12,                            8,                       4,                       0.000741
12,                            8,                       4,                       0.000862
12,                            8,                       4,                       0.000971
12,                            8,                       4,                       0.00072
12,                            8,                       4,                       0.00074
12,                            8,                       4,                       0.000684
12,                            8,                       4,                       0.000838
12,                            8,                       4,                       0.000954
12,                            8,                       4,                       0.000772
12,                            8,                       4,                       0.001057
12,                            8,                       4,                       0.000712
12,                            8,                       4,                       0.000786
12,                            8,                       4,                       0.000791
12,                            8,                       4,                       0.000757
12,                            8,                       4,                       0.001274
12,                            8,                       4,                       0.000759
12,                            8,                       4,                       0.000806
12,                            8,                       4,                       0.00096
12,                            8,                       4,                       0.000811
12,                            8,                       4,                       0.000776
12,                            8,                       4,                       0.00077
12,                            8,                       4,                       0.000784
12,                            8,                       4,                       0.000787
12,                            8,                       4,                       0.000765
12,                            8,                       4,                       0.000978
12,                            8,                       4,                       0.000763
12,                            8,                       4,                       0.001083
12,                            8,                       4,                       0.000753
12,                            8,                       4,                       0.000768
12,                            8,                       4,                       0.000755
12,                            9,                       3,                       0.000766
12,                            8,                       4,                       0.0008
12,                            8,                       4,                       0.000729
12,                            8,                       4,                       0.000759
12,                            8,                       4,                       0.001271
12,                            8,                       4,                       0.000771
12,                            8,                       4,                       0.000772
12,                            8,                       4,                       0.000727
12,                            8,                       4,                       0.000695
12,                            8,                       4,                       0.000811
12,                            8,                       4,                       0.000779
12,                            8,                       4,                       0.000696
12,                            8,                       4,                       0.000879
12,                            8,                       4,                       0.000769
12,                            8,                       4,                       0.000701
12,                            8,                       4,                       0.000784
12,                            8,                       4,                       0.000753
12,                            8,                       4,                       0.000779
12,                            8,                       4,                       0.000739
12,                            8,                       4,                       0.00077
12,                            8,                       4,                       0.000767
12,                            8,                       4,                       0.000975
12,                            8,                       4,                       0.000848
12,                            8,                       4,                       0.001129
12,                            8,                       4,                       0.000801
12,                            8,                       4,                       0.000764
12,                            8,                       4,                       0.000812
12,                            8,                       4,                       0.00076
12,                            8,                       4,                       0.000779
12,                            8,                       4,                       0.001071
12,                            8,                       4,                       0.000799
12,                            8,                       4,                       0.000718
12,                            8,                       4,                       0.000767
12,                            8,                       4,                       0.000717
12,                            8,                       4,                       0.000804
12,                            8,                       4,                       0.000762
12,                            8,                       4,                       0.000691
12,                            8,                       4,                       0.000984
12,                            8,                       4,                       0.001114
12,                            8,                       4,                       0.00079
12,                            8,                       4,                       0.000711
12,                            8,                       4,                       0.000804
12,                            8,                       4,                       0.000751
12,                            8,                       4,                       0.000706
12,                            8,                       4,                       0.000757
12,                            8,                       4,                       0.000777
12,                            8,                       4,                       0.000691
12,                            8,                       4,                       0.000763
12,                            8,                       4,                       0.001053
12,                            8,                       4,                       0.000797
12,                            9,                       3,                       0.000799
12,                            9,                       3,                       0.000797
12,                            8,                       4,                       0.000844
12,                            8,                       4,                       0.000713
12,                            8,                       4,                       0.000854
12,                            8,                       4,                       0.000771
12,                            8,                       4,                       0.000789
12,                            8,                       4,                       0.000761
12,                            8,                       4,                       0.000783
12,                            8,                       4,                       0.000739
12,                            8,                       4,                       0.000801
12,                            8,                       4,                       0.000683
12,                            8,                       4,                       0.000711
12,                            8,                       4,                       0.001327
12,                            8,                       4,                       0.000729
12,                            8,                       4,                       0.000727
12,                            8,                       4,                       0.000761
12,                            8,                       4,                       0.000783
12,                            8,                       4,                       0.000715
12,                            8,                       4,                       0.000842
12,                            8,                       4,                       0.000747
12,                            8,                       4,                       0.000743
12,                            8,                       4,                       0.000775
12,                            8,                       4,                       0.000779
12,                            8,                       4,                       0.000781
12,                            8,                       4,                       0.00078
12,                            8,                       4,                       0.000712
12,                            8,                       4,                       0.000782
12,                            8,                       4,                       0.000825
12,                            8,                       4,                       0.000786
12,                            8,                       4,                       0.000762
12,                            8,                       4,                       0.000797
12,                            8,                       4,                       0.000999
12,                            8,                       4,                       0.000774
12,                            9,                       3,                       0.000782
12,                            8,                       4,                       0.000809
12,                            8,                       4,                       0.00078
12,                            8,                       4,                       0.000759
12,                            9,                       3,                       0.000761
12,                            8,                       4,                       0.000756
12,                            8,                       4,                       0.000709
