COMMENT : The search result by Simulated-Annealing for Cauchy_Good Fri Jan 26 18:35:47 2018

tech : Cauchy_Good
algorithm : Simulated-Annealing
k : 5
m : 3
w : 3
failed_disk_id : 0
conventional_symbol_number    optimized_symbol_number    reduced_symbol_number    time
15,                            12,                       3,                       0.000646
15,                            12,                       3,                       0.000557
15,                            12,                       3,                       0.000576
15,                            12,                       3,                       0.000926
15,                            12,                       3,                       0.000575
15,                            12,                       3,                       0.00062
15,                            12,                       3,                       0.000576
15,                            12,                       3,                       0.00046
15,                            12,                       3,                       0.000448
15,                            12,                       3,                       0.000562
15,                            12,                       3,                       0.000615
15,                            12,                       3,                       0.000579
15,                            12,                       3,                       0.000622
15,                            12,                       3,                       0.000636
15,                            12,                       3,                       0.000608
15,                            12,                       3,                       0.000675
15,                            12,                       3,                       0.000609
15,                            12,                       3,                       0.000506
15,                            12,                       3,                       0.000572
15,                            12,                       3,                       0.000578
15,                            12,                       3,                       0.000597
15,                            12,                       3,                       0.000611
15,                            12,                       3,                       0.000561
15,                            12,                       3,                       0.000659
15,                            12,                       3,                       0.000581
15,                            12,                       3,                       0.000452
15,                            12,                       3,                       0.000592
15,                            12,                       3,                       0.00062
15,                            12,                       3,                       0.000632
15,                            12,                       3,                       0.000707
15,                            12,                       3,                       0.000441
15,                            12,                       3,                       0.00044
15,                            12,                       3,                       0.000565
15,                            12,                       3,                       0.000624
15,                            12,                       3,                       0.00059
15,                            12,                       3,                       0.000491
15,                            12,                       3,                       0.000611
15,                            12,                       3,                       0.000618
15,                            12,                       3,                       0.000662
15,                            12,                       3,                       0.000621
15,                            12,                       3,                       0.000664
15,                            12,                       3,                       0.000563
15,                            12,                       3,                       0.000604
15,                            12,                       3,                       0.000555
15,                            12,                       3,                       0.000532
15,                            12,                       3,                       0.00059
15,                            12,                       3,                       0.00057
15,                            12,                       3,                       0.000592
15,                            12,                       3,                       0.000554
15,                            12,                       3,                       0.000619
15,                            12,                       3,                       0.000617
15,                            12,                       3,                       0.000563
15,                            12,                       3,                       0.000602
15,                            12,                       3,                       0.000562
15,                            12,                       3,                       0.000564
15,                            12,                       3,                       0.000521
15,                            12,                       3,                       0.000579
15,                            12,                       3,                       0.000708
15,                            12,                       3,                       0.000571
15,                            12,                       3,                       0.000623
15,                            12,                       3,                       0.000632
15,                            12,                       3,                       0.000554
15,                            12,                       3,                       0.000626
15,                            12,                       3,                       0.000457
15,                            12,                       3,                       0.000511
15,                            12,                       3,                       0.000493
15,                            12,                       3,                       0.000451
15,                            12,                       3,                       0.00074
15,                            12,                       3,                       0.000747
15,                            12,                       3,                       0.000657
15,                            12,                       3,                       0.000703
15,                            12,                       3,                       0.000567
15,                            12,                       3,                       0.000564
15,                            12,                       3,                       0.000618
15,                            12,                       3,                       0.000629
15,                            12,                       3,                       0.00065
15,                            12,                       3,                       0.000606
15,                            12,                       3,                       0.00063
15,                            12,                       3,                       0.000622
15,                            12,                       3,                       0.000633
15,                            12,                       3,                       0.000618
15,                            12,                       3,                       0.000569
15,                            12,                       3,                       0.00057
15,                            12,                       3,                       0.000624
15,                            12,                       3,                       0.000565
15,                            12,                       3,                       0.0005
15,                            12,                       3,                       0.000557
15,                            12,                       3,                       0.000621
15,                            12,                       3,                       0.000629
15,                            12,                       3,                       0.000561
15,                            12,                       3,                       0.000532
15,                            12,                       3,                       0.000702
15,                            12,                       3,                       0.000614
15,                            12,                       3,                       0.0006
15,                            12,                       3,                       0.000649
15,                            12,                       3,                       0.000636
15,                            12,                       3,                       0.000563
15,                            12,                       3,                       0.0006
15,                            12,                       3,                       0.000608
15,                            12,                       3,                       0.000612
15,                            12,                       3,                       0.000597
15,                            12,                       3,                       0.000609
15,                            12,                       3,                       0.000615
15,                            12,                       3,                       0.000621
15,                            12,                       3,                       0.000441
15,                            12,                       3,                       0.00076
15,                            12,                       3,                       0.000554
15,                            12,                       3,                       0.000612
15,                            12,                       3,                       0.000554
15,                            12,                       3,                       0.000563
15,                            12,                       3,                       0.000458
15,                            12,                       3,                       0.000562
15,                            12,                       3,                       0.000706
15,                            12,                       3,                       0.00049
15,                            12,                       3,                       0.000602
15,                            12,                       3,                       0.000614
15,                            12,                       3,                       0.000603
15,                            12,                       3,                       0.000545
15,                            12,                       3,                       0.000445
15,                            12,                       3,                       0.000647
15,                            12,                       3,                       0.000554
15,                            12,                       3,                       0.000565
15,                            12,                       3,                       0.000852
15,                            12,                       3,                       0.000554
15,                            12,                       3,                       0.000776
15,                            12,                       3,                       0.000661
15,                            12,                       3,                       0.000437
15,                            12,                       3,                       0.000619
15,                            12,                       3,                       0.000625
15,                            12,                       3,                       0.000634
15,                            12,                       3,                       0.000679
15,                            12,                       3,                       0.000578
15,                            12,                       3,                       0.000818
15,                            12,                       3,                       0.000571
15,                            12,                       3,                       0.000562
15,                            12,                       3,                       0.000465
15,                            12,                       3,                       0.000558
15,                            12,                       3,                       0.000732
15,                            12,                       3,                       0.000562
15,                            12,                       3,                       0.000748
15,                            12,                       3,                       0.000877
15,                            12,                       3,                       0.000617
15,                            12,                       3,                       0.000559
15,                            12,                       3,                       0.000634
15,                            12,                       3,                       0.00057
15,                            12,                       3,                       0.000631
15,                            12,                       3,                       0.000622
15,                            12,                       3,                       0.000637
15,                            12,                       3,                       0.000572
15,                            12,                       3,                       0.000494
15,                            12,                       3,                       0.000632
15,                            12,                       3,                       0.000647
15,                            12,                       3,                       0.00063
15,                            12,                       3,                       0.000725
15,                            12,                       3,                       0.000623
15,                            12,                       3,                       0.000759
15,                            12,                       3,                       0.000607
15,                            12,                       3,                       0.00067
15,                            12,                       3,                       0.000469
15,                            12,                       3,                       0.000631
15,                            12,                       3,                       0.000619
15,                            12,                       3,                       0.000981
15,                            12,                       3,                       0.000657
15,                            12,                       3,                       0.000759
15,                            12,                       3,                       0.000558
15,                            12,                       3,                       0.000618
15,                            12,                       3,                       0.000562
15,                            12,                       3,                       0.000593
15,                            12,                       3,                       0.00057
15,                            12,                       3,                       0.000602
15,                            12,                       3,                       0.00057
15,                            12,                       3,                       0.000562
15,                            12,                       3,                       0.000496
15,                            12,                       3,                       0.000466
15,                            12,                       3,                       0.000616
15,                            12,                       3,                       0.000554
15,                            12,                       3,                       0.000598
15,                            12,                       3,                       0.000522
15,                            12,                       3,                       0.000606
15,                            12,                       3,                       0.000611
15,                            12,                       3,                       0.000683
15,                            12,                       3,                       0.000579
15,                            12,                       3,                       0.000614
15,                            12,                       3,                       0.000566
15,                            12,                       3,                       0.000674
15,                            12,                       3,                       0.000554
15,                            12,                       3,                       0.000952
15,                            12,                       3,                       0.000623
15,                            12,                       3,                       0.000472
15,                            12,                       3,                       0.000681
15,                            12,                       3,                       0.000553
15,                            12,                       3,                       0.000588
15,                            12,                       3,                       0.000446
15,                            12,                       3,                       0.000637
15,                            12,                       3,                       0.000566
15,                            12,                       3,                       0.000489
15,                            12,                       3,                       0.000573
15,                            12,                       3,                       0.000591
15,                            12,                       3,                       0.000558
15,                            12,                       3,                       0.000567
15,                            12,                       3,                       0.000718
15,                            12,                       3,                       0.000494
15,                            12,                       3,                       0.000612
15,                            12,                       3,                       0.000581
15,                            12,                       3,                       0.000614
15,                            12,                       3,                       0.000479
15,                            12,                       3,                       0.00056
15,                            12,                       3,                       0.00059
15,                            12,                       3,                       0.000661
15,                            12,                       3,                       0.000566
15,                            12,                       3,                       0.000632
15,                            12,                       3,                       0.000575
15,                            12,                       3,                       0.000608
15,                            12,                       3,                       0.000593
15,                            12,                       3,                       0.000459
15,                            12,                       3,                       0.000642
15,                            12,                       3,                       0.000643
15,                            12,                       3,                       0.000487
15,                            12,                       3,                       0.000619
15,                            12,                       3,                       0.000558
15,                            12,                       3,                       0.000608
15,                            12,                       3,                       0.00062
15,                            12,                       3,                       0.000562
15,                            12,                       3,                       0.000429
15,                            12,                       3,                       0.000568
15,                            12,                       3,                       0.000614
15,                            12,                       3,                       0.00059
15,                            12,                       3,                       0.000648
15,                            12,                       3,                       0.000561
15,                            12,                       3,                       0.00078
15,                            12,                       3,                       0.000548
15,                            12,                       3,                       0.000595
15,                            12,                       3,                       0.000619
15,                            12,                       3,                       0.000634
15,                            12,                       3,                       0.000973
15,                            12,                       3,                       0.00052
15,                            12,                       3,                       0.000622
15,                            12,                       3,                       0.00058
15,                            12,                       3,                       0.000616
15,                            12,                       3,                       0.000584
15,                            12,                       3,                       0.000598
15,                            12,                       3,                       0.000555
15,                            12,                       3,                       0.000551
15,                            12,                       3,                       0.00062
15,                            12,                       3,                       0.000633
15,                            12,                       3,                       0.000612
15,                            12,                       3,                       0.000606
15,                            12,                       3,                       0.000469
15,                            12,                       3,                       0.000585
15,                            12,                       3,                       0.000594
15,                            12,                       3,                       0.000612
15,                            12,                       3,                       0.000559
15,                            12,                       3,                       0.000609
15,                            12,                       3,                       0.000633
15,                            12,                       3,                       0.000565
15,                            12,                       3,                       0.000611
15,                            12,                       3,                       0.00063
15,                            12,                       3,                       0.000826
15,                            12,                       3,                       0.000624
15,                            12,                       3,                       0.000597
15,                            12,                       3,                       0.000562
15,                            12,                       3,                       0.000498
15,                            12,                       3,                       0.000555
15,                            12,                       3,                       0.000618
15,                            12,                       3,                       0.000439
15,                            12,                       3,                       0.000605
15,                            12,                       3,                       0.000442
15,                            12,                       3,                       0.000781
15,                            12,                       3,                       0.00044
15,                            12,                       3,                       0.000505
15,                            12,                       3,                       0.000561
15,                            12,                       3,                       0.000634
15,                            12,                       3,                       0.000618
15,                            12,                       3,                       0.000608
15,                            12,                       3,                       0.000657
15,                            12,                       3,                       0.000559
15,                            12,                       3,                       0.000625
15,                            12,                       3,                       0.000463
15,                            12,                       3,                       0.000611
15,                            12,                       3,                       0.000622
15,                            12,                       3,                       0.000589
15,                            12,                       3,                       0.000637
15,                            12,                       3,                       0.000618
15,                            12,                       3,                       0.000614
15,                            12,                       3,                       0.000622
15,                            12,                       3,                       0.000562
15,                            12,                       3,                       0.000632
15,                            12,                       3,                       0.000628
15,                            12,                       3,                       0.000488
15,                            12,                       3,                       0.000605
15,                            12,                       3,                       0.000846
15,                            12,                       3,                       0.000564
15,                            12,                       3,                       0.000571
15,                            12,                       3,                       0.000602
15,                            12,                       3,                       0.000606
15,                            12,                       3,                       0.000606
15,                            12,                       3,                       0.000559
15,                            12,                       3,                       0.000573
15,                            12,                       3,                       0.000575
15,                            12,                       3,                       0.000566
