COMMENT : The search result by Simulated-Annealing for Cauchy_Good Fri Jan 26 18:35:46 2018

tech : Cauchy_Good
algorithm : Simulated-Annealing
k : 4
m : 2
w : 6
failed_disk_id : 0
conventional_symbol_number    optimized_symbol_number    reduced_symbol_number    time
24,                            18,                       6,                       0.0057
24,                            18,                       6,                       0.005494
24,                            18,                       6,                       0.006139
24,                            18,                       6,                       0.006022
24,                            18,                       6,                       0.005611
24,                            18,                       6,                       0.005931
24,                            18,                       6,                       0.005776
24,                            18,                       6,                       0.005552
24,                            18,                       6,                       0.005697
24,                            18,                       6,                       0.005521
24,                            18,                       6,                       0.006111
24,                            18,                       6,                       0.005663
24,                            18,                       6,                       0.005534
24,                            18,                       6,                       0.006008
24,                            18,                       6,                       0.006162
24,                            18,                       6,                       0.005865
24,                            18,                       6,                       0.005799
24,                            18,                       6,                       0.006511
24,                            18,                       6,                       0.005507
24,                            18,                       6,                       0.005894
24,                            18,                       6,                       0.005707
24,                            18,                       6,                       0.006159
24,                            18,                       6,                       0.009304
24,                            18,                       6,                       0.005295
24,                            18,                       6,                       0.005414
24,                            18,                       6,                       0.005039
24,                            18,                       6,                       0.005418
24,                            18,                       6,                       0.00591
24,                            18,                       6,                       0.005555
24,                            18,                       6,                       0.005082
24,                            18,                       6,                       0.005593
24,                            18,                       6,                       0.005261
24,                            18,                       6,                       0.005786
24,                            18,                       6,                       0.0059
24,                            18,                       6,                       0.005583
24,                            18,                       6,                       0.005346
24,                            18,                       6,                       0.005927
24,                            18,                       6,                       0.005271
24,                            18,                       6,                       0.005535
24,                            18,                       6,                       0.005309
24,                            18,                       6,                       0.005402
24,                            18,                       6,                       0.005546
24,                            18,                       6,                       0.00518
24,                            18,                       6,                       0.005923
24,                            18,                       6,                       0.005525
24,                            18,                       6,                       0.005714
24,                            18,                       6,                       0.0053
24,                            18,                       6,                       0.005508
24,                            18,                       6,                       0.005597
24,                            18,                       6,                       0.00641
24,                            18,                       6,                       0.005285
24,                            18,                       6,                       0.005317
24,                            18,                       6,                       0.005602
24,                            18,                       6,                       0.005301
24,                            18,                       6,                       0.005283
24,                            18,                       6,                       0.005313
24,                            18,                       6,                       0.005512
24,                            18,                       6,                       0.005995
24,                            18,                       6,                       0.005719
24,                            18,                       6,                       0.005431
24,                            18,                       6,                       0.005339
24,                            18,                       6,                       0.005584
24,                            18,                       6,                       0.005212
24,                            18,                       6,                       0.005382
24,                            18,                       6,                       0.0055
24,                            18,                       6,                       0.005998
24,                            18,                       6,                       0.005413
24,                            18,                       6,                       0.005417
24,                            18,                       6,                       0.005331
24,                            18,                       6,                       0.005462
24,                            18,                       6,                       0.005304
24,                            18,                       6,                       0.005558
24,                            18,                       6,                       0.00541
24,                            18,                       6,                       0.005446
24,                            18,                       6,                       0.005596
24,                            18,                       6,                       0.005526
24,                            18,                       6,                       0.005519
24,                            18,                       6,                       0.011637
24,                            18,                       6,                       0.00564
24,                            18,                       6,                       0.005335
24,                            18,                       6,                       0.005197
24,                            18,                       6,                       0.00574
24,                            18,                       6,                       0.005614
24,                            18,                       6,                       0.005177
24,                            18,                       6,                       0.005376
24,                            18,                       6,                       0.005523
24,                            18,                       6,                       0.0054
24,                            18,                       6,                       0.005286
24,                            18,                       6,                       0.005611
24,                            18,                       6,                       0.008977
24,                            18,                       6,                       0.005721
24,                            18,                       6,                       0.005419
24,                            18,                       6,                       0.00574
24,                            18,                       6,                       0.005381
24,                            18,                       6,                       0.009329
24,                            18,                       6,                       0.006446
24,                            18,                       6,                       0.00571
24,                            18,                       6,                       0.005496
24,                            18,                       6,                       0.005866
24,                            18,                       6,                       0.005825
24,                            18,                       6,                       0.005667
24,                            18,                       6,                       0.005898
24,                            18,                       6,                       0.005459
24,                            18,                       6,                       0.00551
24,                            18,                       6,                       0.005543
24,                            18,                       6,                       0.005307
24,                            18,                       6,                       0.005542
24,                            18,                       6,                       0.005611
24,                            18,                       6,                       0.00562
24,                            18,                       6,                       0.005756
24,                            18,                       6,                       0.005225
24,                            18,                       6,                       0.005175
24,                            18,                       6,                       0.00567
24,                            18,                       6,                       0.00559
24,                            18,                       6,                       0.005292
24,                            18,                       6,                       0.005376
24,                            18,                       6,                       0.005498
24,                            18,                       6,                       0.005407
24,                            18,                       6,                       0.00546
24,                            18,                       6,                       0.005663
24,                            18,                       6,                       0.005528
24,                            18,                       6,                       0.005647
24,                            18,                       6,                       0.005376
24,                            18,                       6,                       0.005615
24,                            18,                       6,                       0.005379
24,                            18,                       6,                       0.005718
24,                            18,                       6,                       0.005677
24,                            18,                       6,                       0.0056
24,                            18,                       6,                       0.009295
24,                            18,                       6,                       0.00527
24,                            18,                       6,                       0.005507
24,                            18,                       6,                       0.005538
24,                            18,                       6,                       0.005436
24,                            18,                       6,                       0.005352
24,                            18,                       6,                       0.005682
24,                            18,                       6,                       0.00551
24,                            18,                       6,                       0.005839
24,                            18,                       6,                       0.005351
24,                            18,                       6,                       0.005407
24,                            18,                       6,                       0.005181
24,                            18,                       6,                       0.005669
24,                            18,                       6,                       0.005294
24,                            18,                       6,                       0.005601
24,                            18,                       6,                       0.006053
24,                            18,                       6,                       0.005321
24,                            18,                       6,                       0.005743
24,                            18,                       6,                       0.005319
24,                            18,                       6,                       0.005333
24,                            18,                       6,                       0.005195
24,                            18,                       6,                       0.005233
24,                            18,                       6,                       0.005146
24,                            18,                       6,                       0.005421
24,                            18,                       6,                       0.005525
24,                            18,                       6,                       0.006136
24,                            18,                       6,                       0.005834
24,                            18,                       6,                       0.006333
24,                            18,                       6,                       0.005507
24,                            18,                       6,                       0.005296
24,                            18,                       6,                       0.005374
24,                            18,                       6,                       0.00532
24,                            18,                       6,                       0.00948
24,                            18,                       6,                       0.005838
24,                            18,                       6,                       0.005901
24,                            18,                       6,                       0.005586
24,                            18,                       6,                       0.005936
24,                            18,                       6,                       0.005407
24,                            18,                       6,                       0.005477
24,                            18,                       6,                       0.005433
24,                            18,                       6,                       0.00541
24,                            18,                       6,                       0.005317
24,                            18,                       6,                       0.005316
24,                            18,                       6,                       0.005514
24,                            18,                       6,                       0.006879
24,                            18,                       6,                       0.005266
24,                            18,                       6,                       0.011993
24,                            18,                       6,                       0.005383
24,                            18,                       6,                       0.005518
24,                            18,                       6,                       0.00551
24,                            18,                       6,                       0.005346
24,                            18,                       6,                       0.005475
24,                            18,                       6,                       0.005668
24,                            18,                       6,                       0.00538
24,                            18,                       6,                       0.005323
24,                            18,                       6,                       0.005722
24,                            18,                       6,                       0.005875
24,                            18,                       6,                       0.005647
24,                            18,                       6,                       0.005427
24,                            18,                       6,                       0.005615
24,                            18,                       6,                       0.005365
24,                            18,                       6,                       0.006175
24,                            18,                       6,                       0.005709
24,                            18,                       6,                       0.00529
24,                            18,                       6,                       0.005408
24,                            18,                       6,                       0.005898
24,                            18,                       6,                       0.005865
24,                            18,                       6,                       0.005391
24,                            18,                       6,                       0.005553
24,                            18,                       6,                       0.005481
24,                            18,                       6,                       0.005915
24,                            18,                       6,                       0.0055
24,                            18,                       6,                       0.005356
24,                            18,                       6,                       0.005301
24,                            18,                       6,                       0.00575
24,                            18,                       6,                       0.007068
24,                            18,                       6,                       0.005849
24,                            18,                       6,                       0.005426
24,                            18,                       6,                       0.005607
24,                            18,                       6,                       0.005447
24,                            18,                       6,                       0.005266
24,                            18,                       6,                       0.005844
24,                            18,                       6,                       0.005405
24,                            18,                       6,                       0.005856
24,                            18,                       6,                       0.00543
24,                            18,                       6,                       0.005336
24,                            18,                       6,                       0.005228
24,                            18,                       6,                       0.005873
24,                            18,                       6,                       0.005834
24,                            18,                       6,                       0.005524
24,                            18,                       6,                       0.00537
24,                            18,                       6,                       0.006059
24,                            18,                       6,                       0.005372
24,                            18,                       6,                       0.005903
24,                            18,                       6,                       0.005555
24,                            18,                       6,                       0.005982
24,                            18,                       6,                       0.005703
24,                            18,                       6,                       0.005493
24,                            18,                       6,                       0.005279
24,                            18,                       6,                       0.005845
24,                            18,                       6,                       0.005493
24,                            18,                       6,                       0.005405
24,                            18,                       6,                       0.005249
24,                            18,                       6,                       0.005821
24,                            18,                       6,                       0.005373
24,                            18,                       6,                       0.01694
24,                            18,                       6,                       0.005618
24,                            18,                       6,                       0.013968
24,                            18,                       6,                       0.005541
24,                            18,                       6,                       0.008765
24,                            18,                       6,                       0.005524
24,                            18,                       6,                       0.005606
24,                            18,                       6,                       0.00582
24,                            18,                       6,                       0.005819
24,                            18,                       6,                       0.00544
24,                            18,                       6,                       0.005633
24,                            18,                       6,                       0.00526
24,                            18,                       6,                       0.005481
24,                            18,                       6,                       0.005505
24,                            18,                       6,                       0.005505
24,                            18,                       6,                       0.005617
24,                            18,                       6,                       0.005393
24,                            18,                       6,                       0.005386
24,                            18,                       6,                       0.005372
24,                            18,                       6,                       0.006219
24,                            18,                       6,                       0.005521
24,                            18,                       6,                       0.005819
24,                            18,                       6,                       0.005169
24,                            18,                       6,                       0.00555
24,                            18,                       6,                       0.005375
24,                            18,                       6,                       0.005853
24,                            18,                       6,                       0.0054
24,                            18,                       6,                       0.011726
24,                            18,                       6,                       0.005355
24,                            18,                       6,                       0.005869
24,                            18,                       6,                       0.00538
24,                            18,                       6,                       0.005701
24,                            18,                       6,                       0.00538
24,                            18,                       6,                       0.005324
24,                            18,                       6,                       0.005253
24,                            18,                       6,                       0.005374
24,                            18,                       6,                       0.00565
24,                            18,                       6,                       0.005457
24,                            18,                       6,                       0.005987
24,                            18,                       6,                       0.005403
24,                            18,                       6,                       0.005307
24,                            18,                       6,                       0.005392
24,                            18,                       6,                       0.005414
24,                            18,                       6,                       0.005236
24,                            18,                       6,                       0.005713
24,                            18,                       6,                       0.005305
24,                            18,                       6,                       0.005575
24,                            18,                       6,                       0.005153
24,                            18,                       6,                       0.005293
24,                            18,                       6,                       0.00536
24,                            18,                       6,                       0.005736
24,                            18,                       6,                       0.005622
24,                            18,                       6,                       0.00537
24,                            18,                       6,                       0.00534
24,                            18,                       6,                       0.005533
24,                            18,                       6,                       0.005472
24,                            18,                       6,                       0.00545
24,                            18,                       6,                       0.005544
24,                            18,                       6,                       0.005537
24,                            18,                       6,                       0.005405
24,                            18,                       6,                       0.005975
24,                            18,                       6,                       0.005769
24,                            18,                       6,                       0.005562
24,                            18,                       6,                       0.00521
24,                            18,                       6,                       0.005249
24,                            18,                       6,                       0.005408
24,                            18,                       6,                       0.005743
