COMMENT : The search result by Simulated-Annealing for Cauchy_Good Fri Jan 26 18:35:57 2018

tech : Cauchy_Good
algorithm : Simulated-Annealing
k : 8
m : 6
w : 5
failed_disk_id : 0
conventional_symbol_number    optimized_symbol_number    reduced_symbol_number    time
40,                            31,                       9,                       0.018653
40,                            31,                       9,                       0.016317
40,                            31,                       9,                       0.016724
40,                            31,                       9,                       0.018819
40,                            31,                       9,                       0.015961
40,                            31,                       9,                       0.015567
40,                            31,                       9,                       0.016057
40,                            31,                       9,                       0.015437
40,                            30,                       10,                       0.015829
40,                            30,                       10,                       0.016219
40,                            31,                       9,                       0.016123
40,                            31,                       9,                       0.015223
40,                            30,                       10,                       0.016223
40,                            31,                       9,                       0.015849
40,                            31,                       9,                       0.016093
40,                            31,                       9,                       0.018024
40,                            31,                       9,                       0.015447
40,                            31,                       9,                       0.017365
40,                            31,                       9,                       0.01665
40,                            30,                       10,                       0.01622
40,                            31,                       9,                       0.016433
40,                            30,                       10,                       0.016787
40,                            31,                       9,                       0.015255
40,                            31,                       9,                       0.014794
40,                            31,                       9,                       0.015265
40,                            30,                       10,                       0.015751
40,                            31,                       9,                       0.015497
40,                            30,                       10,                       0.015618
40,                            31,                       9,                       0.016586
40,                            31,                       9,                       0.015111
40,                            31,                       9,                       0.016251
40,                            31,                       9,                       0.015051
40,                            30,                       10,                       0.015904
40,                            31,                       9,                       0.015005
40,                            30,                       10,                       0.015092
40,                            31,                       9,                       0.015445
40,                            30,                       10,                       0.015867
40,                            31,                       9,                       0.014982
40,                            31,                       9,                       0.015818
40,                            30,                       10,                       0.015368
40,                            31,                       9,                       0.016855
40,                            31,                       9,                       0.01496
40,                            31,                       9,                       0.016081
40,                            30,                       10,                       0.015779
40,                            30,                       10,                       0.015851
40,                            31,                       9,                       0.014951
40,                            31,                       9,                       0.016133
40,                            30,                       10,                       0.016154
40,                            31,                       9,                       0.016207
40,                            30,                       10,                       0.01539
40,                            31,                       9,                       0.016211
40,                            31,                       9,                       0.015976
40,                            31,                       9,                       0.015786
40,                            31,                       9,                       0.017181
40,                            31,                       9,                       0.015302
40,                            31,                       9,                       0.016268
40,                            31,                       9,                       0.016031
40,                            30,                       10,                       0.015042
40,                            31,                       9,                       0.017026
40,                            31,                       9,                       0.016368
40,                            31,                       9,                       0.015072
40,                            31,                       9,                       0.016029
40,                            31,                       9,                       0.015515
40,                            30,                       10,                       0.015854
40,                            30,                       10,                       0.015745
40,                            31,                       9,                       0.014965
40,                            31,                       9,                       0.015824
40,                            31,                       9,                       0.015241
40,                            31,                       9,                       0.015664
40,                            31,                       9,                       0.016942
40,                            31,                       9,                       0.015218
40,                            30,                       10,                       0.015814
40,                            31,                       9,                       0.015601
40,                            31,                       9,                       0.014337
40,                            31,                       9,                       0.015252
40,                            31,                       9,                       0.01875
40,                            31,                       9,                       0.015781
40,                            31,                       9,                       0.015566
40,                            31,                       9,                       0.01568
40,                            30,                       10,                       0.019809
40,                            31,                       9,                       0.014798
40,                            31,                       9,                       0.014576
40,                            31,                       9,                       0.01725
40,                            30,                       10,                       0.015434
40,                            30,                       10,                       0.015602
40,                            31,                       9,                       0.014904
40,                            31,                       9,                       0.015772
40,                            31,                       9,                       0.016292
40,                            31,                       9,                       0.015387
40,                            31,                       9,                       0.017357
40,                            31,                       9,                       0.016175
40,                            31,                       9,                       0.016857
40,                            31,                       9,                       0.0145
40,                            31,                       9,                       0.014688
40,                            31,                       9,                       0.016775
40,                            31,                       9,                       0.016123
40,                            31,                       9,                       0.016634
40,                            30,                       10,                       0.01549
40,                            30,                       10,                       0.016034
40,                            30,                       10,                       0.017533
40,                            30,                       10,                       0.01643
40,                            31,                       9,                       0.017414
40,                            31,                       9,                       0.016669
40,                            31,                       9,                       0.015326
40,                            30,                       10,                       0.016002
40,                            31,                       9,                       0.016324
40,                            30,                       10,                       0.016383
40,                            30,                       10,                       0.015513
40,                            31,                       9,                       0.018109
40,                            31,                       9,                       0.016557
40,                            31,                       9,                       0.015888
40,                            30,                       10,                       0.015379
40,                            31,                       9,                       0.01615
40,                            30,                       10,                       0.015571
40,                            31,                       9,                       0.015503
40,                            30,                       10,                       0.016463
40,                            30,                       10,                       0.01544
40,                            30,                       10,                       0.016399
40,                            30,                       10,                       0.015631
40,                            31,                       9,                       0.015502
40,                            30,                       10,                       0.016291
40,                            31,                       9,                       0.01572
40,                            32,                       8,                       0.018077
40,                            31,                       9,                       0.016203
40,                            31,                       9,                       0.015021
40,                            31,                       9,                       0.016153
40,                            31,                       9,                       0.014977
40,                            30,                       10,                       0.015639
40,                            31,                       9,                       0.015788
40,                            30,                       10,                       0.01606
40,                            31,                       9,                       0.01547
40,                            31,                       9,                       0.016413
40,                            30,                       10,                       0.0163
40,                            31,                       9,                       0.016156
40,                            31,                       9,                       0.014634
40,                            31,                       9,                       0.016443
40,                            30,                       10,                       0.015073
40,                            31,                       9,                       0.016083
40,                            30,                       10,                       0.016386
40,                            31,                       9,                       0.01559
40,                            30,                       10,                       0.016129
40,                            30,                       10,                       0.018515
40,                            30,                       10,                       0.016614
40,                            31,                       9,                       0.014737
40,                            30,                       10,                       0.015987
40,                            31,                       9,                       0.014985
40,                            31,                       9,                       0.015189
40,                            31,                       9,                       0.015288
40,                            31,                       9,                       0.016105
40,                            31,                       9,                       0.016841
40,                            31,                       9,                       0.014931
40,                            31,                       9,                       0.016547
40,                            30,                       10,                       0.016032
40,                            31,                       9,                       0.015286
40,                            30,                       10,                       0.015813
40,                            31,                       9,                       0.014896
40,                            31,                       9,                       0.015916
40,                            31,                       9,                       0.015229
40,                            31,                       9,                       0.016161
40,                            30,                       10,                       0.015568
40,                            31,                       9,                       0.016418
40,                            31,                       9,                       0.015283
40,                            31,                       9,                       0.015697
40,                            31,                       9,                       0.016864
40,                            31,                       9,                       0.016264
40,                            31,                       9,                       0.016114
40,                            31,                       9,                       0.015411
40,                            30,                       10,                       0.015524
40,                            31,                       9,                       0.016032
40,                            31,                       9,                       0.015528
40,                            30,                       10,                       0.015335
40,                            31,                       9,                       0.018113
40,                            30,                       10,                       0.016278
40,                            31,                       9,                       0.01527
40,                            31,                       9,                       0.016004
40,                            31,                       9,                       0.015205
40,                            30,                       10,                       0.015608
40,                            31,                       9,                       0.01516
40,                            30,                       10,                       0.015732
40,                            31,                       9,                       0.016311
40,                            31,                       9,                       0.016281
40,                            31,                       9,                       0.015234
40,                            31,                       9,                       0.017486
40,                            31,                       9,                       0.015563
40,                            31,                       9,                       0.015146
40,                            31,                       9,                       0.016283
40,                            31,                       9,                       0.016323
40,                            30,                       10,                       0.015979
40,                            31,                       9,                       0.015845
40,                            31,                       9,                       0.017348
40,                            31,                       9,                       0.015188
40,                            31,                       9,                       0.01663
40,                            30,                       10,                       0.015865
40,                            31,                       9,                       0.015055
40,                            31,                       9,                       0.015782
40,                            30,                       10,                       0.016194
40,                            31,                       9,                       0.016692
40,                            31,                       9,                       0.016304
40,                            31,                       9,                       0.016403
40,                            31,                       9,                       0.015357
40,                            30,                       10,                       0.015683
40,                            30,                       10,                       0.016245
40,                            31,                       9,                       0.017182
40,                            31,                       9,                       0.016967
40,                            31,                       9,                       0.016931
40,                            31,                       9,                       0.015993
40,                            30,                       10,                       0.015777
40,                            31,                       9,                       0.015593
40,                            31,                       9,                       0.017117
40,                            31,                       9,                       0.017144
40,                            30,                       10,                       0.015697
40,                            31,                       9,                       0.015287
40,                            30,                       10,                       0.016569
40,                            30,                       10,                       0.015926
40,                            31,                       9,                       0.015913
40,                            30,                       10,                       0.016244
40,                            31,                       9,                       0.015836
40,                            31,                       9,                       0.015389
40,                            31,                       9,                       0.015692
40,                            30,                       10,                       0.016048
40,                            31,                       9,                       0.016403
40,                            31,                       9,                       0.018067
40,                            30,                       10,                       0.015554
40,                            31,                       9,                       0.01624
40,                            30,                       10,                       0.015027
40,                            31,                       9,                       0.016774
40,                            30,                       10,                       0.016264
40,                            30,                       10,                       0.015925
40,                            31,                       9,                       0.015663
40,                            30,                       10,                       0.015552
40,                            31,                       9,                       0.017307
40,                            30,                       10,                       0.016248
40,                            31,                       9,                       0.014919
40,                            31,                       9,                       0.014864
40,                            31,                       9,                       0.017222
40,                            30,                       10,                       0.015961
40,                            31,                       9,                       0.015239
40,                            31,                       9,                       0.016119
40,                            31,                       9,                       0.015201
40,                            31,                       9,                       0.015291
40,                            30,                       10,                       0.016269
40,                            30,                       10,                       0.015871
40,                            30,                       10,                       0.016049
40,                            31,                       9,                       0.014947
40,                            30,                       10,                       0.015665
40,                            31,                       9,                       0.016669
40,                            31,                       9,                       0.015403
40,                            31,                       9,                       0.017226
40,                            31,                       9,                       0.016554
40,                            31,                       9,                       0.015309
40,                            30,                       10,                       0.015839
40,                            30,                       10,                       0.016216
40,                            31,                       9,                       0.015682
40,                            31,                       9,                       0.015317
40,                            31,                       9,                       0.01667
40,                            31,                       9,                       0.014894
40,                            31,                       9,                       0.016701
40,                            30,                       10,                       0.015761
40,                            31,                       9,                       0.015232
40,                            31,                       9,                       0.015527
40,                            31,                       9,                       0.015728
40,                            30,                       10,                       0.015659
40,                            31,                       9,                       0.017446
40,                            30,                       10,                       0.016289
40,                            31,                       9,                       0.015162
40,                            30,                       10,                       0.015137
40,                            31,                       9,                       0.015597
40,                            31,                       9,                       0.017103
40,                            31,                       9,                       0.015473
40,                            31,                       9,                       0.014956
40,                            30,                       10,                       0.015906
40,                            31,                       9,                       0.01568
40,                            31,                       9,                       0.015756
40,                            31,                       9,                       0.015093
40,                            31,                       9,                       0.016497
40,                            31,                       9,                       0.015548
40,                            31,                       9,                       0.015686
40,                            31,                       9,                       0.015403
40,                            30,                       10,                       0.016385
40,                            31,                       9,                       0.015485
40,                            31,                       9,                       0.015987
40,                            31,                       9,                       0.015557
40,                            31,                       9,                       0.016246
40,                            31,                       9,                       0.016469
40,                            31,                       9,                       0.015293
40,                            31,                       9,                       0.015791
40,                            31,                       9,                       0.015246
40,                            31,                       9,                       0.014855
40,                            31,                       9,                       0.0154
40,                            31,                       9,                       0.015102
40,                            30,                       10,                       0.015727
40,                            31,                       9,                       0.015505
40,                            31,                       9,                       0.016726
40,                            31,                       9,                       0.016325
40,                            31,                       9,                       0.015901
40,                            31,                       9,                       0.015948
40,                            31,                       9,                       0.016046
40,                            31,                       9,                       0.016019
40,                            31,                       9,                       0.015462
40,                            31,                       9,                       0.015815
