COMMENT : The search result by Simulated-Annealing for Cauchy_Good Fri Jan 26 18:35:47 2018

tech : Cauchy_Good
algorithm : Simulated-Annealing
k : 4
m : 4
w : 3
failed_disk_id : 0
conventional_symbol_number    optimized_symbol_number    reduced_symbol_number    time
12,                            9,                       3,                       0.000936
12,                            9,                       3,                       0.000757
12,                            9,                       3,                       0.000908
12,                            9,                       3,                       0.001103
12,                            9,                       3,                       0.000906
12,                            9,                       3,                       0.000828
12,                            9,                       3,                       0.000571
12,                            9,                       3,                       0.000784
12,                            9,                       3,                       0.000746
12,                            9,                       3,                       0.000707
12,                            9,                       3,                       0.000765
12,                            9,                       3,                       0.000607
12,                            9,                       3,                       0.000754
12,                            9,                       3,                       0.000729
12,                            9,                       3,                       0.000758
12,                            9,                       3,                       0.000697
12,                            9,                       3,                       0.000731
12,                            9,                       3,                       0.000749
12,                            9,                       3,                       0.00074
12,                            9,                       3,                       0.000714
12,                            9,                       3,                       0.000797
12,                            9,                       3,                       0.000804
12,                            9,                       3,                       0.000577
12,                            9,                       3,                       0.00053
12,                            9,                       3,                       0.000832
12,                            9,                       3,                       0.000695
12,                            9,                       3,                       0.000844
12,                            9,                       3,                       0.000604
12,                            9,                       3,                       0.000778
12,                            9,                       3,                       0.000868
12,                            9,                       3,                       0.000727
12,                            9,                       3,                       0.00062
12,                            9,                       3,                       0.000734
12,                            9,                       3,                       0.000785
12,                            9,                       3,                       0.000756
12,                            9,                       3,                       0.000726
12,                            9,                       3,                       0.000743
12,                            9,                       3,                       0.000809
12,                            9,                       3,                       0.000767
12,                            9,                       3,                       0.000756
12,                            9,                       3,                       0.00069
12,                            9,                       3,                       0.000694
12,                            9,                       3,                       0.000726
12,                            9,                       3,                       0.000753
12,                            9,                       3,                       0.001034
12,                            9,                       3,                       0.00081
12,                            9,                       3,                       0.00068
12,                            9,                       3,                       0.000747
12,                            9,                       3,                       0.00073
12,                            9,                       3,                       0.00077
12,                            9,                       3,                       0.000816
12,                            9,                       3,                       0.000643
12,                            9,                       3,                       0.000769
12,                            9,                       3,                       0.000863
12,                            9,                       3,                       0.000633
12,                            9,                       3,                       0.000775
12,                            9,                       3,                       0.000786
12,                            9,                       3,                       0.000732
12,                            9,                       3,                       0.000767
12,                            9,                       3,                       0.000732
12,                            9,                       3,                       0.00082
12,                            9,                       3,                       0.000796
12,                            9,                       3,                       0.000651
12,                            9,                       3,                       0.000736
12,                            9,                       3,                       0.000997
12,                            9,                       3,                       0.000626
12,                            9,                       3,                       0.000711
12,                            9,                       3,                       0.000736
12,                            9,                       3,                       0.000756
12,                            9,                       3,                       0.00054
12,                            9,                       3,                       0.000736
12,                            9,                       3,                       0.00068
12,                            9,                       3,                       0.000767
12,                            9,                       3,                       0.000745
12,                            9,                       3,                       0.000718
12,                            9,                       3,                       0.000752
12,                            9,                       3,                       0.000793
12,                            9,                       3,                       0.000732
12,                            9,                       3,                       0.000925
12,                            9,                       3,                       0.000762
12,                            9,                       3,                       0.000756
12,                            9,                       3,                       0.000731
12,                            9,                       3,                       0.000761
12,                            9,                       3,                       0.000804
12,                            9,                       3,                       0.00069
12,                            9,                       3,                       0.000746
12,                            9,                       3,                       0.000678
12,                            9,                       3,                       0.000767
12,                            9,                       3,                       0.000756
12,                            9,                       3,                       0.000751
12,                            9,                       3,                       0.000715
12,                            9,                       3,                       0.000752
12,                            9,                       3,                       0.00072
12,                            9,                       3,                       0.000695
12,                            9,                       3,                       0.000718
12,                            9,                       3,                       0.000754
12,                            9,                       3,                       0.000703
12,                            9,                       3,                       0.000792
12,                            9,                       3,                       0.000733
12,                            9,                       3,                       0.000763
12,                            9,                       3,                       0.000734
12,                            9,                       3,                       0.000753
12,                            9,                       3,                       0.000731
12,                            9,                       3,                       0.000763
12,                            9,                       3,                       0.000596
12,                            9,                       3,                       0.000778
12,                            9,                       3,                       0.000765
12,                            9,                       3,                       0.000783
12,                            9,                       3,                       0.000727
12,                            9,                       3,                       0.000703
12,                            9,                       3,                       0.000702
12,                            9,                       3,                       0.00069
12,                            9,                       3,                       0.00083
12,                            9,                       3,                       0.000702
12,                            9,                       3,                       0.000758
12,                            9,                       3,                       0.000656
12,                            9,                       3,                       0.000778
12,                            9,                       3,                       0.000615
12,                            9,                       3,                       0.000741
12,                            9,                       3,                       0.000731
12,                            9,                       3,                       0.000748
12,                            9,                       3,                       0.000754
12,                            9,                       3,                       0.000725
12,                            9,                       3,                       0.000744
12,                            9,                       3,                       0.000786
12,                            9,                       3,                       0.000759
12,                            9,                       3,                       0.000687
12,                            9,                       3,                       0.00077
12,                            9,                       3,                       0.000722
12,                            9,                       3,                       0.0006
12,                            9,                       3,                       0.001216
12,                            9,                       3,                       0.000539
12,                            9,                       3,                       0.000795
12,                            9,                       3,                       0.000733
12,                            9,                       3,                       0.000677
12,                            9,                       3,                       0.000772
12,                            9,                       3,                       0.000722
12,                            9,                       3,                       0.000723
12,                            9,                       3,                       0.000887
12,                            9,                       3,                       0.000743
12,                            9,                       3,                       0.000804
12,                            9,                       3,                       0.000787
12,                            9,                       3,                       0.000782
12,                            9,                       3,                       0.000772
12,                            9,                       3,                       0.000786
12,                            9,                       3,                       0.000746
12,                            9,                       3,                       0.000718
12,                            9,                       3,                       0.000733
12,                            9,                       3,                       0.000745
12,                            9,                       3,                       0.00078
12,                            9,                       3,                       0.000688
12,                            9,                       3,                       0.000727
12,                            9,                       3,                       0.000737
12,                            9,                       3,                       0.000533
12,                            9,                       3,                       0.000697
12,                            9,                       3,                       0.000888
12,                            9,                       3,                       0.000797
12,                            9,                       3,                       0.000619
12,                            9,                       3,                       0.000758
12,                            9,                       3,                       0.000745
12,                            9,                       3,                       0.00074
12,                            9,                       3,                       0.000789
12,                            9,                       3,                       0.000761
12,                            9,                       3,                       0.000774
12,                            9,                       3,                       0.000793
12,                            9,                       3,                       0.000626
12,                            9,                       3,                       0.000958
12,                            9,                       3,                       0.000716
12,                            9,                       3,                       0.000768
12,                            9,                       3,                       0.000761
12,                            9,                       3,                       0.000667
12,                            9,                       3,                       0.00068
12,                            9,                       3,                       0.000816
12,                            9,                       3,                       0.000763
12,                            9,                       3,                       0.000715
12,                            9,                       3,                       0.000777
12,                            9,                       3,                       0.000764
12,                            9,                       3,                       0.000546
12,                            9,                       3,                       0.000768
12,                            9,                       3,                       0.000763
12,                            9,                       3,                       0.000761
12,                            9,                       3,                       0.000757
12,                            9,                       3,                       0.000747
12,                            9,                       3,                       0.00073
12,                            9,                       3,                       0.000704
12,                            9,                       3,                       0.000751
12,                            9,                       3,                       0.000743
12,                            9,                       3,                       0.000749
12,                            9,                       3,                       0.00081
12,                            9,                       3,                       0.000782
12,                            9,                       3,                       0.00075
12,                            9,                       3,                       0.000705
12,                            9,                       3,                       0.000981
12,                            9,                       3,                       0.000678
12,                            9,                       3,                       0.000754
12,                            9,                       3,                       0.000751
12,                            9,                       3,                       0.000646
12,                            9,                       3,                       0.000667
12,                            9,                       3,                       0.000725
12,                            9,                       3,                       0.000583
12,                            9,                       3,                       0.000796
12,                            9,                       3,                       0.000781
12,                            9,                       3,                       0.000696
12,                            9,                       3,                       0.000741
12,                            9,                       3,                       0.000775
12,                            9,                       3,                       0.000598
12,                            9,                       3,                       0.000699
12,                            9,                       3,                       0.000606
12,                            9,                       3,                       0.00068
12,                            9,                       3,                       0.000733
12,                            9,                       3,                       0.000721
12,                            9,                       3,                       0.000767
12,                            9,                       3,                       0.000821
12,                            9,                       3,                       0.000752
12,                            9,                       3,                       0.000745
12,                            9,                       3,                       0.000927
12,                            9,                       3,                       0.000731
12,                            9,                       3,                       0.000601
12,                            9,                       3,                       0.000765
12,                            9,                       3,                       0.000774
12,                            9,                       3,                       0.000689
12,                            9,                       3,                       0.000746
12,                            9,                       3,                       0.000734
12,                            9,                       3,                       0.000747
12,                            9,                       3,                       0.000725
12,                            9,                       3,                       0.000655
12,                            9,                       3,                       0.000615
12,                            9,                       3,                       0.000711
12,                            9,                       3,                       0.000747
12,                            9,                       3,                       0.000685
12,                            9,                       3,                       0.000717
12,                            9,                       3,                       0.00071
12,                            9,                       3,                       0.000678
12,                            9,                       3,                       0.000714
12,                            9,                       3,                       0.000746
12,                            9,                       3,                       0.00066
12,                            9,                       3,                       0.000729
12,                            9,                       3,                       0.000813
12,                            9,                       3,                       0.000555
12,                            9,                       3,                       0.000771
12,                            9,                       3,                       0.000752
12,                            9,                       3,                       0.000765
12,                            9,                       3,                       0.000766
12,                            9,                       3,                       0.000726
12,                            9,                       3,                       0.000746
12,                            9,                       3,                       0.000719
12,                            9,                       3,                       0.000948
12,                            9,                       3,                       0.000729
12,                            9,                       3,                       0.000745
12,                            9,                       3,                       0.000766
12,                            9,                       3,                       0.000747
12,                            9,                       3,                       0.00063
12,                            9,                       3,                       0.000742
12,                            9,                       3,                       0.000735
12,                            9,                       3,                       0.000753
12,                            9,                       3,                       0.000717
12,                            9,                       3,                       0.000733
12,                            9,                       3,                       0.000706
12,                            9,                       3,                       0.000766
12,                            9,                       3,                       0.000769
12,                            9,                       3,                       0.000718
12,                            9,                       3,                       0.000736
12,                            9,                       3,                       0.000721
12,                            9,                       3,                       0.000767
12,                            9,                       3,                       0.00073
12,                            9,                       3,                       0.000921
12,                            9,                       3,                       0.000764
12,                            9,                       3,                       0.00078
12,                            9,                       3,                       0.000757
12,                            9,                       3,                       0.000799
12,                            9,                       3,                       0.000749
12,                            9,                       3,                       0.000786
12,                            9,                       3,                       0.00073
12,                            9,                       3,                       0.000763
12,                            9,                       3,                       0.000697
12,                            9,                       3,                       0.000748
12,                            9,                       3,                       0.000728
12,                            9,                       3,                       0.000752
12,                            9,                       3,                       0.000885
12,                            9,                       3,                       0.000738
12,                            9,                       3,                       0.000765
12,                            9,                       3,                       0.000745
12,                            9,                       3,                       0.000787
12,                            9,                       3,                       0.000776
12,                            9,                       3,                       0.00076
12,                            9,                       3,                       0.000725
12,                            9,                       3,                       0.000667
12,                            9,                       3,                       0.000673
12,                            9,                       3,                       0.000718
12,                            9,                       3,                       0.000933
12,                            9,                       3,                       0.0009
12,                            9,                       3,                       0.000719
12,                            9,                       3,                       0.000763
12,                            9,                       3,                       0.000695
12,                            9,                       3,                       0.000721
12,                            9,                       3,                       0.000724
12,                            9,                       3,                       0.000596
12,                            9,                       3,                       0.000763
12,                            9,                       3,                       0.000746
12,                            9,                       3,                       0.000726
