COMMENT : The search result by Simulated-Annealing for Cauchy_Good Fri Jan 26 18:35:48 2018

tech : Cauchy_Good
algorithm : Simulated-Annealing
k : 5
m : 5
w : 4
failed_disk_id : 0
conventional_symbol_number    optimized_symbol_number    reduced_symbol_number    time
20,                            15,                       5,                       0.00248
20,                            15,                       5,                       0.00241
20,                            15,                       5,                       0.002773
20,                            15,                       5,                       0.002412
20,                            15,                       5,                       0.002238
20,                            15,                       5,                       0.002478
20,                            15,                       5,                       0.0024
20,                            15,                       5,                       0.002572
20,                            15,                       5,                       0.0023
20,                            15,                       5,                       0.002298
20,                            15,                       5,                       0.002445
20,                            15,                       5,                       0.002287
20,                            15,                       5,                       0.002717
20,                            15,                       5,                       0.002302
20,                            15,                       5,                       0.002276
20,                            15,                       5,                       0.002231
20,                            15,                       5,                       0.002877
20,                            15,                       5,                       0.002439
20,                            15,                       5,                       0.002463
20,                            15,                       5,                       0.002481
20,                            15,                       5,                       0.002934
20,                            15,                       5,                       0.002674
20,                            15,                       5,                       0.002497
20,                            15,                       5,                       0.002445
20,                            15,                       5,                       0.002286
20,                            15,                       5,                       0.002304
20,                            15,                       5,                       0.002281
20,                            15,                       5,                       0.002371
20,                            15,                       5,                       0.002224
20,                            15,                       5,                       0.003653
20,                            15,                       5,                       0.002506
20,                            15,                       5,                       0.002277
20,                            15,                       5,                       0.002229
20,                            15,                       5,                       0.002318
20,                            15,                       5,                       0.002276
20,                            15,                       5,                       0.003576
20,                            15,                       5,                       0.002331
20,                            15,                       5,                       0.002991
20,                            15,                       5,                       0.002384
20,                            15,                       5,                       0.00248
20,                            15,                       5,                       0.002281
20,                            15,                       5,                       0.002304
20,                            15,                       5,                       0.002222
20,                            15,                       5,                       0.002857
20,                            15,                       5,                       0.002226
20,                            15,                       5,                       0.002359
20,                            15,                       5,                       0.002793
20,                            15,                       5,                       0.002381
20,                            15,                       5,                       0.002262
20,                            15,                       5,                       0.002343
20,                            15,                       5,                       0.0023
20,                            15,                       5,                       0.00245
20,                            15,                       5,                       0.002302
20,                            15,                       5,                       0.002376
20,                            15,                       5,                       0.002312
20,                            15,                       5,                       0.002235
20,                            15,                       5,                       0.002656
20,                            15,                       5,                       0.00233
20,                            15,                       5,                       0.002213
20,                            15,                       5,                       0.002249
20,                            15,                       5,                       0.002322
20,                            15,                       5,                       0.002365
20,                            15,                       5,                       0.002406
20,                            15,                       5,                       0.002488
20,                            15,                       5,                       0.002302
20,                            15,                       5,                       0.002863
20,                            15,                       5,                       0.002536
20,                            15,                       5,                       0.002284
20,                            15,                       5,                       0.002309
20,                            15,                       5,                       0.002492
20,                            15,                       5,                       0.00236
20,                            15,                       5,                       0.002553
20,                            15,                       5,                       0.002301
20,                            15,                       5,                       0.002299
20,                            15,                       5,                       0.002342
20,                            15,                       5,                       0.0024
20,                            15,                       5,                       0.002396
20,                            15,                       5,                       0.002363
20,                            15,                       5,                       0.002844
20,                            15,                       5,                       0.00255
20,                            15,                       5,                       0.00239
20,                            15,                       5,                       0.002372
20,                            15,                       5,                       0.00224
20,                            15,                       5,                       0.002309
20,                            15,                       5,                       0.002262
20,                            15,                       5,                       0.002281
20,                            15,                       5,                       0.002292
20,                            15,                       5,                       0.002317
20,                            15,                       5,                       0.002475
20,                            15,                       5,                       0.00233
20,                            15,                       5,                       0.002314
20,                            15,                       5,                       0.002377
20,                            15,                       5,                       0.002214
20,                            15,                       5,                       0.002321
20,                            15,                       5,                       0.002577
20,                            15,                       5,                       0.002367
20,                            15,                       5,                       0.00246
20,                            15,                       5,                       0.002736
20,                            15,                       5,                       0.002498
20,                            15,                       5,                       0.002241
20,                            15,                       5,                       0.002534
20,                            15,                       5,                       0.002258
20,                            15,                       5,                       0.002329
20,                            15,                       5,                       0.002242
20,                            15,                       5,                       0.002393
20,                            15,                       5,                       0.002216
20,                            15,                       5,                       0.002413
20,                            15,                       5,                       0.002323
20,                            15,                       5,                       0.002263
20,                            15,                       5,                       0.002304
20,                            15,                       5,                       0.002324
20,                            15,                       5,                       0.002271
20,                            15,                       5,                       0.002293
20,                            15,                       5,                       0.002332
20,                            15,                       5,                       0.002327
20,                            15,                       5,                       0.002504
20,                            15,                       5,                       0.002325
20,                            15,                       5,                       0.00227
20,                            15,                       5,                       0.003028
20,                            15,                       5,                       0.00235
20,                            15,                       5,                       0.002434
20,                            15,                       5,                       0.002286
20,                            15,                       5,                       0.002376
20,                            15,                       5,                       0.00225
20,                            15,                       5,                       0.002392
20,                            15,                       5,                       0.002283
20,                            15,                       5,                       0.002576
20,                            15,                       5,                       0.002638
20,                            15,                       5,                       0.002276
20,                            15,                       5,                       0.002249
20,                            15,                       5,                       0.00237
20,                            15,                       5,                       0.002218
20,                            15,                       5,                       0.002653
20,                            15,                       5,                       0.002936
20,                            15,                       5,                       0.002277
20,                            15,                       5,                       0.002422
20,                            15,                       5,                       0.002368
20,                            15,                       5,                       0.002261
20,                            15,                       5,                       0.002314
20,                            15,                       5,                       0.002286
20,                            15,                       5,                       0.002301
20,                            15,                       5,                       0.002399
20,                            15,                       5,                       0.002288
20,                            15,                       5,                       0.002379
20,                            15,                       5,                       0.002448
20,                            15,                       5,                       0.002314
20,                            15,                       5,                       0.003231
20,                            15,                       5,                       0.002272
20,                            15,                       5,                       0.002184
20,                            15,                       5,                       0.002306
20,                            15,                       5,                       0.002278
20,                            15,                       5,                       0.002291
20,                            15,                       5,                       0.002867
20,                            15,                       5,                       0.002411
20,                            15,                       5,                       0.002326
20,                            15,                       5,                       0.002366
20,                            15,                       5,                       0.002294
20,                            15,                       5,                       0.00228
20,                            15,                       5,                       0.002313
20,                            15,                       5,                       0.002333
20,                            15,                       5,                       0.002278
20,                            15,                       5,                       0.002354
20,                            15,                       5,                       0.002347
20,                            15,                       5,                       0.002301
20,                            15,                       5,                       0.002294
20,                            15,                       5,                       0.002556
20,                            15,                       5,                       0.002452
20,                            15,                       5,                       0.002302
20,                            15,                       5,                       0.002427
20,                            15,                       5,                       0.002368
20,                            15,                       5,                       0.002167
20,                            15,                       5,                       0.002297
20,                            15,                       5,                       0.002374
20,                            15,                       5,                       0.002359
20,                            15,                       5,                       0.002222
20,                            15,                       5,                       0.002269
20,                            15,                       5,                       0.002243
20,                            15,                       5,                       0.002285
20,                            15,                       5,                       0.002236
20,                            15,                       5,                       0.002918
20,                            15,                       5,                       0.002391
20,                            15,                       5,                       0.002374
20,                            15,                       5,                       0.002213
20,                            15,                       5,                       0.002353
20,                            15,                       5,                       0.00236
20,                            15,                       5,                       0.002463
20,                            15,                       5,                       0.002358
20,                            15,                       5,                       0.002293
20,                            15,                       5,                       0.002244
20,                            15,                       5,                       0.002413
20,                            15,                       5,                       0.002266
20,                            15,                       5,                       0.002273
20,                            15,                       5,                       0.002298
20,                            15,                       5,                       0.002232
20,                            15,                       5,                       0.002359
20,                            15,                       5,                       0.002571
20,                            15,                       5,                       0.002381
20,                            15,                       5,                       0.002339
20,                            15,                       5,                       0.002292
20,                            15,                       5,                       0.00235
20,                            15,                       5,                       0.002319
20,                            15,                       5,                       0.002602
20,                            15,                       5,                       0.002775
20,                            15,                       5,                       0.002194
20,                            15,                       5,                       0.002373
20,                            15,                       5,                       0.002283
20,                            15,                       5,                       0.003295
20,                            15,                       5,                       0.002288
20,                            15,                       5,                       0.002276
20,                            15,                       5,                       0.002313
20,                            15,                       5,                       0.00235
20,                            15,                       5,                       0.002416
20,                            15,                       5,                       0.002333
20,                            15,                       5,                       0.002525
20,                            15,                       5,                       0.002648
20,                            15,                       5,                       0.002364
20,                            15,                       5,                       0.002232
20,                            15,                       5,                       0.002391
20,                            15,                       5,                       0.002331
20,                            15,                       5,                       0.002315
20,                            15,                       5,                       0.002878
20,                            15,                       5,                       0.002292
20,                            15,                       5,                       0.002305
20,                            15,                       5,                       0.002391
20,                            15,                       5,                       0.002288
20,                            15,                       5,                       0.00245
20,                            15,                       5,                       0.00283
20,                            15,                       5,                       0.002322
20,                            15,                       5,                       0.002227
20,                            15,                       5,                       0.002935
20,                            15,                       5,                       0.002277
20,                            15,                       5,                       0.002292
20,                            15,                       5,                       0.002326
20,                            15,                       5,                       0.002245
20,                            15,                       5,                       0.002284
20,                            15,                       5,                       0.002323
20,                            15,                       5,                       0.002401
20,                            15,                       5,                       0.002588
20,                            15,                       5,                       0.002219
20,                            15,                       5,                       0.002241
20,                            15,                       5,                       0.002481
20,                            15,                       5,                       0.002279
20,                            15,                       5,                       0.002816
20,                            15,                       5,                       0.002296
20,                            15,                       5,                       0.002314
20,                            15,                       5,                       0.00285
20,                            15,                       5,                       0.002283
20,                            15,                       5,                       0.002341
20,                            15,                       5,                       0.002268
20,                            15,                       5,                       0.002564
20,                            15,                       5,                       0.002504
20,                            15,                       5,                       0.002238
20,                            15,                       5,                       0.002418
20,                            15,                       5,                       0.002271
20,                            15,                       5,                       0.002339
20,                            15,                       5,                       0.002447
20,                            15,                       5,                       0.002252
20,                            15,                       5,                       0.003418
20,                            15,                       5,                       0.002649
20,                            15,                       5,                       0.002796
20,                            15,                       5,                       0.002266
20,                            15,                       5,                       0.002314
20,                            15,                       5,                       0.002372
20,                            15,                       5,                       0.002283
20,                            15,                       5,                       0.002207
20,                            15,                       5,                       0.002401
20,                            15,                       5,                       0.002335
20,                            15,                       5,                       0.002456
20,                            15,                       5,                       0.002253
20,                            15,                       5,                       0.002315
20,                            15,                       5,                       0.00219
20,                            15,                       5,                       0.002524
20,                            15,                       5,                       0.002239
20,                            15,                       5,                       0.002358
20,                            15,                       5,                       0.002641
20,                            15,                       5,                       0.002355
20,                            15,                       5,                       0.002403
20,                            15,                       5,                       0.003248
20,                            15,                       5,                       0.002658
20,                            15,                       5,                       0.002315
20,                            15,                       5,                       0.002198
20,                            15,                       5,                       0.002373
20,                            15,                       5,                       0.002746
20,                            15,                       5,                       0.00227
20,                            15,                       5,                       0.002414
20,                            15,                       5,                       0.002223
20,                            15,                       5,                       0.002314
20,                            15,                       5,                       0.003004
20,                            15,                       5,                       0.002289
20,                            15,                       5,                       0.002294
20,                            15,                       5,                       0.002285
20,                            15,                       5,                       0.002252
20,                            15,                       5,                       0.002275
20,                            15,                       5,                       0.002351
20,                            15,                       5,                       0.00278
20,                            15,                       5,                       0.002319
20,                            15,                       5,                       0.002296
20,                            15,                       5,                       0.002264
20,                            15,                       5,                       0.002268
20,                            15,                       5,                       0.002578
