COMMENT : The search result by Simulated-Annealing for Cauchy_Good Fri Jan 26 18:35:54 2018

tech : Cauchy_Good
algorithm : Simulated-Annealing
k : 7
m : 7
w : 5
failed_disk_id : 0
conventional_symbol_number    optimized_symbol_number    reduced_symbol_number    time
35,                            26,                       9,                       0.016728
35,                            26,                       9,                       0.014835
35,                            26,                       9,                       0.017138
35,                            26,                       9,                       0.016298
35,                            26,                       9,                       0.016528
35,                            26,                       9,                       0.014773
35,                            26,                       9,                       0.015519
35,                            26,                       9,                       0.015343
35,                            26,                       9,                       0.018437
35,                            26,                       9,                       0.016568
35,                            26,                       9,                       0.014879
35,                            26,                       9,                       0.015364
35,                            26,                       9,                       0.016044
35,                            26,                       9,                       0.016042
35,                            26,                       9,                       0.015027
35,                            26,                       9,                       0.015839
35,                            26,                       9,                       0.01565
35,                            26,                       9,                       0.016076
35,                            26,                       9,                       0.015435
35,                            27,                       8,                       0.015017
35,                            28,                       7,                       0.016229
35,                            26,                       9,                       0.016384
35,                            26,                       9,                       0.015446
35,                            26,                       9,                       0.014467
35,                            26,                       9,                       0.015775
35,                            26,                       9,                       0.014363
35,                            26,                       9,                       0.01541
35,                            26,                       9,                       0.017276
35,                            26,                       9,                       0.01571
35,                            26,                       9,                       0.014446
35,                            26,                       9,                       0.014802
35,                            26,                       9,                       0.014581
35,                            26,                       9,                       0.014033
35,                            27,                       8,                       0.015702
35,                            26,                       9,                       0.015119
35,                            26,                       9,                       0.015417
35,                            26,                       9,                       0.015307
35,                            26,                       9,                       0.014649
35,                            26,                       9,                       0.014119
35,                            26,                       9,                       0.01412
35,                            26,                       9,                       0.014513
35,                            26,                       9,                       0.015145
35,                            27,                       8,                       0.014876
35,                            26,                       9,                       0.016722
35,                            26,                       9,                       0.014308
35,                            26,                       9,                       0.01481
35,                            26,                       9,                       0.015007
35,                            28,                       7,                       0.014897
35,                            26,                       9,                       0.01424
35,                            26,                       9,                       0.015786
35,                            26,                       9,                       0.016109
35,                            26,                       9,                       0.015272
35,                            26,                       9,                       0.014302
35,                            26,                       9,                       0.014021
35,                            26,                       9,                       0.01477
35,                            26,                       9,                       0.014509
35,                            26,                       9,                       0.015302
35,                            26,                       9,                       0.014505
35,                            26,                       9,                       0.016285
35,                            26,                       9,                       0.015738
35,                            26,                       9,                       0.015788
35,                            26,                       9,                       0.015993
35,                            27,                       8,                       0.014467
35,                            26,                       9,                       0.01459
35,                            26,                       9,                       0.014473
35,                            27,                       8,                       0.015056
35,                            26,                       9,                       0.01516
35,                            26,                       9,                       0.015831
35,                            26,                       9,                       0.014967
35,                            26,                       9,                       0.015976
35,                            26,                       9,                       0.014332
35,                            26,                       9,                       0.014414
35,                            26,                       9,                       0.015748
35,                            26,                       9,                       0.014464
35,                            26,                       9,                       0.015642
35,                            26,                       9,                       0.014429
35,                            26,                       9,                       0.014998
35,                            27,                       8,                       0.015156
35,                            26,                       9,                       0.014722
35,                            26,                       9,                       0.016942
35,                            26,                       9,                       0.015964
35,                            26,                       9,                       0.014621
35,                            26,                       9,                       0.014503
35,                            26,                       9,                       0.014741
35,                            26,                       9,                       0.014532
35,                            26,                       9,                       0.014313
35,                            26,                       9,                       0.015938
35,                            26,                       9,                       0.017066
35,                            26,                       9,                       0.014957
35,                            26,                       9,                       0.014624
35,                            26,                       9,                       0.016053
35,                            26,                       9,                       0.01639
35,                            26,                       9,                       0.014178
35,                            26,                       9,                       0.014762
35,                            26,                       9,                       0.016569
35,                            26,                       9,                       0.01487
35,                            26,                       9,                       0.015131
35,                            26,                       9,                       0.014872
35,                            26,                       9,                       0.015537
35,                            26,                       9,                       0.0149
35,                            27,                       8,                       0.016372
35,                            26,                       9,                       0.015279
35,                            26,                       9,                       0.016138
35,                            26,                       9,                       0.015179
35,                            26,                       9,                       0.014785
35,                            26,                       9,                       0.015063
35,                            26,                       9,                       0.014907
35,                            26,                       9,                       0.014877
35,                            26,                       9,                       0.015354
35,                            26,                       9,                       0.015042
35,                            26,                       9,                       0.014791
35,                            26,                       9,                       0.014455
35,                            27,                       8,                       0.014545
35,                            26,                       9,                       0.014244
35,                            26,                       9,                       0.014469
35,                            26,                       9,                       0.015204
35,                            26,                       9,                       0.014597
35,                            26,                       9,                       0.015278
35,                            26,                       9,                       0.015297
35,                            26,                       9,                       0.016159
35,                            26,                       9,                       0.015766
35,                            26,                       9,                       0.015792
35,                            26,                       9,                       0.014096
35,                            26,                       9,                       0.015554
35,                            27,                       8,                       0.015196
35,                            27,                       8,                       0.016702
35,                            26,                       9,                       0.014515
35,                            26,                       9,                       0.015274
35,                            26,                       9,                       0.014334
35,                            26,                       9,                       0.015261
35,                            26,                       9,                       0.015281
35,                            26,                       9,                       0.015184
35,                            26,                       9,                       0.015479
35,                            26,                       9,                       0.015648
35,                            26,                       9,                       0.014535
35,                            27,                       8,                       0.015183
35,                            26,                       9,                       0.014259
35,                            26,                       9,                       0.013891
35,                            26,                       9,                       0.016024
35,                            26,                       9,                       0.015537
35,                            26,                       9,                       0.015755
35,                            27,                       8,                       0.014773
35,                            26,                       9,                       0.015098
35,                            26,                       9,                       0.014379
35,                            26,                       9,                       0.015972
35,                            26,                       9,                       0.016183
35,                            26,                       9,                       0.015269
35,                            27,                       8,                       0.01545
35,                            26,                       9,                       0.015694
35,                            26,                       9,                       0.014977
35,                            26,                       9,                       0.014988
35,                            26,                       9,                       0.014728
35,                            26,                       9,                       0.01437
35,                            26,                       9,                       0.015903
35,                            26,                       9,                       0.015884
35,                            26,                       9,                       0.015459
35,                            26,                       9,                       0.014259
35,                            26,                       9,                       0.016402
35,                            26,                       9,                       0.014074
35,                            26,                       9,                       0.014244
35,                            26,                       9,                       0.014753
35,                            26,                       9,                       0.015297
35,                            26,                       9,                       0.016042
35,                            26,                       9,                       0.015722
35,                            26,                       9,                       0.016395
35,                            26,                       9,                       0.014284
35,                            26,                       9,                       0.015163
35,                            26,                       9,                       0.014584
35,                            26,                       9,                       0.015053
35,                            26,                       9,                       0.014711
35,                            26,                       9,                       0.016123
35,                            26,                       9,                       0.014554
35,                            27,                       8,                       0.015276
35,                            26,                       9,                       0.015276
35,                            26,                       9,                       0.014176
35,                            26,                       9,                       0.014676
35,                            26,                       9,                       0.015724
35,                            26,                       9,                       0.015592
35,                            26,                       9,                       0.014381
35,                            26,                       9,                       0.015989
35,                            26,                       9,                       0.014609
35,                            26,                       9,                       0.015561
35,                            26,                       9,                       0.015288
35,                            27,                       8,                       0.01452
35,                            26,                       9,                       0.014948
35,                            26,                       9,                       0.014687
35,                            26,                       9,                       0.014642
35,                            26,                       9,                       0.014455
35,                            26,                       9,                       0.014837
35,                            26,                       9,                       0.014154
35,                            26,                       9,                       0.015219
35,                            26,                       9,                       0.015876
35,                            26,                       9,                       0.0158
35,                            26,                       9,                       0.014805
35,                            26,                       9,                       0.016067
35,                            26,                       9,                       0.014034
35,                            26,                       9,                       0.014899
35,                            26,                       9,                       0.015553
35,                            26,                       9,                       0.014537
35,                            26,                       9,                       0.015434
35,                            26,                       9,                       0.014695
35,                            26,                       9,                       0.016084
35,                            26,                       9,                       0.014119
35,                            26,                       9,                       0.016841
35,                            26,                       9,                       0.014284
35,                            26,                       9,                       0.015575
35,                            26,                       9,                       0.014702
35,                            27,                       8,                       0.014997
35,                            27,                       8,                       0.016551
35,                            26,                       9,                       0.015281
35,                            26,                       9,                       0.01537
35,                            26,                       9,                       0.014508
35,                            26,                       9,                       0.014762
35,                            26,                       9,                       0.014695
35,                            26,                       9,                       0.01452
35,                            26,                       9,                       0.014675
35,                            26,                       9,                       0.01436
35,                            26,                       9,                       0.014636
35,                            26,                       9,                       0.0155
35,                            26,                       9,                       0.015582
35,                            26,                       9,                       0.015996
35,                            27,                       8,                       0.014738
35,                            27,                       8,                       0.014501
35,                            26,                       9,                       0.014709
35,                            26,                       9,                       0.014598
35,                            26,                       9,                       0.016386
35,                            26,                       9,                       0.014945
35,                            26,                       9,                       0.014459
35,                            26,                       9,                       0.014569
35,                            26,                       9,                       0.014943
35,                            26,                       9,                       0.01425
35,                            26,                       9,                       0.015864
35,                            27,                       8,                       0.016643
35,                            26,                       9,                       0.015048
35,                            26,                       9,                       0.014833
35,                            26,                       9,                       0.016631
35,                            26,                       9,                       0.014627
35,                            26,                       9,                       0.015213
35,                            27,                       8,                       0.015638
35,                            26,                       9,                       0.015623
35,                            27,                       8,                       0.015599
35,                            26,                       9,                       0.015208
35,                            26,                       9,                       0.014288
35,                            26,                       9,                       0.015763
35,                            26,                       9,                       0.01536
35,                            26,                       9,                       0.014719
35,                            26,                       9,                       0.015136
35,                            26,                       9,                       0.014688
35,                            26,                       9,                       0.016708
35,                            26,                       9,                       0.015177
35,                            26,                       9,                       0.015547
35,                            26,                       9,                       0.015695
35,                            27,                       8,                       0.016101
35,                            26,                       9,                       0.014961
35,                            26,                       9,                       0.014349
35,                            26,                       9,                       0.015838
35,                            26,                       9,                       0.015813
35,                            26,                       9,                       0.01438
35,                            26,                       9,                       0.014568
35,                            26,                       9,                       0.014275
35,                            26,                       9,                       0.014951
35,                            26,                       9,                       0.01637
35,                            26,                       9,                       0.016968
35,                            27,                       8,                       0.01434
35,                            26,                       9,                       0.014029
35,                            27,                       8,                       0.014758
35,                            26,                       9,                       0.015893
35,                            27,                       8,                       0.014563
35,                            26,                       9,                       0.014945
35,                            27,                       8,                       0.015176
35,                            26,                       9,                       0.015229
35,                            27,                       8,                       0.014626
35,                            26,                       9,                       0.015398
35,                            26,                       9,                       0.014185
35,                            26,                       9,                       0.014659
35,                            26,                       9,                       0.014941
35,                            26,                       9,                       0.015554
35,                            26,                       9,                       0.014896
35,                            28,                       7,                       0.014873
35,                            26,                       9,                       0.014922
35,                            26,                       9,                       0.014156
35,                            27,                       8,                       0.015077
35,                            26,                       9,                       0.01609
35,                            26,                       9,                       0.015688
35,                            26,                       9,                       0.014867
35,                            26,                       9,                       0.014334
35,                            26,                       9,                       0.0145
35,                            26,                       9,                       0.015794
35,                            26,                       9,                       0.015538
35,                            27,                       8,                       0.014624
35,                            26,                       9,                       0.014984
35,                            26,                       9,                       0.014556
35,                            26,                       9,                       0.014666
35,                            26,                       9,                       0.014893
35,                            26,                       9,                       0.015188
35,                            26,                       9,                       0.015032
35,                            26,                       9,                       0.0148
35,                            26,                       9,                       0.014775
35,                            26,                       9,                       0.015256
35,                            26,                       9,                       0.015559
