COMMENT : The search result by Simulated-Annealing for Cauchy_Good Fri Jan 26 18:35:46 2018

tech : Cauchy_Good
algorithm : Simulated-Annealing
k : 3
m : 3
w : 8
failed_disk_id : 0
conventional_symbol_number    optimized_symbol_number    reduced_symbol_number    time
24,                            19,                       5,                       0.043814
24,                            19,                       5,                       0.039887
24,                            20,                       4,                       0.040037
24,                            20,                       4,                       0.042011
24,                            19,                       5,                       0.038708
24,                            20,                       4,                       0.039775
24,                            19,                       5,                       0.03969
24,                            20,                       4,                       0.03939
24,                            20,                       4,                       0.049366
24,                            20,                       4,                       0.040876
24,                            20,                       4,                       0.048799
24,                            19,                       5,                       0.040038
24,                            19,                       5,                       0.03807
24,                            20,                       4,                       0.041205
24,                            20,                       4,                       0.041084
24,                            19,                       5,                       0.03993
24,                            19,                       5,                       0.04042
24,                            20,                       4,                       0.044323
24,                            19,                       5,                       0.04078
24,                            19,                       5,                       0.038791
24,                            19,                       5,                       0.039742
24,                            20,                       4,                       0.03926
24,                            20,                       4,                       0.128962
24,                            20,                       4,                       0.040611
24,                            20,                       4,                       0.037514
24,                            20,                       4,                       0.039946
24,                            20,                       4,                       0.041723
24,                            20,                       4,                       0.041898
24,                            19,                       5,                       0.037178
24,                            20,                       4,                       0.038351
24,                            19,                       5,                       0.037819
24,                            20,                       4,                       0.038528
24,                            19,                       5,                       0.037339
24,                            19,                       5,                       0.037649
24,                            20,                       4,                       0.03748
24,                            19,                       5,                       0.039953
24,                            19,                       5,                       0.038521
24,                            20,                       4,                       0.037724
24,                            19,                       5,                       0.03865
24,                            20,                       4,                       0.037591
24,                            20,                       4,                       0.038006
24,                            20,                       4,                       0.040089
24,                            19,                       5,                       0.039025
24,                            20,                       4,                       0.038786
24,                            20,                       4,                       0.041054
24,                            19,                       5,                       0.039003
24,                            20,                       4,                       0.038042
24,                            19,                       5,                       0.039433
24,                            19,                       5,                       0.04189
24,                            20,                       4,                       0.038897
24,                            19,                       5,                       0.038753
24,                            19,                       5,                       0.037404
24,                            20,                       4,                       0.03727
24,                            20,                       4,                       0.037741
24,                            20,                       4,                       0.039703
24,                            20,                       4,                       0.037852
24,                            20,                       4,                       0.043602
24,                            19,                       5,                       0.038499
24,                            19,                       5,                       0.037527
24,                            20,                       4,                       0.038671
24,                            19,                       5,                       0.041416
24,                            20,                       4,                       0.037212
24,                            20,                       4,                       0.041443
24,                            20,                       4,                       0.039373
24,                            20,                       4,                       0.040242
24,                            19,                       5,                       0.039737
24,                            20,                       4,                       0.041108
24,                            20,                       4,                       0.037789
24,                            19,                       5,                       0.038486
24,                            19,                       5,                       0.038823
24,                            20,                       4,                       0.03762
24,                            19,                       5,                       0.040623
24,                            19,                       5,                       0.039618
24,                            20,                       4,                       0.037649
24,                            20,                       4,                       0.041122
24,                            20,                       4,                       0.038167
24,                            19,                       5,                       0.038094
24,                            19,                       5,                       0.070783
24,                            20,                       4,                       0.041125
24,                            20,                       4,                       0.038556
24,                            20,                       4,                       0.053447
24,                            20,                       4,                       0.038673
24,                            19,                       5,                       0.039253
24,                            19,                       5,                       0.087342
24,                            20,                       4,                       0.038392
24,                            20,                       4,                       0.037632
24,                            19,                       5,                       0.037469
24,                            19,                       5,                       0.038064
24,                            20,                       4,                       0.037328
24,                            20,                       4,                       0.040684
24,                            20,                       4,                       0.066832
24,                            19,                       5,                       0.038709
24,                            19,                       5,                       0.038633
24,                            20,                       4,                       0.039489
24,                            20,                       4,                       0.060941
24,                            20,                       4,                       0.040528
24,                            20,                       4,                       0.039729
24,                            20,                       4,                       0.03968
24,                            20,                       4,                       0.037739
24,                            20,                       4,                       0.038169
24,                            19,                       5,                       0.037721
24,                            19,                       5,                       0.037523
24,                            20,                       4,                       0.039738
24,                            20,                       4,                       0.040619
24,                            20,                       4,                       0.03789
24,                            19,                       5,                       0.038272
24,                            20,                       4,                       0.03748
24,                            20,                       4,                       0.041155
24,                            20,                       4,                       0.037998
24,                            19,                       5,                       0.040191
24,                            20,                       4,                       0.041494
24,                            19,                       5,                       0.03767
24,                            20,                       4,                       0.038155
24,                            19,                       5,                       0.037735
24,                            19,                       5,                       0.03838
24,                            19,                       5,                       0.037197
24,                            20,                       4,                       0.039154
24,                            20,                       4,                       0.037051
24,                            20,                       4,                       0.040597
24,                            19,                       5,                       0.03796
24,                            20,                       4,                       0.04292
24,                            19,                       5,                       0.037432
24,                            19,                       5,                       0.0399
24,                            20,                       4,                       0.0377
24,                            20,                       4,                       0.038533
24,                            20,                       4,                       0.039831
24,                            20,                       4,                       0.041993
24,                            20,                       4,                       0.038226
24,                            20,                       4,                       0.094051
24,                            19,                       5,                       0.039661
24,                            19,                       5,                       0.038419
24,                            20,                       4,                       0.038028
24,                            20,                       4,                       0.042434
24,                            20,                       4,                       0.038676
24,                            19,                       5,                       0.062436
24,                            19,                       5,                       0.037924
24,                            19,                       5,                       0.036787
24,                            20,                       4,                       0.039393
24,                            20,                       4,                       0.038153
24,                            19,                       5,                       0.037758
24,                            20,                       4,                       0.038276
24,                            20,                       4,                       0.038705
24,                            19,                       5,                       0.03852
24,                            19,                       5,                       0.038223
24,                            20,                       4,                       0.038124
24,                            19,                       5,                       0.040628
24,                            20,                       4,                       0.040997
24,                            19,                       5,                       0.040149
24,                            19,                       5,                       0.038822
24,                            20,                       4,                       0.04124
24,                            20,                       4,                       0.038587
24,                            19,                       5,                       0.039412
24,                            19,                       5,                       0.039569
24,                            20,                       4,                       0.038603
24,                            19,                       5,                       0.037361
24,                            20,                       4,                       0.037632
24,                            20,                       4,                       0.037102
24,                            19,                       5,                       0.037543
24,                            20,                       4,                       0.040184
24,                            20,                       4,                       0.041914
24,                            19,                       5,                       0.072543
24,                            19,                       5,                       0.037447
24,                            19,                       5,                       0.037421
24,                            19,                       5,                       0.040471
24,                            20,                       4,                       0.041596
24,                            20,                       4,                       0.039692
24,                            20,                       4,                       0.039287
24,                            20,                       4,                       0.043212
24,                            20,                       4,                       0.037409
24,                            19,                       5,                       0.038215
24,                            20,                       4,                       0.040302
24,                            20,                       4,                       0.040108
24,                            20,                       4,                       0.039535
24,                            20,                       4,                       0.040282
24,                            19,                       5,                       0.079235
24,                            20,                       4,                       0.041518
24,                            19,                       5,                       0.037928
24,                            19,                       5,                       0.037981
24,                            20,                       4,                       0.039196
24,                            20,                       4,                       0.040143
24,                            19,                       5,                       0.040294
24,                            19,                       5,                       0.038633
24,                            20,                       4,                       0.039691
24,                            20,                       4,                       0.041113
24,                            20,                       4,                       0.039092
24,                            19,                       5,                       0.03896
24,                            20,                       4,                       0.038411
24,                            20,                       4,                       0.041531
24,                            19,                       5,                       0.038091
24,                            19,                       5,                       0.037691
24,                            20,                       4,                       0.040119
24,                            20,                       4,                       0.037723
24,                            19,                       5,                       0.038637
24,                            20,                       4,                       0.037261
24,                            19,                       5,                       0.040185
24,                            19,                       5,                       0.038551
24,                            20,                       4,                       0.038698
24,                            20,                       4,                       0.037682
24,                            20,                       4,                       0.039895
24,                            19,                       5,                       0.040469
24,                            19,                       5,                       0.04138
24,                            19,                       5,                       0.038018
24,                            19,                       5,                       0.037985
24,                            20,                       4,                       0.041243
24,                            19,                       5,                       0.036593
24,                            20,                       4,                       0.037759
24,                            20,                       4,                       0.041386
24,                            20,                       4,                       0.041374
24,                            20,                       4,                       0.039442
24,                            20,                       4,                       0.037775
24,                            20,                       4,                       0.040303
24,                            20,                       4,                       0.041071
24,                            19,                       5,                       0.036566
24,                            19,                       5,                       0.040274
24,                            20,                       4,                       0.040018
24,                            19,                       5,                       0.039889
24,                            20,                       4,                       0.042537
24,                            19,                       5,                       0.040088
24,                            20,                       4,                       0.040831
24,                            19,                       5,                       0.038873
24,                            19,                       5,                       0.037365
24,                            20,                       4,                       0.038075
24,                            20,                       4,                       0.038905
24,                            20,                       4,                       0.041348
24,                            20,                       4,                       0.038886
24,                            20,                       4,                       0.038119
24,                            20,                       4,                       0.039717
24,                            20,                       4,                       0.040432
24,                            19,                       5,                       0.038841
24,                            20,                       4,                       0.041983
24,                            20,                       4,                       0.041591
24,                            19,                       5,                       0.040579
24,                            20,                       4,                       0.043209
24,                            19,                       5,                       0.071978
24,                            20,                       4,                       0.037991
24,                            19,                       5,                       0.090775
24,                            20,                       4,                       0.039644
24,                            20,                       4,                       0.048097
24,                            20,                       4,                       0.043686
24,                            20,                       4,                       0.038061
24,                            19,                       5,                       0.03628
24,                            19,                       5,                       0.038855
24,                            19,                       5,                       0.039467
24,                            19,                       5,                       0.036503
24,                            19,                       5,                       0.039361
24,                            20,                       4,                       0.039541
24,                            20,                       4,                       0.042013
24,                            19,                       5,                       0.037828
24,                            19,                       5,                       0.03775
24,                            19,                       5,                       0.041502
24,                            20,                       4,                       0.039695
24,                            19,                       5,                       0.037984
24,                            20,                       4,                       0.038892
24,                            20,                       4,                       0.040029
24,                            20,                       4,                       0.041376
24,                            19,                       5,                       0.037835
24,                            20,                       4,                       0.041293
24,                            20,                       4,                       0.041456
24,                            19,                       5,                       0.038805
24,                            20,                       4,                       0.037364
24,                            20,                       4,                       0.082179
24,                            20,                       4,                       0.04114
24,                            20,                       4,                       0.040543
24,                            20,                       4,                       0.038605
24,                            19,                       5,                       0.037137
24,                            20,                       4,                       0.039309
24,                            20,                       4,                       0.037245
24,                            20,                       4,                       0.04235
24,                            19,                       5,                       0.038167
24,                            19,                       5,                       0.039553
24,                            20,                       4,                       0.041989
24,                            19,                       5,                       0.039784
24,                            20,                       4,                       0.037642
24,                            19,                       5,                       0.038772
24,                            19,                       5,                       0.038368
24,                            19,                       5,                       0.038284
24,                            20,                       4,                       0.037476
24,                            20,                       4,                       0.03829
24,                            20,                       4,                       0.04142
24,                            20,                       4,                       0.037659
24,                            19,                       5,                       0.038688
24,                            20,                       4,                       0.042362
24,                            20,                       4,                       0.041358
24,                            19,                       5,                       0.040787
24,                            20,                       4,                       0.040604
24,                            20,                       4,                       0.038648
24,                            19,                       5,                       0.038715
24,                            20,                       4,                       0.039401
24,                            19,                       5,                       0.037985
24,                            19,                       5,                       0.038709
24,                            20,                       4,                       0.037913
24,                            20,                       4,                       0.039415
24,                            19,                       5,                       0.036977
24,                            19,                       5,                       0.040218
24,                            19,                       5,                       0.03972
24,                            20,                       4,                       0.037979
24,                            19,                       5,                       0.038258
24,                            19,                       5,                       0.040804
24,                            20,                       4,                       0.037933
24,                            20,                       4,                       0.038581
