COMMENT : The search result by Simulated-Annealing for Cauchy_Good Fri Jan 26 18:35:49 2018

tech : Cauchy_Good
algorithm : Simulated-Annealing
k : 6
m : 2
w : 5
failed_disk_id : 0
conventional_symbol_number    optimized_symbol_number    reduced_symbol_number    time
30,                            24,                       6,                       0.004133
30,                            24,                       6,                       0.003237
30,                            24,                       6,                       0.003182
30,                            24,                       6,                       0.003754
30,                            24,                       6,                       0.00318
30,                            24,                       6,                       0.003357
30,                            24,                       6,                       0.003202
30,                            24,                       6,                       0.003158
30,                            24,                       6,                       0.004281
30,                            24,                       6,                       0.003312
30,                            24,                       6,                       0.003181
30,                            24,                       6,                       0.003521
30,                            24,                       6,                       0.003957
30,                            24,                       6,                       0.003503
30,                            24,                       6,                       0.003251
30,                            24,                       6,                       0.003372
30,                            24,                       6,                       0.003273
30,                            24,                       6,                       0.003633
30,                            24,                       6,                       0.003499
30,                            24,                       6,                       0.003456
30,                            24,                       6,                       0.003772
30,                            24,                       6,                       0.003715
30,                            24,                       6,                       0.003526
30,                            24,                       6,                       0.003153
30,                            24,                       6,                       0.003327
30,                            24,                       6,                       0.003223
30,                            24,                       6,                       0.003177
30,                            24,                       6,                       0.003328
30,                            24,                       6,                       0.003241
30,                            24,                       6,                       0.003066
30,                            24,                       6,                       0.00346
30,                            24,                       6,                       0.003143
30,                            24,                       6,                       0.003212
30,                            24,                       6,                       0.003376
30,                            24,                       6,                       0.003482
30,                            24,                       6,                       0.003137
30,                            24,                       6,                       0.003337
30,                            24,                       6,                       0.00313
30,                            24,                       6,                       0.003091
30,                            24,                       6,                       0.003212
30,                            24,                       6,                       0.003303
30,                            24,                       6,                       0.003351
30,                            24,                       6,                       0.00312
30,                            24,                       6,                       0.003245
30,                            24,                       6,                       0.003204
30,                            24,                       6,                       0.003787
30,                            24,                       6,                       0.003099
30,                            24,                       6,                       0.003185
30,                            24,                       6,                       0.003383
30,                            24,                       6,                       0.003234
30,                            24,                       6,                       0.003114
30,                            24,                       6,                       0.003117
30,                            24,                       6,                       0.003081
30,                            24,                       6,                       0.003283
30,                            24,                       6,                       0.003154
30,                            24,                       6,                       0.003326
30,                            24,                       6,                       0.003277
30,                            24,                       6,                       0.003504
30,                            24,                       6,                       0.00296
30,                            24,                       6,                       0.003179
30,                            24,                       6,                       0.003466
30,                            24,                       6,                       0.003065
30,                            24,                       6,                       0.003711
30,                            24,                       6,                       0.003347
30,                            24,                       6,                       0.003091
30,                            24,                       6,                       0.003206
30,                            24,                       6,                       0.003192
30,                            24,                       6,                       0.003203
30,                            24,                       6,                       0.00364
30,                            24,                       6,                       0.003196
30,                            24,                       6,                       0.003184
30,                            24,                       6,                       0.003373
30,                            24,                       6,                       0.003173
30,                            24,                       6,                       0.003111
30,                            24,                       6,                       0.003163
30,                            24,                       6,                       0.003152
30,                            24,                       6,                       0.003323
30,                            24,                       6,                       0.003387
30,                            24,                       6,                       0.003788
30,                            24,                       6,                       0.003117
30,                            24,                       6,                       0.003289
30,                            24,                       6,                       0.003519
30,                            24,                       6,                       0.003161
30,                            24,                       6,                       0.003134
30,                            24,                       6,                       0.003223
30,                            24,                       6,                       0.003265
30,                            24,                       6,                       0.003168
30,                            24,                       6,                       0.003542
30,                            24,                       6,                       0.003175
30,                            24,                       6,                       0.003541
30,                            24,                       6,                       0.003192
30,                            24,                       6,                       0.003118
30,                            24,                       6,                       0.003235
30,                            24,                       6,                       0.003628
30,                            24,                       6,                       0.003203
30,                            24,                       6,                       0.003207
30,                            24,                       6,                       0.003393
30,                            24,                       6,                       0.003884
30,                            24,                       6,                       0.003226
30,                            24,                       6,                       0.003214
30,                            24,                       6,                       0.003672
30,                            24,                       6,                       0.003096
30,                            24,                       6,                       0.003142
30,                            24,                       6,                       0.003141
30,                            24,                       6,                       0.003442
30,                            24,                       6,                       0.003633
30,                            24,                       6,                       0.003252
30,                            24,                       6,                       0.003115
30,                            24,                       6,                       0.003257
30,                            24,                       6,                       0.003192
30,                            24,                       6,                       0.003243
30,                            24,                       6,                       0.003245
30,                            24,                       6,                       0.003185
30,                            24,                       6,                       0.003229
30,                            24,                       6,                       0.003279
30,                            24,                       6,                       0.003224
30,                            24,                       6,                       0.003105
30,                            24,                       6,                       0.003143
30,                            24,                       6,                       0.003102
30,                            24,                       6,                       0.003443
30,                            24,                       6,                       0.003306
30,                            24,                       6,                       0.003317
30,                            24,                       6,                       0.003239
30,                            24,                       6,                       0.003423
30,                            24,                       6,                       0.003157
30,                            24,                       6,                       0.003411
30,                            24,                       6,                       0.003068
30,                            24,                       6,                       0.003087
30,                            24,                       6,                       0.003182
30,                            24,                       6,                       0.004391
30,                            24,                       6,                       0.003242
30,                            24,                       6,                       0.003159
30,                            24,                       6,                       0.003067
30,                            24,                       6,                       0.003127
30,                            24,                       6,                       0.003172
30,                            24,                       6,                       0.003349
30,                            24,                       6,                       0.003268
30,                            24,                       6,                       0.003541
30,                            24,                       6,                       0.003349
30,                            24,                       6,                       0.003143
30,                            24,                       6,                       0.002976
30,                            24,                       6,                       0.003161
30,                            24,                       6,                       0.003218
30,                            24,                       6,                       0.003104
30,                            24,                       6,                       0.003152
30,                            24,                       6,                       0.00329
30,                            24,                       6,                       0.003114
30,                            24,                       6,                       0.003168
30,                            24,                       6,                       0.003155
30,                            24,                       6,                       0.003163
30,                            24,                       6,                       0.003181
30,                            24,                       6,                       0.00375
30,                            24,                       6,                       0.003072
30,                            24,                       6,                       0.003198
30,                            24,                       6,                       0.003309
30,                            24,                       6,                       0.003164
30,                            24,                       6,                       0.003164
30,                            24,                       6,                       0.003751
30,                            24,                       6,                       0.003697
30,                            24,                       6,                       0.003136
30,                            24,                       6,                       0.003149
30,                            24,                       6,                       0.003075
30,                            24,                       6,                       0.003646
30,                            24,                       6,                       0.003144
30,                            24,                       6,                       0.003135
30,                            24,                       6,                       0.003127
30,                            24,                       6,                       0.003242
30,                            24,                       6,                       0.003188
30,                            24,                       6,                       0.003169
30,                            24,                       6,                       0.003134
30,                            24,                       6,                       0.003259
30,                            24,                       6,                       0.003124
30,                            24,                       6,                       0.003316
30,                            24,                       6,                       0.003296
30,                            24,                       6,                       0.003487
30,                            24,                       6,                       0.00402
30,                            24,                       6,                       0.0031
30,                            24,                       6,                       0.003105
30,                            24,                       6,                       0.003164
30,                            24,                       6,                       0.003157
30,                            24,                       6,                       0.003278
30,                            24,                       6,                       0.002942
30,                            24,                       6,                       0.00349
30,                            24,                       6,                       0.003155
30,                            24,                       6,                       0.003212
30,                            24,                       6,                       0.003137
30,                            24,                       6,                       0.003183
30,                            24,                       6,                       0.003169
30,                            24,                       6,                       0.0036
30,                            24,                       6,                       0.00321
30,                            24,                       6,                       0.003182
30,                            24,                       6,                       0.003151
30,                            24,                       6,                       0.00345
30,                            24,                       6,                       0.003813
30,                            24,                       6,                       0.003219
30,                            24,                       6,                       0.003313
30,                            24,                       6,                       0.003442
30,                            24,                       6,                       0.003052
30,                            24,                       6,                       0.003542
30,                            24,                       6,                       0.003381
30,                            24,                       6,                       0.003251
30,                            24,                       6,                       0.003399
30,                            24,                       6,                       0.003148
30,                            24,                       6,                       0.003187
30,                            24,                       6,                       0.003126
30,                            24,                       6,                       0.003127
30,                            24,                       6,                       0.00322
30,                            24,                       6,                       0.003227
30,                            24,                       6,                       0.003178
30,                            24,                       6,                       0.003418
30,                            24,                       6,                       0.003727
30,                            24,                       6,                       0.003148
30,                            24,                       6,                       0.003128
30,                            24,                       6,                       0.003208
30,                            24,                       6,                       0.003261
30,                            24,                       6,                       0.003162
30,                            24,                       6,                       0.003098
30,                            24,                       6,                       0.003131
30,                            24,                       6,                       0.003135
30,                            24,                       6,                       0.003169
30,                            24,                       6,                       0.003135
30,                            24,                       6,                       0.003261
30,                            24,                       6,                       0.003571
30,                            24,                       6,                       0.003586
30,                            24,                       6,                       0.003165
30,                            24,                       6,                       0.003089
30,                            24,                       6,                       0.003394
30,                            24,                       6,                       0.003177
30,                            24,                       6,                       0.003087
30,                            24,                       6,                       0.003155
30,                            24,                       6,                       0.003086
30,                            24,                       6,                       0.003693
30,                            24,                       6,                       0.003189
30,                            24,                       6,                       0.00322
30,                            24,                       6,                       0.003187
30,                            24,                       6,                       0.003576
30,                            24,                       6,                       0.003584
30,                            24,                       6,                       0.003269
30,                            24,                       6,                       0.00313
30,                            24,                       6,                       0.003173
30,                            24,                       6,                       0.003203
30,                            24,                       6,                       0.003097
30,                            24,                       6,                       0.003226
30,                            24,                       6,                       0.003744
30,                            24,                       6,                       0.003163
30,                            24,                       6,                       0.003078
30,                            24,                       6,                       0.003153
30,                            24,                       6,                       0.003348
30,                            24,                       6,                       0.003142
30,                            24,                       6,                       0.003271
30,                            24,                       6,                       0.003688
30,                            24,                       6,                       0.003254
30,                            24,                       6,                       0.00326
30,                            24,                       6,                       0.003152
30,                            24,                       6,                       0.003356
30,                            24,                       6,                       0.003528
30,                            24,                       6,                       0.003217
30,                            24,                       6,                       0.003353
30,                            24,                       6,                       0.003198
30,                            24,                       6,                       0.003151
30,                            24,                       6,                       0.003129
30,                            24,                       6,                       0.003199
30,                            24,                       6,                       0.003269
30,                            24,                       6,                       0.00373
30,                            24,                       6,                       0.003071
30,                            24,                       6,                       0.003305
30,                            24,                       6,                       0.003244
30,                            24,                       6,                       0.003305
30,                            24,                       6,                       0.003108
30,                            24,                       6,                       0.003087
30,                            24,                       6,                       0.003128
30,                            24,                       6,                       0.003228
30,                            24,                       6,                       0.003175
30,                            24,                       6,                       0.003218
30,                            24,                       6,                       0.003239
30,                            24,                       6,                       0.003291
30,                            24,                       6,                       0.003072
30,                            24,                       6,                       0.003285
30,                            24,                       6,                       0.003247
30,                            24,                       6,                       0.003196
30,                            24,                       6,                       0.003675
30,                            24,                       6,                       0.00321
30,                            24,                       6,                       0.003563
30,                            24,                       6,                       0.003282
30,                            24,                       6,                       0.003207
30,                            24,                       6,                       0.003534
30,                            24,                       6,                       0.003583
30,                            24,                       6,                       0.003121
30,                            24,                       6,                       0.003183
30,                            24,                       6,                       0.003173
30,                            24,                       6,                       0.003537
30,                            24,                       6,                       0.003155
30,                            24,                       6,                       0.003137
30,                            24,                       6,                       0.003202
30,                            24,                       6,                       0.003185
30,                            24,                       6,                       0.00316
30,                            24,                       6,                       0.003591
30,                            24,                       6,                       0.003189
30,                            24,                       6,                       0.003633
30,                            24,                       6,                       0.00306
