COMMENT : The search result by Simulated-Annealing for Cauchy_Good Fri Jan 26 18:35:46 2018

tech : Cauchy_Good
algorithm : Simulated-Annealing
k : 4
m : 3
w : 8
failed_disk_id : 0
conventional_symbol_number    optimized_symbol_number    reduced_symbol_number    time
32,                            25,                       7,                       0.060585
32,                            24,                       8,                       0.058239
32,                            24,                       8,                       0.057029
32,                            24,                       8,                       0.058234
32,                            24,                       8,                       0.058402
32,                            24,                       8,                       0.05709
32,                            26,                       6,                       0.061703
32,                            24,                       8,                       0.056028
32,                            24,                       8,                       0.062066
32,                            25,                       7,                       0.0546
32,                            24,                       8,                       0.057143
32,                            24,                       8,                       0.058717
32,                            24,                       8,                       0.059809
32,                            25,                       7,                       0.070249
32,                            25,                       7,                       0.058948
32,                            24,                       8,                       0.057669
32,                            24,                       8,                       0.05696
32,                            24,                       8,                       0.057029
32,                            24,                       8,                       0.062944
32,                            24,                       8,                       0.061928
32,                            25,                       7,                       0.06183
32,                            24,                       8,                       0.059378
32,                            25,                       7,                       0.080144
32,                            24,                       8,                       0.056139
32,                            24,                       8,                       0.056216
32,                            24,                       8,                       0.054034
32,                            24,                       8,                       0.055516
32,                            25,                       7,                       0.052878
32,                            24,                       8,                       0.057005
32,                            24,                       8,                       0.053777
32,                            24,                       8,                       0.05804
32,                            24,                       8,                       0.05505
32,                            24,                       8,                       0.058392
32,                            25,                       7,                       0.054121
32,                            25,                       7,                       0.053694
32,                            25,                       7,                       0.054533
32,                            25,                       7,                       0.058765
32,                            24,                       8,                       0.056584
32,                            25,                       7,                       0.072236
32,                            24,                       8,                       0.057323
32,                            25,                       7,                       0.055521
32,                            24,                       8,                       0.054051
32,                            24,                       8,                       0.059842
32,                            24,                       8,                       0.055262
32,                            24,                       8,                       0.057267
32,                            25,                       7,                       0.052526
32,                            24,                       8,                       0.056757
32,                            24,                       8,                       0.053748
32,                            24,                       8,                       0.055995
32,                            24,                       8,                       0.065368
32,                            25,                       7,                       0.074734
32,                            24,                       8,                       0.05693
32,                            24,                       8,                       0.056425
32,                            24,                       8,                       0.055173
32,                            24,                       8,                       0.055492
32,                            25,                       7,                       0.054529
32,                            24,                       8,                       0.056081
32,                            24,                       8,                       0.054832
32,                            24,                       8,                       0.05745
32,                            24,                       8,                       0.056025
32,                            24,                       8,                       0.056235
32,                            24,                       8,                       0.053758
32,                            24,                       8,                       0.060066
32,                            25,                       7,                       0.057032
32,                            25,                       7,                       0.058703
32,                            25,                       7,                       0.071519
32,                            25,                       7,                       0.058933
32,                            24,                       8,                       0.055419
32,                            25,                       7,                       0.052824
32,                            24,                       8,                       0.053898
32,                            25,                       7,                       0.05511
32,                            24,                       8,                       0.058103
32,                            24,                       8,                       0.0552
32,                            25,                       7,                       0.053198
32,                            25,                       7,                       0.057051
32,                            25,                       7,                       0.054698
32,                            25,                       7,                       0.058781
32,                            25,                       7,                       0.068667
32,                            24,                       8,                       0.059319
32,                            24,                       8,                       0.059612
32,                            25,                       7,                       0.061488
32,                            24,                       8,                       0.05643
32,                            25,                       7,                       0.080799
32,                            25,                       7,                       0.07067
32,                            24,                       8,                       0.06138
32,                            24,                       8,                       0.054635
32,                            24,                       8,                       0.052583
32,                            25,                       7,                       0.055693
32,                            24,                       8,                       0.054893
32,                            24,                       8,                       0.062247
32,                            24,                       8,                       0.05742
32,                            25,                       7,                       0.05768
32,                            24,                       8,                       0.055744
32,                            24,                       8,                       0.056051
32,                            24,                       8,                       0.069645
32,                            24,                       8,                       0.055466
32,                            25,                       7,                       0.058254
32,                            24,                       8,                       0.054688
32,                            24,                       8,                       0.055797
32,                            25,                       7,                       0.059755
32,                            24,                       8,                       0.057413
32,                            25,                       7,                       0.055482
32,                            25,                       7,                       0.059548
32,                            24,                       8,                       0.055931
32,                            24,                       8,                       0.055648
32,                            24,                       8,                       0.056026
32,                            25,                       7,                       0.058776
32,                            25,                       7,                       0.054221
32,                            24,                       8,                       0.057738
32,                            24,                       8,                       0.056026
32,                            24,                       8,                       0.05723
32,                            24,                       8,                       0.059888
32,                            24,                       8,                       0.054806
32,                            24,                       8,                       0.055387
32,                            24,                       8,                       0.05662
32,                            24,                       8,                       0.056625
32,                            24,                       8,                       0.05515
32,                            24,                       8,                       0.057838
32,                            24,                       8,                       0.057267
32,                            25,                       7,                       0.055542
32,                            24,                       8,                       0.058565
32,                            25,                       7,                       0.057068
32,                            25,                       7,                       0.057569
32,                            24,                       8,                       0.055348
32,                            25,                       7,                       0.05632
32,                            24,                       8,                       0.055652
32,                            24,                       8,                       0.05515
32,                            24,                       8,                       0.055362
32,                            25,                       7,                       0.060553
32,                            24,                       8,                       0.05587
32,                            24,                       8,                       0.05442
32,                            24,                       8,                       0.057479
32,                            25,                       7,                       0.054464
32,                            24,                       8,                       0.055042
32,                            25,                       7,                       0.052905
32,                            24,                       8,                       0.05571
32,                            24,                       8,                       0.056213
32,                            24,                       8,                       0.056515
32,                            24,                       8,                       0.05791
32,                            24,                       8,                       0.05618
32,                            24,                       8,                       0.055201
32,                            24,                       8,                       0.05515
32,                            24,                       8,                       0.056748
32,                            24,                       8,                       0.054539
32,                            24,                       8,                       0.055066
32,                            24,                       8,                       0.057084
32,                            25,                       7,                       0.061057
32,                            24,                       8,                       0.055063
32,                            24,                       8,                       0.056261
32,                            25,                       7,                       0.068482
32,                            24,                       8,                       0.055751
32,                            24,                       8,                       0.056421
32,                            24,                       8,                       0.05458
32,                            25,                       7,                       0.054727
32,                            25,                       7,                       0.055826
32,                            25,                       7,                       0.059103
32,                            25,                       7,                       0.056912
32,                            24,                       8,                       0.057445
32,                            24,                       8,                       0.055983
32,                            25,                       7,                       0.053297
32,                            25,                       7,                       0.055491
32,                            24,                       8,                       0.056573
32,                            24,                       8,                       0.056619
32,                            24,                       8,                       0.055318
32,                            24,                       8,                       0.05878
32,                            24,                       8,                       0.057272
32,                            24,                       8,                       0.056737
32,                            24,                       8,                       0.054754
32,                            25,                       7,                       0.05325
32,                            24,                       8,                       0.058138
32,                            24,                       8,                       0.055169
32,                            24,                       8,                       0.056001
32,                            24,                       8,                       0.054706
32,                            25,                       7,                       0.055545
32,                            25,                       7,                       0.053082
32,                            24,                       8,                       0.055348
32,                            24,                       8,                       0.057349
32,                            24,                       8,                       0.057692
32,                            24,                       8,                       0.055925
32,                            24,                       8,                       0.054798
32,                            25,                       7,                       0.058485
32,                            24,                       8,                       0.056333
32,                            24,                       8,                       0.059167
32,                            24,                       8,                       0.054462
32,                            25,                       7,                       0.076367
32,                            24,                       8,                       0.053747
32,                            25,                       7,                       0.05601
32,                            24,                       8,                       0.0562
32,                            24,                       8,                       0.055535
32,                            25,                       7,                       0.053874
32,                            24,                       8,                       0.058308
32,                            25,                       7,                       0.056899
32,                            25,                       7,                       0.054919
32,                            25,                       7,                       0.054139
32,                            24,                       8,                       0.055632
32,                            24,                       8,                       0.053406
32,                            25,                       7,                       0.055006
32,                            24,                       8,                       0.056864
32,                            24,                       8,                       0.054748
32,                            25,                       7,                       0.067632
32,                            24,                       8,                       0.057295
32,                            25,                       7,                       0.078934
32,                            24,                       8,                       0.055733
32,                            24,                       8,                       0.056078
32,                            25,                       7,                       0.054202
32,                            25,                       7,                       0.056339
32,                            24,                       8,                       0.054677
32,                            24,                       8,                       0.05728
32,                            24,                       8,                       0.055245
32,                            24,                       8,                       0.055316
32,                            24,                       8,                       0.056594
32,                            24,                       8,                       0.057133
32,                            24,                       8,                       0.059726
32,                            24,                       8,                       0.055246
32,                            25,                       7,                       0.075594
32,                            25,                       7,                       0.058925
32,                            25,                       7,                       0.056557
32,                            25,                       7,                       0.061358
32,                            25,                       7,                       0.055549
32,                            24,                       8,                       0.056385
32,                            25,                       7,                       0.05817
32,                            24,                       8,                       0.05812
32,                            24,                       8,                       0.056967
32,                            24,                       8,                       0.056341
32,                            24,                       8,                       0.057868
32,                            24,                       8,                       0.055849
32,                            24,                       8,                       0.06142
32,                            25,                       7,                       0.055486
32,                            24,                       8,                       0.054965
32,                            24,                       8,                       0.055218
32,                            24,                       8,                       0.055536
32,                            24,                       8,                       0.059151
32,                            25,                       7,                       0.058433
32,                            25,                       7,                       0.056235
32,                            25,                       7,                       0.054321
32,                            25,                       7,                       0.057197
32,                            24,                       8,                       0.057845
32,                            25,                       7,                       0.058529
32,                            24,                       8,                       0.055032
32,                            24,                       8,                       0.055955
32,                            24,                       8,                       0.056977
32,                            25,                       7,                       0.055299
32,                            25,                       7,                       0.05948
32,                            25,                       7,                       0.056384
32,                            24,                       8,                       0.056293
32,                            24,                       8,                       0.055894
32,                            25,                       7,                       0.052355
32,                            25,                       7,                       0.058435
32,                            24,                       8,                       0.055541
32,                            24,                       8,                       0.056886
32,                            25,                       7,                       0.060408
32,                            25,                       7,                       0.055993
32,                            24,                       8,                       0.056119
32,                            24,                       8,                       0.056736
32,                            24,                       8,                       0.055022
32,                            25,                       7,                       0.055371
32,                            25,                       7,                       0.058272
32,                            25,                       7,                       0.05812
32,                            24,                       8,                       0.05454
32,                            24,                       8,                       0.055457
32,                            24,                       8,                       0.057448
32,                            24,                       8,                       0.054668
32,                            24,                       8,                       0.054555
32,                            24,                       8,                       0.059595
32,                            24,                       8,                       0.05719
32,                            24,                       8,                       0.056327
32,                            25,                       7,                       0.052932
32,                            24,                       8,                       0.055258
32,                            24,                       8,                       0.055217
32,                            25,                       7,                       0.055594
32,                            25,                       7,                       0.05563
32,                            24,                       8,                       0.057244
32,                            25,                       7,                       0.054901
32,                            24,                       8,                       0.059167
32,                            24,                       8,                       0.056739
32,                            25,                       7,                       0.058479
32,                            24,                       8,                       0.053507
32,                            24,                       8,                       0.055091
32,                            25,                       7,                       0.062517
32,                            25,                       7,                       0.053842
32,                            24,                       8,                       0.056797
32,                            24,                       8,                       0.055106
32,                            24,                       8,                       0.063916
32,                            24,                       8,                       0.054813
32,                            24,                       8,                       0.057135
32,                            25,                       7,                       0.072895
32,                            25,                       7,                       0.060005
32,                            24,                       8,                       0.057702
32,                            25,                       7,                       0.0582
32,                            25,                       7,                       0.060119
32,                            25,                       7,                       0.057632
32,                            24,                       8,                       0.056722
32,                            24,                       8,                       0.056389
32,                            24,                       8,                       0.057539
32,                            24,                       8,                       0.055742
32,                            24,                       8,                       0.05705
32,                            25,                       7,                       0.055738
32,                            25,                       7,                       0.054615
32,                            25,                       7,                       0.057845
32,                            24,                       8,                       0.055565
