COMMENT : The search result by Simulated-Annealing for Liber8tion Wed Jan 24 22:26:56 2018

tech : Liber8tion
algorithm : Simulated-Annealing
k : 6
m : 2
w : 8
failed_disk_id : 0
conventional_symbol_number    optimized_symbol_number    reduced_symbol_number    time
48,                            34,                       14,                       1.13
48,                            34,                       14,                       0.68
48,                            34,                       14,                       0.6
48,                            34,                       14,                       0.6
48,                            34,                       14,                       0.67
48,                            34,                       14,                       1.94
48,                            34,                       14,                       0.61
48,                            34,                       14,                       1.27
48,                            34,                       14,                       1
48,                            34,                       14,                       0.61
48,                            34,                       14,                       0.61
48,                            34,                       14,                       0.55
48,                            34,                       14,                       0.54
48,                            34,                       14,                       0.53
48,                            34,                       14,                       0.59
48,                            34,                       14,                       1.13
48,                            34,                       14,                       0.53
48,                            34,                       14,                       1
48,                            34,                       14,                       0.8
48,                            34,                       14,                       0.54
48,                            34,                       14,                       0.53
48,                            34,                       14,                       1.06
48,                            34,                       14,                       1.01
48,                            34,                       14,                       0.54
48,                            34,                       14,                       0.55
48,                            34,                       14,                       0.93
48,                            34,                       14,                       0.53
48,                            34,                       14,                       1
48,                            34,                       14,                       0.54
48,                            34,                       14,                       1.21
48,                            34,                       14,                       0.54
48,                            34,                       14,                       0.54
48,                            34,                       14,                       0.66
48,                            34,                       14,                       0.75
48,                            34,                       14,                       0.73
48,                            34,                       14,                       0.66
48,                            34,                       14,                       0.66
48,                            34,                       14,                       0.54
48,                            34,                       14,                       1.07
48,                            34,                       14,                       0.62
48,                            34,                       14,                       0.95
48,                            34,                       14,                       0.6
48,                            34,                       14,                       0.6
48,                            34,                       14,                       0.67
48,                            34,                       14,                       0.6
48,                            34,                       14,                       0.62
48,                            34,                       14,                       0.94
48,                            34,                       14,                       0.8
48,                            34,                       14,                       1
48,                            34,                       14,                       0.67
48,                            34,                       14,                       1.28
48,                            34,                       14,                       0.66
48,                            34,                       14,                       0.8
48,                            34,                       14,                       0.94
48,                            34,                       14,                       0.94
48,                            34,                       14,                       0.6
48,                            34,                       14,                       0.53
48,                            34,                       14,                       0.68
48,                            34,                       14,                       0.68
48,                            34,                       14,                       1.2
48,                            34,                       14,                       0.6
48,                            34,                       14,                       0.6
48,                            34,                       14,                       1.07
48,                            34,                       14,                       0.88
48,                            34,                       14,                       0.8
48,                            34,                       14,                       0.68
48,                            34,                       14,                       0.81
48,                            34,                       14,                       1.28
48,                            34,                       14,                       1.07
48,                            34,                       14,                       1.35
48,                            34,                       14,                       0.74
48,                            34,                       14,                       1.28
48,                            34,                       14,                       0.68
48,                            34,                       14,                       1.74
48,                            34,                       14,                       0.48
48,                            34,                       14,                       1.75
48,                            34,                       14,                       1
48,                            34,                       14,                       1.13
48,                            34,                       14,                       0.73
48,                            34,                       14,                       0.61
48,                            34,                       14,                       0.61
48,                            34,                       14,                       0.68
48,                            34,                       14,                       0.54
48,                            34,                       14,                       1.53
48,                            34,                       14,                       1.01
48,                            34,                       14,                       1.15
48,                            34,                       14,                       1.93
48,                            34,                       14,                       0.54
48,                            34,                       14,                       0.53
48,                            34,                       14,                       2.06
48,                            34,                       14,                       0.81
48,                            34,                       14,                       1.22
48,                            34,                       14,                       1.01
48,                            34,                       14,                       0.74
48,                            34,                       14,                       1.01
48,                            34,                       14,                       1.66
48,                            34,                       14,                       0.59
48,                            34,                       14,                       0.61
48,                            34,                       14,                       0.99
48,                            34,                       14,                       0.67
