COMMENT : The search result by Simulated-Annealing for Liber8tion Wed Jan 24 22:28:22 2018

tech : Liber8tion
algorithm : Simulated-Annealing
k : 7
m : 2
w : 8
failed_disk_id : 0
conventional_symbol_number    optimized_symbol_number    reduced_symbol_number    time
56,                            41,                       15,                       0.8
56,                            41,                       15,                       1.28
56,                            41,                       15,                       0.97
56,                            41,                       15,                       0.63
56,                            41,                       15,                       0.64
56,                            41,                       15,                       0.71
56,                            41,                       15,                       1.82
56,                            41,                       15,                       1.74
56,                            41,                       15,                       1.04
56,                            41,                       15,                       0.71
56,                            41,                       15,                       0.95
56,                            41,                       15,                       0.71
56,                            41,                       15,                       0.79
56,                            41,                       15,                       0.8
56,                            41,                       15,                       1.03
56,                            41,                       15,                       0.71
56,                            41,                       15,                       0.72
56,                            41,                       15,                       0.72
56,                            41,                       15,                       1.12
56,                            41,                       15,                       0.79
56,                            41,                       15,                       0.8
56,                            41,                       15,                       1.67
56,                            41,                       15,                       1.11
56,                            41,                       15,                       0.88
56,                            41,                       15,                       0.79
56,                            41,                       15,                       0.71
56,                            41,                       15,                       1.12
56,                            41,                       15,                       0.72
56,                            41,                       15,                       0.73
56,                            41,                       15,                       1.2
56,                            41,                       15,                       1.03
56,                            41,                       15,                       1.03
56,                            41,                       15,                       1.03
56,                            41,                       15,                       1.03
56,                            41,                       15,                       1.6
56,                            41,                       15,                       1.66
56,                            41,                       15,                       0.79
56,                            41,                       15,                       0.79
56,                            41,                       15,                       0.79
56,                            41,                       15,                       0.95
56,                            41,                       15,                       0.79
56,                            41,                       15,                       1.11
56,                            41,                       15,                       0.79
56,                            41,                       15,                       0.71
56,                            41,                       15,                       0.71
56,                            41,                       15,                       1.19
56,                            41,                       15,                       1.12
56,                            41,                       15,                       0.96
56,                            41,                       15,                       0.87
56,                            41,                       15,                       0.71
56,                            41,                       15,                       0.87
56,                            41,                       15,                       0.8
56,                            41,                       15,                       0.72
56,                            41,                       15,                       0.71
56,                            41,                       15,                       1.28
56,                            41,                       15,                       0.72
56,                            41,                       15,                       1.03
56,                            41,                       15,                       1.12
56,                            41,                       15,                       0.72
56,                            41,                       15,                       1.18
56,                            41,                       15,                       1.1
56,                            41,                       15,                       0.95
56,                            41,                       15,                       1.99
56,                            41,                       15,                       1.13
56,                            41,                       15,                       0.96
56,                            41,                       15,                       0.96
56,                            41,                       15,                       0.8
56,                            41,                       15,                       1.19
56,                            41,                       15,                       0.87
56,                            41,                       15,                       1.75
56,                            41,                       15,                       0.72
56,                            41,                       15,                       0.87
56,                            41,                       15,                       0.71
56,                            41,                       15,                       0.87
56,                            41,                       15,                       1.2
56,                            41,                       15,                       0.8
56,                            41,                       15,                       0.95
56,                            41,                       15,                       1.11
56,                            41,                       15,                       1.91
56,                            41,                       15,                       0.63
56,                            41,                       15,                       0.8
56,                            41,                       15,                       0.8
56,                            41,                       15,                       0.79
56,                            41,                       15,                       1.34
56,                            41,                       15,                       1.04
56,                            41,                       15,                       0.88
56,                            41,                       15,                       0.71
56,                            41,                       15,                       0.96
56,                            41,                       15,                       0.71
56,                            41,                       15,                       0.72
56,                            41,                       15,                       0.72
56,                            41,                       15,                       0.72
56,                            41,                       15,                       0.95
56,                            41,                       15,                       0.71
56,                            41,                       15,                       0.89
56,                            41,                       15,                       0.73
56,                            41,                       15,                       0.96
56,                            41,                       15,                       0.88
56,                            41,                       15,                       0.79
56,                            41,                       15,                       1.2
